ts,x,y,yaw,x_des,y_des,yaw_des,v_ff,w_ff,v_actual,w_actual,omega_l_cmd,omega_r_cmd,omega_l_meas,omega_r_meas,duty_l,duty_r,x_err,y_err,yaw_err,x_raw,y_raw,yaw_raw,acc_x,acc_y,acc_z,gyro_x,gyro_y,gyro_z
254419,,,,,,,,,-0.000000,0.000000,,,0.000000,0.000000,0.000000,0.000000,,,,,,,,,,,,
254429,,,,,,,,,-0.000000,0.000000,,,0.000000,0.000000,0.000000,0.000000,,,,,,,,,,,,
254438,,,,,,,,,-0.000000,0.000000,,,0.000000,0.000000,0.000000,0.000000,,,,0.024453,-0.990272,1.931656,,,,,,
254448,,,,,,,,,-0.000000,0.000000,,,0.000000,0.000000,0.000000,0.000000,,,,0.024471,-0.990279,1.931656,,,,,,
254458,,,,,,,,,-0.000000,0.000000,,,0.000000,0.000000,0.000000,0.000000,,,,0.024481,-0.990286,1.931655,,,,,,
254466,0.024481,-0.990286,1.931655,0.000000,-0.999996,1.565612,0.000034,-0.003466,,,-0.112560,-0.131540,,,,,-0.000441,0.026333,-0.366043,,,,,,,,,
254469,,,,,,,,,-0.000000,0.000000,,,0.000000,0.000000,-0.001148,-0.001342,,,,0.024452,-0.990278,1.931656,,,,,,
254478,,,,,,,,,,,,,,,,,,,,0.024450,-0.990275,1.931656,,,,,,
254484,,,,,,,,,-0.000000,0.000000,,,0.000000,0.000000,-0.001171,-0.001368,,,,,,,,,,,,
254488,,,,,,,,,-0.000000,0.000000,,,0.000000,0.000000,-0.001193,-0.001394,,,,0.024468,-0.990280,1.931656,,,,,,
254499,,,,,,,,,-0.000000,0.000000,,,0.000000,0.000000,-0.001216,-0.001421,,,,0.024452,-0.990279,1.931656,,,,,,
254508,,,,,,,,,-0.000000,0.000000,,,0.000000,0.000000,-0.001238,-0.001447,,,,0.024470,-0.990281,1.931656,,,,,,
254516,0.024471,-0.990281,1.931656,0.000000,-0.999985,1.555486,0.000134,-0.083539,,,0.105720,-0.336901,,,,,-0.000439,0.026321,-0.376170,0.024460,-0.990282,1.931656,,,,,,
254519,,,,,,,,,-0.000000,0.000000,,,0.000000,0.000000,0.000966,-0.003568,,,,,,,,,,,,
254529,,,,,,,,,-0.000000,0.000000,,,0.000000,0.000000,0.000987,-0.003635,,,,0.024484,-0.990295,1.931656,,,,,,
254538,,,,,,,,,,,,,,,,,,,,0.024486,-0.990302,1.931671,,,,,,
254543,,,,,,,,,-0.000000,0.000000,,,0.000000,0.000000,0.001008,-0.003703,,,,,,,,,,,,
254548,,,,,,,,,-0.000000,0.000000,,,0.000000,0.000000,0.001029,-0.003770,,,,0.024475,-0.990301,1.931671,,,,,,
254558,,,,,,,,,-0.000000,0.000000,,,0.000000,0.000000,0.001050,-0.003837,,,,0.024470,-0.990299,1.931656,,,,,,
254566,0.024470,-0.990298,1.931656,0.000001,-0.999965,1.536440,0.000298,-0.255090,,,0.577916,-0.771493,,,,,-0.000405,0.026306,-0.395215,,,,,,,,,
254569,,,,,,,,,-0.000000,0.000000,,,0.000000,0.000000,0.005888,-0.008338,,,,0.024473,-0.990299,1.931656,,,,,,
254578,,,,,,,,,-0.000000,0.000000,,,0.000000,0.000000,0.006003,-0.008492,,,,0.024482,-0.990299,1.931656,,,,,,
254588,,,,,,,,,-0.000000,0.000000,,,0.000000,0.000000,0.006119,-0.008646,,,,0.024490,-0.990299,1.931656,,,,,,
254598,,,,,,,,,,,,,,,,,,,,0.024491,-0.990295,1.931656,,,,,,
254603,,,,,,,,,-0.000000,0.000000,,,0.000000,0.000000,0.006235,-0.008801,,,,,,,,,,,,
254608,,,,,,,,,-0.000000,0.000000,,,0.000000,0.000000,0.006350,-0.008955,,,,0.024485,-0.990298,1.931656,,,,,,
254616,0.024483,-0.990298,1.931656,0.000002,-0.999931,1.506435,0.000528,-0.468090,,,1.164708,-1.311931,,,,,-0.000369,0.026306,-0.425221,0.024474,-0.990299,1.931656,,,,,,
254619,,,,,,,,,-0.000000,0.000000,,,0.000000,0.000000,0.012451,-0.014622,,,,,,,,,,,,
254628,,,,,,,,,-0.000000,0.000000,,,0.000000,0.000000,0.012684,-0.014884,,,,0.024469,-0.990302,1.931656,,,,,,
254638,,,,,,,,,,,,,,,,,,,,0.024476,-0.990300,1.931656,,,,,,
254644,,,,,,,,,-0.000000,0.000000,,,0.000000,0.000000,0.012917,-0.015146,,,,,,,,,,,,
254648,,,,,,,,,-0.000000,0.000000,,,0.000000,0.000000,0.013150,-0.015409,,,,0.024484,-0.990296,1.931656,,,,,,
254658,,,,,,,,,-0.000000,0.000000,,,0.000000,0.000000,0.013383,-0.015671,,,,0.024490,-0.990296,1.931656,,,,,,
254666,0.024489,-0.990297,1.931656,0.000007,-0.999880,1.464226,0.000829,-0.709204,,,1.833233,-1.921854,,,,,-0.000322,0.026289,-0.467430,0.024495,-0.990295,1.931656,,,,,,
254669,,,,,,,,,-0.000000,0.000000,,,0.000000,0.000000,0.020435,-0.022155,,,,,,,,,,,,
254679,,,,,,,,,-0.000000,0.000000,,,0.000000,0.000000,0.020801,-0.022539,,,,0.024487,-0.990298,1.931656,,,,,,
254688,,,,,,,,,-0.000000,0.000000,,,0.000000,0.000000,0.021168,-0.022924,,,,0.024475,-0.990294,1.931656,,,,,,
254698,,,,,,,,,,,,,,,,,,,,0.024473,-0.990294,1.931656,,,,,,
254704,,,,,,,,,-0.000000,0.000000,,,0.000000,0.000000,0.021535,-0.023308,,,,,,,,,,,,
254708,,,,,,,,,-0.000000,0.000000,,,0.000000,0.000000,0.021901,-0.023692,,,,0.024473,-0.990298,1.931656,,,,,,
254716,0.024475,-0.990298,1.931656,0.000016,-0.999808,1.409546,0.001216,-0.963260,,,2.545462,-2.560982,,,,,-0.000262,0.026241,-0.522110,0.024482,-0.990298,1.931656,,,,,,
254719,,,,,,,,,-0.000000,0.000000,,,0.000000,0.000000,0.029533,-0.030596,,,,,,,,,,,,
254728,,,,,,,,,-0.000000,0.000000,,,0.000000,0.000000,0.030042,-0.031108,,,,0.024486,-0.990296,1.931656,,,,,,
254738,,,,,,,,,-0.000000,0.000000,,,0.000000,0.000000,0.030551,-0.031620,,,,0.024487,-0.990296,1.931656,,,,,,
254748,,,,,,,,,-0.000000,0.000000,,,0.000000,0.000000,0.031060,-0.032132,,,,0.024482,-0.990300,1.931656,,,,,,
254758,,,,,,,,,,,,,,,,,,,,0.024479,-0.990297,1.931656,,,,,,
254763,,,,,,,,,-0.000000,0.000000,,,0.000000,0.000000,0.031569,-0.032645,,,,,,,,,,,,
254766,0.024479,-0.990297,1.931656,0.000036,-0.999710,1.343222,0.001709,-1.210521,,,3.253734,-3.175123,,,,,-0.000176,0.026192,-0.588434,0.024482,-0.990297,1.931655,,,,,,
254769,,,,,,,,,-0.000000,0.000000,,,0.000000,0.000000,0.039303,-0.039421,,,,,,,,,,,,
254778,,,,,,,,,-0.000000,0.000000,,,0.000000,0.000000,0.039953,-0.040056,,,,0.024480,-0.990299,1.931656,,,,,,
254788,,,,,,,,,-0.000000,0.000000,,,0.000000,0.000000,0.040604,-0.040691,,,,0.024481,-0.990296,1.931656,,,,,,
254798,,,,,,,,,,,,,,,,,,,,0.024486,-0.990294,1.931656,,,,,,
254803,,,,,,,,,-0.000000,0.000000,,,0.000000,0.000000,0.041255,-0.041326,,,,,,,,,,,,
254808,,,,,,,,,-0.000000,0.000000,,,0.000000,0.000000,0.041906,-0.041961,,,,0.024484,-0.990293,1.931656,,,,,,
254816,0.024483,-0.990294,1.931656,0.000072,-0.999578,1.267179,0.002340,-1.429231,,,3.901481,-3.709040,,,,,-0.000067,0.026117,-0.664477,0.024487,-0.990294,1.931656,,,,,,
254819,,,,,,,,,-0.000000,0.000000,,,0.000000,0.000000,0.049163,-0.048042,,,,,,,,,,,,
254828,,,,,,,,,-0.000000,0.000000,,,0.000000,0.000000,0.049944,-0.048784,,,,0.024481,-0.990295,1.931656,,,,,,
254839,,,,,,,,,-0.000000,0.000000,,,0.000000,0.000000,0.050724,-0.049526,,,,0.024477,-0.990301,1.931656,,,,,,
254848,,,,,,,,,-0.000000,0.000000,,,0.000000,0.000000,0.051504,-0.050267,,,,0.024480,-0.990300,1.931656,,,,,,
254858,,,,,,,,,,,,,,,,,,,,0.024476,-0.990301,1.931656,,,,,,
254863,,,,,,,,,-0.000000,0.000000,,,0.000000,0.000000,0.052285,-0.051009,,,,,,,,,,,,
254866,0.024477,-0.990300,1.931656,0.000134,-0.999406,1.184303,0.003156,-1.598576,,,4.438603,-4.106778,,,,,0.000075,0.025990,-0.747353,,,,,,,,,
254869,,,,,,,,,-0.000000,0.000000,,,0.000000,0.000000,0.058543,-0.055808,,,,0.024476,-0.990297,1.931656,,,,,,
254878,,,,,,,,,-0.000000,0.000000,,,0.000000,0.000000,0.059431,-0.056629,,,,0.024480,-0.990294,1.931671,,,,,,
254888,,,,,,,,,-0.000000,0.000000,,,0.000000,0.000000,0.060319,-0.057451,,,,0.024490,-0.990297,1.931656,,,,,,
254898,,,,,,,,,-0.027467,-0.652434,,,0.000000,-0.544543,0.061207,-0.052718,,,,0.024501,-0.990302,1.931655,,,,,,
254908,,,,,,,,,-0.000000,0.000000,,,0.000000,-0.458179,0.062094,-0.054311,,,,0.024467,-0.990298,1.931656,,,,,,
254916,0.024468,-0.990298,1.931656,0.000236,-0.999184,1.098155,0.004220,-1.701890,,,4.820406,-4.329632,,,,,0.000242,0.025808,-0.833500,,,,,,,,,
254919,,,,,,,,,,,,,,,,,,,,0.024496,-0.990299,1.931655,,,,,,
254924,,,,,,,,,-0.027467,-0.652434,,,0.000000,-0.930055,0.066876,-0.052501,,,,,,,,,,,,
254928,,,,,,,,,-0.000000,0.000000,,,0.000000,-0.782548,0.067841,-0.054685,,,,0.024501,-0.990360,1.928288,,,,,,
254938,,,,,,,,,-0.027467,-0.652434,,,0.000000,-1.202979,0.068805,-0.051106,,,,0.024475,-0.990426,1.928288,,,,,,
254948,,,,,,,,,-0.000000,0.000000,,,0.000000,-1.012186,0.069769,-0.053678,,,,0.024508,-0.990572,1.921545,,,,,,
254958,,,,,,,,,,,,,,,,,,,,0.024579,-0.990757,1.921544,,,,,,
254964,0.024570,-0.990718,1.922392,,,,,,-0.000000,0.000000,,,0.000000,-0.851653,0.070733,-0.055979,,,,,,,,,,,,
254967,,,,0.000397,-0.998902,1.012557,0.005618,-1.729630,,,5.084964,-4.292750,0.000000,-0.716581,0.074395,-0.057676,0.000642,0.025513,-0.909835,0.024666,-0.990959,1.918180,,,,,,
254970,,,,,,,,,-0.000000,0.000000,,,,,,,,,,,,,,,,,,
254978,,,,,,,,,-0.000000,0.000000,,,0.000000,-0.602931,0.075412,-0.059550,,,,0.024697,-0.991016,1.918180,,,,,,
254988,,,,,,,,,-0.000000,0.000000,,,0.000000,-0.507306,0.076429,-0.061264,,,,0.024649,-0.990943,1.918165,,,,,,
254998,,,,,,,,,-0.000000,0.000000,,,0.000000,-0.426847,0.077446,-0.062841,,,,0.024596,-0.990847,1.918165,,,,,,
255008,,,,,,,,,-0.000000,0.000000,,,0.000000,-0.359149,0.078463,-0.064305,,,,0.024594,-0.990796,1.921544,,,,,,
255016,0.024592,-0.990790,1.921615,0.000641,-0.998547,0.931143,0.007460,-1.681186,,,5.139430,-4.095857,,,,,0.000946,0.025158,-0.990472,0.024574,-0.990760,1.921561,,,,,,
255024,,,,,,,,,-0.000000,0.000000,,,0.000000,-0.302188,0.080036,-0.063664,,,,,,,,,,,,
255028,,,,,,,,,-0.000000,0.000000,,,0.000000,-0.254261,0.081064,-0.064912,,,,0.024603,-0.990806,1.921544,,,,,,
255038,,,,,,,,,-0.000000,0.000000,,,0.000000,-0.213935,0.082092,-0.066092,,,,0.024638,-0.990863,1.918180,,,,,,
255048,,,,,,,,,-0.000000,0.000000,,,0.000000,-0.180005,0.083120,-0.067214,,,,0.024636,-0.990876,1.918165,,,,,,
255058,,,,,,,,,-0.000000,0.000000,,,0.000000,-0.151456,0.084147,-0.068289,,,,0.024632,-0.990870,1.918180,,,,,,
255066,0.024629,-0.990863,1.918468,0.000998,-0.998103,0.856980,0.009881,-1.564603,,,5.036476,-3.734336,,,,,0.001244,0.024684,-1.061488,0.024618,-0.990855,1.918165,,,,,,
255069,,,,,,,,,-0.000000,0.000000,,,0.000000,-0.127435,0.084125,-0.065635,,,,,,,,,,,,
255079,,,,,,,,,,,,,,,,,,,,0.024618,-0.990867,1.918165,,,,,,
255084,,,,,,,,,-0.000000,0.000000,,,0.000000,-0.107224,0.085132,-0.066562,,,,,,,,,,,,
255088,,,,,,,,,-0.000000,0.000000,,,0.000000,-0.090218,0.086140,-0.067461,,,,0.024621,-0.990860,1.918165,,,,,,
255098,,,,,,,,,-0.000000,0.000000,,,0.000000,-0.075910,0.087147,-0.068336,,,,0.024630,-0.990871,1.918165,,,,,,
255108,,,,,,,,,-0.000000,0.000000,,,0.000000,-0.063870,0.088154,-0.069191,,,,0.024630,-0.990859,1.918165,,,,,,
255116,0.024630,-0.990859,1.918191,0.001508,-0.997555,0.792350,0.013040,-1.394065,,,4.828764,-3.240907,,,,,0.001576,0.024020,-1.125841,0.024632,-0.990861,1.918165,,,,,,
255124,,,,,,,,,-0.000000,0.000000,,,0.000000,-0.053741,0.087043,-0.064995,,,,,,,,,,,,
255128,,,,,,,,,-0.000000,0.000000,,,0.000000,-0.045217,0.088009,-0.065719,,,,0.024633,-0.990866,1.918165,,,,,,
255138,,,,,,,,,-0.000000,0.000000,,,0.000000,-0.038046,0.088974,-0.066432,,,,0.024627,-0.990864,1.918165,,,,,,
255148,,,,,,,,,-0.000000,0.000000,,,0.000000,-0.032012,0.089940,-0.067134,,,,0.024619,-0.990864,1.918165,,,,,,
255158,,,,,,,,,-0.000000,0.000000,,,0.000000,-0.026935,0.090906,-0.067827,,,,0.024623,-0.990864,1.918165,,,,,,
255166,0.024624,-0.990864,1.918167,0.002216,-0.996877,0.738720,0.017114,-1.186176,,,4.577549,-2.651249,,,,,0.001974,0.023116,-1.179447,,,,,,,,,
255169,,,,,,,,,-0.000000,0.000000,,,0.000000,-0.022663,0.089309,-0.062499,,,,0.024625,-0.990866,1.918165,,,,,,
255178,,,,,,,,,,,,,,,,,,,,0.024622,-0.990861,1.918165,,,,,,
255184,,,,,,,,,-0.000000,0.000000,,,0.000000,-0.019069,0.090225,-0.063062,,,,,,,,,,,,
255188,,,,,,,,,-0.000000,0.000000,,,0.000000,-0.016044,0.091140,-0.063619,,,,0.024624,-0.990860,1.918165,,,,,,
255198,,,,,,,,,-0.000000,0.000000,,,0.000000,-0.013500,0.092056,-0.064172,,,,0.024628,-0.990855,1.918165,,,,,,
255208,,,,,,,,,-0.000000,0.000000,,,0.000000,-0.011359,0.092971,-0.064721,,,,0.024627,-0.990862,1.918165,,,,,,
255216,0.024627,-0.990862,1.918165,0.003175,-0.996044,0.696859,0.022287,-0.956458,,,4.330678,-2.009587,,,,,0.002431,0.021935,-1.221306,0.024633,-0.990865,1.918165,,,,,,
255224,,,,,,,,,-0.000000,0.000000,,,0.000000,-0.009557,0.091369,-0.058723,,,,,,,,,,,,
255228,,,,,,,,,-0.000000,0.000000,,,0.000000,-0.008041,0.092235,-0.059138,,,,0.024625,-0.990868,1.918165,,,,,,
255238,,,,,,,,,-0.000000,0.000000,,,0.000000,-0.006766,0.093101,-0.059551,,,,0.024625,-0.990864,1.918165,,,,,,
255248,,,,,,,,,-0.000000,0.000000,,,0.000000,-0.005693,0.093967,-0.059963,,,,0.024629,-0.990865,1.918165,,,,,,
255258,,,,,,,,,-0.000000,0.000000,,,0.000000,-0.004790,0.094833,-0.060373,,,,0.024633,-0.990865,1.918165,,,,,,
255266,0.024632,-0.990864,1.918165,0.004440,-0.995020,0.667025,0.028741,-0.717152,,,4.138105,-1.340447,,,,,0.002967,0.020401,-1.251140,0.024627,-0.990864,1.918165,,,,,,
255269,,,,,,,,,-0.000000,0.000000,,,0.000000,-0.004030,0.093735,-0.053956,,,,,,,,,,,,
255278,,,,,,,,,,,,,,,,,,,,0.024634,-0.990865,1.918165,,,,,,
255284,,,,,,,,,-0.000000,0.000000,,,0.000000,-0.003391,0.094563,-0.054230,,,,,,,,,,,,
255288,,,,,,,,,-0.000000,0.000000,,,0.000000,-0.002853,0.095390,-0.054503,,,,0.024632,-0.990865,1.918165,,,,,,
255298,,,,,,,,,-0.000000,0.000000,,,0.000000,-0.002401,0.096218,-0.054775,,,,0.024631,-0.990868,1.918165,,,,,,
255308,,,,,,,,,-0.000000,0.000000,,,0.000000,-0.002020,0.097046,-0.055047,,,,0.024630,-0.990867,1.918165,,,,,,
255316,0.024630,-0.990866,1.918165,0.006073,-0.993761,0.649162,0.036639,-0.476448,,,4.039486,-0.655678,,,,,0.003596,0.018434,-1.269003,,,,,,,,,
255319,,,,,,,,,-0.000000,0.000000,,,0.000000,-0.001700,0.096867,-0.048333,,,,0.024628,-0.990863,1.918165,,,,,,
255328,,,,,,,,,-0.000000,0.000000,,,0.000000,-0.001430,0.097675,-0.048467,,,,0.024624,-0.990861,1.918165,,,,,,
255338,,,,,,,,,-0.000000,0.000000,,,0.000000,-0.001203,0.098483,-0.048600,,,,0.024634,-0.990861,1.918165,,,,,,
255348,,,,,,,,,-0.000000,0.000000,,,0.000000,-0.001012,0.099291,-0.048733,,,,0.024626,-0.990864,1.918165,,,,,,
255358,,,,,,,,,-0.000000,0.000000,,,0.000000,-0.000852,0.100099,-0.048865,,,,0.024625,-0.990864,1.918165,,,,,,
255366,0.024625,-0.990865,1.918165,0.008131,-0.992212,0.643076,0.046105,-0.238747,,,4.071784,0.053464,,,,,0.004348,0.015968,-1.275090,0.024622,-0.990864,1.918165,,,,,,
255369,,,,,,,,,-0.000000,0.000000,,,0.000000,-0.000717,0.101236,-0.041764,,,,,,,,,,,,
255379,,,,,,,,,,,,,,,,,,,,0.024624,-0.990863,1.918165,,,,,,
255384,,,,,,,,,-0.000000,0.000000,,,0.000000,-0.000603,0.102051,-0.041755,,,,,,,,,,,,
255388,,,,,,,,,-0.000000,0.000000,,,0.000000,-0.000507,0.102865,-0.041745,,,,0.024626,-0.990863,1.918165,,,,,,
255398,,,,,,,,,-0.000000,0.000000,,,0.000000,-0.000427,0.103679,-0.041735,,,,0.024628,-0.990860,1.918165,,,,,,
255408,,,,,,,,,-0.000000,0.000000,,,0.000000,-0.000359,0.104494,-0.041725,,,,0.024634,-0.990860,1.918165,,,,,,
255416,0.024633,-0.990860,1.918165,0.010667,-0.990305,0.648562,0.057212,-0.005412,,,4.272520,0.817125,,,,,0.005277,0.012943,-1.269603,0.024636,-0.990864,1.918165,,,,,,
255419,,,,,,,,,-0.000000,0.000000,,,0.000000,-0.000302,0.107356,-0.033925,,,,,,,,,,,,
255428,,,,,,,,,-0.000000,0.000000,,,0.000000,-0.000254,0.108210,-0.033762,,,,0.024628,-0.990862,1.918165,,,,,,
255438,,,,,,,,,,,,,,,,,,,,0.024622,-0.990864,1.918165,,,,,,
255444,,,,,,,,,-0.000000,0.000000,,,0.000000,-0.000214,0.109065,-0.033599,,,,,,,,,,,,
255448,,,,,,,,,-0.000000,0.000000,,,0.000000,-0.000180,0.109919,-0.033436,,,,0.024621,-0.990862,1.918165,,,,,,
255458,,,,,,,,,-0.000000,0.000000,,,0.000000,-0.000151,0.110774,-0.033273,,,,0.024626,-0.990864,1.918165,,,,,,
255466,0.024627,-0.990864,1.918165,0.013717,-0.987955,0.665496,0.069965,0.224402,,,4.679138,1.683934,,,,,0.006449,0.009268,-1.252669,,,,,,,,,
255469,,,,,,,,,-0.000000,0.000000,,,0.000000,-0.000127,0.115776,-0.024268,,,,0.024634,-0.990860,1.918165,,,,,,
255478,,,,,,,,,-0.000000,0.000000,,,0.000000,-0.000107,0.116712,-0.023932,,,,0.024635,-0.990856,1.918165,,,,,,
255488,,,,,,,,,-0.000000,0.000000,,,0.000000,-0.000090,0.117647,-0.023595,,,,0.024635,-0.990853,1.918165,,,,,,
255503,,,,,,,,,-0.000000,0.000000,,,0.000000,-0.000076,0.118583,-0.023258,,,,0.024626,-0.990849,1.918165,,,,,,
255508,,,,,,,,,-0.000000,0.000000,,,0.000000,-0.000064,0.119519,-0.022922,,,,0.024588,-0.990826,1.918180,,,,,,
255516,0.024591,-0.990829,1.918179,0.017299,-0.985063,0.693892,0.084301,0.452994,,,5.317536,2.707251,,,,,0.007904,0.004894,-1.224287,0.024590,-0.990815,1.918165,,,,,,
255519,,,,,,,,,-0.000000,0.000000,,,0.000000,-0.000054,0.126967,-0.012147,,,,,,,,,,,,
255529,,,,,,,,,-0.000000,0.000000,,,0.000000,-0.000045,0.128030,-0.011606,,,,0.024603,-0.990810,1.918165,,,,,,
255538,,,,,,,,,,,,,,,,,,,,0.024607,-0.990809,1.918165,,,,,,
255544,,,,,,,,,-0.000000,0.000000,,,0.000000,-0.000038,0.129094,-0.011064,,,,,,,,,,,,
255548,,,,,,,,,-0.000000,0.000000,,,0.000000,-0.000032,0.130157,-0.010523,,,,0.024598,-0.990789,1.918165,,,,,,
255559,,,,,,,,,-0.000000,0.000000,,,0.000000,-0.000027,0.131221,-0.009981,,,,0.024587,-0.990752,1.918165,,,,,,
255566,0.024587,-0.990758,1.918166,0.021401,-0.981513,0.733929,0.100082,0.683472,,,6.236910,3.979378,,,,,0.009778,-0.000152,-1.184237,0.024552,-0.990719,1.918180,,,,,,
255569,,,,,,,,,-0.000000,0.000000,,,0.000000,-0.000023,0.141662,0.003536,,,,,,,,,,,,
255578,,,,,,,,,0.027467,-0.652434,,,0.544543,-0.000019,0.137355,0.004331,,,,0.024505,-0.990658,1.914797,,,,,,
255589,,,,,,,,,,,,,,,,,,,,0.024427,-0.990542,1.908020,,,,,,
