ts,x,y,yaw,x_des,y_des,yaw_des,v_ff,w_ff,v_actual,w_actual,omega_l_cmd,omega_r_cmd,omega_l_meas,omega_r_meas,duty_l,duty_r,x_err,y_err,yaw_err,x_raw,y_raw,yaw_raw,acc_x,acc_y,acc_z,gyro_x,gyro_y,gyro_z
74059,,,,,,,,,-0.000000,0.000000,,,0.000000,0.000000,0.000000,0.000000,,,,,,,,,,,,
74065,,,,,,,,,,,,,,,,,,,,0.006302,0.008150,0.780749,,,,,,
74069,,,,,,,,,-0.000000,0.000000,,,0.000000,0.000000,0.000000,0.000000,,,,,,,,,,,,
74074,,,,,,,,,,,,,,,,,,,,0.006321,0.008132,0.780749,,,,,,
74079,,,,,,,,,-0.000000,0.000000,,,0.000000,0.000000,0.000000,0.000000,,,,0.006328,0.008125,0.780749,,,,,,
74089,,,,,,,,,-0.000000,0.000000,,,0.000000,0.000000,0.000000,0.000000,,,,0.006323,0.008127,0.780749,,,,,,
74097,,,,,,,,,-0.000000,0.000000,,,0.000000,0.000000,0.000000,0.000000,,,,0.006309,0.008148,0.780749,,,,,,
74104,,,,,,,,,,,,,,,,,,,,0.006327,0.008140,0.780749,,,,,,
74107,0.006327,0.008140,0.780749,0.062667,0.062172,0.773397,0.884200,-0.119218,-0.000000,0.000000,77.749725,76.676392,0.000000,0.000000,0.793047,0.782099,0.078052,-0.001269,-0.007352,,,,,,,,,
74119,,,,,,,,,0.439480,1.304869,,,3.811802,4.356346,0.769717,0.753000,,,,0.006337,0.008138,0.780749,,,,,,
74127,,,,,,,,,1.263504,-1.304869,,,15.731743,15.645378,0.662921,0.652316,,,,0.006307,0.008113,0.780749,,,,,,
74135,,,,,,,,,,,,,,,,,,,,0.006294,0.007937,0.777796,,,,,,
74139,,,,,,,,,1.757919,0.000000,,,31.206612,30.589401,0.517481,0.512093,,,,,,,,,,,,
74149,,,,,,,,,1.812854,-3.914606,,,44.771709,42.618759,0.388425,0.398611,,,,0.006966,0.008288,0.774795,,,,,,
74158,0.012697,0.013134,0.758969,0.093691,0.092031,0.757942,0.871178,-0.243204,1.648049,0.000000,86.894073,85.599167,54.007206,51.106628,0.394091,0.409858,0.113060,0.001506,-0.001027,0.007776,0.009337,0.768797,,,,,,
74165,,,,,,,,,,,,,,,,,,,,0.008705,0.010258,0.768836,,,,,,
74169,,,,,,,,,1.345907,-0.652434,,,60.144321,57.159233,0.338070,0.355020,,,,,,,,,,,,
74179,,,,,,,,,1.181102,0.652433,,,62.040833,59.529179,0.324076,0.336535,,,,0.010019,0.011634,0.765851,,,,,,
74187,,,,,,,,,1.043764,-1.304868,,,62.547470,60.434162,0.323879,0.332518,,,,0.011671,0.013190,0.762883,,,,,,
74195,,,,,,,,,,,,,,,,,,,,0.013571,0.014980,0.756928,,,,,,
74199,,,,,,,,,0.961362,0.652434,,,62.429211,60.651073,0.329954,0.335338,,,,,,,,,,,,
74207,0.016387,0.017641,0.759839,0.124345,0.120438,0.735422,0.849828,-0.377110,,,96.669975,93.379486,62.874252,61.378124,0.430022,0.412271,0.149071,0.000160,-0.024417,,,,,,,,,
74210,,,,,,,,,1.126167,-0.652435,,,,,,,,,,0.015812,0.016894,0.750904,,,,,,
74217,,,,,,,,,0.796557,0.652434,,,61.615078,60.356236,0.449625,0.429095,,,,0.018274,0.019300,0.750915,,,,,,
74224,,,,,,,,,,,,,,,,,,,,0.021153,0.022120,0.753945,,,,,,
74229,,,,,,,,,1.016297,-0.652434,,,61.644695,60.040962,0.456334,0.438915,,,,,,,,,,,,
74238,,,,,,,,,1.098699,0.000000,,,62.758701,61.409321,0.451976,0.431626,,,,0.024232,0.025048,0.747970,,,,,,
74246,,,,,,,,,,,,,,,,,,,,0.027357,0.028008,0.745079,,,,,,
74249,,,,,,,,,1.208569,-1.304866,,,64.785110,63.105202,0.438089,0.420722,,,,,,,,,,,,
74257,0.030211,0.030524,0.740843,0.154508,0.146946,0.704872,0.820688,-0.526874,1.181102,-0.652433,101.446854,96.862617,,,,,0.170293,0.002019,-0.035972,,,,,,,,,
74260,,,,,,,,,,,,,68.668304,66.165749,0.453581,0.431087,,,,0.031080,0.031539,0.742052,,,,,,
74267,,,,,,,,,1.208569,-1.304866,,,69.212914,66.018173,0.454582,0.438732,,,,0.035030,0.035210,0.742044,,,,,,
74277,,,,,,,,,1.071232,0.652434,,,68.582054,66.438545,0.467463,0.440613,,,,0.039296,0.039183,0.736108,,,,,,
74289,,,,,,,,,1.263504,-1.304869,,,70.773972,67.881332,0.451679,0.431981,,,,0.043985,0.043437,0.733113,,,,,,
74296,,,,,,,,,,,,,,,,,,,,0.048716,0.047593,0.730217,,,,,,
74299,,,,,,,,,1.400841,-3.262171,,,74.251877,69.639839,0.422339,0.419841,,,,,,,,,,,,
74307,0.051767,0.049816,0.717427,0.184062,0.171137,0.664924,0.784522,-0.699674,,,102.520515,96.348495,75.000015,71.119446,0.431098,0.404949,0.179447,0.004438,-0.052503,,,,,,,,,
74310,,,,,,,,,1.345907,0.652434,,,,,,,,,,0.054174,0.052604,0.730142,,,,,,
74317,,,,,,,,,1.071232,-1.957303,,,75.084953,70.186211,0.435736,0.419514,,,,0.059696,0.057765,0.727174,,,,,,
74325,,,,,,,,,,,,,,,,,,,,0.065644,0.063004,0.721259,,,,,,
74329,,,,,,,,,1.181102,-0.652433,,,75.700966,71.034615,0.434940,0.416093,,,,,,,,,,,,
74339,,,,,,,,,1.126167,-0.652435,,,76.763817,70.659378,0.429463,0.424983,,,,0.071646,0.068611,0.718324,,,,,,
74346,,,,,,,,,,,,,,,,,,,,0.078241,0.074356,0.721343,,,,,,
74349,,,,,,,,,1.290972,-1.957303,,,76.024475,70.888199,0.442155,0.427787,,,,,,,,,,,,
74357,0.080244,0.075688,0.712812,0.212890,0.192628,0.613720,0.742342,-0.904389,,,100.579094,91.222404,75.946930,71.080727,0.428443,0.378629,0.176825,0.001722,-0.099092,,,,,,,,,
74360,,,,,,,,,1.236036,-0.652434,,,,,,,,,,0.085089,0.080388,0.721359,,,,,,
74368,,,,,,,,,1.126167,-0.652435,,,76.426231,71.787262,0.428480,0.375451,,,,0.092294,0.086769,0.718369,,,,,,
74376,,,,,,,,,,,,,,,,,,,,0.099641,0.093293,0.712494,,,,,,
74379,,,,,,,,,1.290972,-1.957303,,,77.918602,72.381744,0.418089,0.373274,,,,,,,,,,,,
74389,,,,,,,,,1.263504,-1.304869,,,77.540649,71.792854,0.426476,0.383049,,,,0.107758,0.100455,0.712465,,,,,,
74397,,,,,,,,,0.988829,-1.304868,,,76.678101,70.752815,0.439882,0.397543,,,,0.115984,0.107556,0.712627,,,,,,
74405,0.123707,0.113968,0.696216,,,,,,,,,,,,,,,,,0.124180,0.114611,0.700664,,,,,,
74408,,,,0.240877,0.211082,0.548804,0.695427,-1.151942,1.318439,-1.304869,92.057281,79.531013,77.585983,71.511360,0.348479,0.274648,0.152183,-0.000630,-0.147412,,,,,,,,,
74419,,,,,,,,,1.181102,-1.957302,,,78.349876,71.605057,0.343582,0.275296,,,,0.132599,0.122006,0.685895,,,,,,
74427,,,,,,,,,,,,,77.903526,71.139351,0.350876,0.281631,,,,0.141470,0.129553,0.677100,,,,,,
74430,,,,,,,,,1.208569,-1.304866,,,,,,,,,,,,,,,,,,
74436,,,,,,,,,,,,,,,,,,,,0.150962,0.137377,0.665455,,,,,,
74439,,,,,,,,,1.071232,0.652434,,,75.894341,70.747505,0.374200,0.287306,,,,,,,,,,,,
74448,,,,,,,,,1.126167,-1.957302,,,76.381981,70.417809,0.372459,0.292426,,,,0.160193,0.144591,0.647818,,,,,,
74456,0.169498,0.151482,0.627696,0.267913,0.226207,0.467067,0.645373,-1.455098,,,81.622780,67.501656,,,,,0.123540,0.002684,-0.160629,0.169586,0.151797,0.630375,,,,,,
74459,,,,,,,,,1.236037,-1.957302,,,77.336823,70.684944,0.259423,0.168824,,,,,,,,,,,,
74469,,,,,,,,,1.181102,-4.567039,,,78.140228,69.276077,0.252085,0.182558,,,,0.179149,0.159016,0.607150,,,,,,
74477,,,,,,,,,1.016297,-1.957302,,,77.182587,67.546120,0.262550,0.199849,,,,0.188522,0.165653,0.586851,,,,,,
74485,,,,,,,,,,,,,,,,,,,,0.198746,0.172421,0.557921,,,,,,
74489,,,,,,,,,1.153634,-3.914605,,,77.465912,66.635071,0.260548,0.209133,,,,,,,,,,,,
74499,,,,,,,,,1.071232,-0.652434,,,76.615219,66.413063,0.270056,0.211570,,,,0.209013,0.179161,0.526332,,,,,,
74508,0.209391,0.179399,0.532102,0.293893,0.237764,0.364864,0.594144,-1.826677,1.043764,-3.914604,73.284096,57.564903,75.899445,64.592636,0.193304,0.129002,0.102431,0.007424,-0.167238,0.219115,0.185607,0.497762,,,,,,
74519,,,,,,,,,1.043764,-2.609737,,,75.297188,63.060928,0.198924,0.143220,,,,0.229527,0.191750,0.469308,,,,,,
74529,,,,,,,,,0.933894,-3.914605,,,74.790451,61.227604,0.203690,0.160820,,,,0.240384,0.197207,0.432586,,,,,,
74537,,,,,,,,,0.961362,-3.262171,,,73.274994,59.685047,0.218846,0.175822,,,,0.250793,0.202481,0.401623,,,,,,
74544,,,,,,,,,,,,,,,,,,,,0.261796,0.207683,0.367996,,,,,,
74549,,,,,,,,,0.933894,-2.609737,,,72.544434,58.387138,0.226300,0.188636,,,,,,,,,,,,
74557,0.260902,0.207064,0.370823,0.318712,0.245572,0.238559,0.544140,-2.274021,0.933894,-2.609737,60.911343,44.669346,,,,,0.067835,0.014941,-0.132264,,,,,,,,,
74560,,,,,,,,,,,,,72.474281,57.295078,0.100961,0.068076,,,,0.272443,0.211964,0.331856,,,,,,
74566,,,,,,,,,,,,,,,,,,,,0.281552,0.215437,0.300886,,,,,,
74569,,,,,,,,,0.906427,-3.262171,,,70.237083,55.831676,0.121468,0.080478,,,,,,,,,,,,
74579,,,,,,,,,0.851492,-3.262170,,,68.899254,53.511284,0.133249,0.101913,,,,0.290584,0.218644,0.270006,,,,,,
74588,,,,,,,,,0.769089,-2.609737,,,66.684517,52.103451,0.154242,0.114505,,,,0.299481,0.221667,0.242116,,,,,,
74597,,,,,,,,,0.741622,-3.262171,,,64.276489,49.829811,0.177649,0.136209,,,,0.308544,0.224035,0.211883,,,,,,
74607,0.307529,0.223500,0.211540,0.342274,0.249507,0.085924,0.498238,-2.786433,,,51.144810,32.824497,62.794922,48.461315,0.092469,0.028318,0.039432,0.018132,-0.125616,,,,,,,,,
74610,,,,,,,,,0.769089,-2.609737,,,,,,,,,,0.317302,0.226163,0.181267,,,,,,
74618,,,,,,,,,0.686687,-3.262170,,,61.003788,46.220776,0.108409,0.048044,,,,0.325246,0.227864,0.156031,,,,,,
74625,,,,,,,,,,,,,,,,,,,,0.332658,0.229140,0.122828,,,,,,
74629,,,,,,,,,0.604285,-2.609737,,,58.952183,43.791042,0.127363,0.070149,,,,,,,,,,,,
74639,,,,,,,,,0.686687,-3.262170,,,57.225964,41.746666,0.143409,0.088808,,,,0.339533,0.230295,0.097850,,,,,,
74647,,,,,,,,,0.576817,-3.262172,,,55.773521,40.026527,0.157008,0.104569,,,,0.347054,0.231171,0.067201,,,,,,
74658,0.346137,0.230845,0.065630,0.364484,0.249507,-0.091470,0.459720,-3.314670,0.576817,-1.957303,44.738312,23.005611,53.462353,38.579205,0.114310,0.017738,0.019532,0.017419,-0.157100,0.353553,0.231587,0.031156,,,,,,
74668,,,,,,,,,0.521882,-3.262171,,,51.517735,36.272339,0.132400,0.038154,,,,0.359550,0.231742,0.000601,,,,,,
74676,,,,,,,,,,,,,,,,,,,,0.365407,0.231878,-0.029865,,,,,,
74679,,,,,,,,,0.521882,-4.567040,,,49.881535,33.786800,0.147733,0.060853,,,,,,,,,,,,
74689,,,,,,,,,0.466947,-3.262170,,,48.504837,31.695469,0.160747,0.080028,,,,0.371079,0.231578,-0.065685,,,,,,
74697,,,,,,,,,0.549350,-3.914606,,,47.891026,29.935823,0.166255,0.096239,,,,0.376873,0.231178,-0.109873,,,,,,
74705,0.381401,0.230771,-0.147316,0.385257,0.245572,-0.285912,0.431919,-3.755346,,,,,,,,,,,,0.382116,0.230849,-0.148895,,,,,,
74708,,,,,,,,,0.521882,-4.567040,38.859623,15.536279,46.830021,28.999800,0.116484,0.028213,0.001642,0.015206,-0.138596,,,,,,,,,
74719,,,,,,,,,0.466947,-4.567039,,,45.392750,27.123144,0.129550,0.044662,,,,0.386752,0.230378,-0.188255,,,,,,
74726,,,,,,,,,,,,,,,,,,,,0.391101,0.229580,-0.232727,,,,,,
74729,,,,,,,,,0.439480,-3.914605,,,45.272514,24.999582,0.129470,0.064005,,,,,,,,,,,,
74739,,,,,,,,,0.412012,-4.567039,,,44.082264,23.757360,0.140328,0.074783,,,,0.395344,0.228669,-0.274655,,,,,,
74748,,,,,,,,,0.384545,-3.914605,,,42.536243,22.167612,0.155053,0.089354,,,,0.399536,0.227464,-0.322135,,,,,,
74758,0.399580,0.227353,-0.323889,0.404508,0.237764,-0.484020,0.417452,-3.975972,0.466947,-4.567039,38.627037,13.650880,40.690880,20.285456,0.170768,0.087995,0.001358,0.011438,-0.160131,0.403668,0.226031,-0.366901,,,,,,
74769,,,,,,,,,0.384545,-3.914605,,,41.316364,20.335440,0.163975,0.086158,,,,0.407703,0.224514,-0.412344,,,,,,
74777,,,,,,,,,0.412012,-4.567039,,,40.753559,19.288408,0.169178,0.095501,,,,0.411569,0.222663,-0.460626,,,,,,
74785,,,,,,,,,,,,,,,,,,,,0.415228,0.220893,-0.500595,,,,,,
74789,,,,,,,,,0.412012,-4.567039,,,40.280014,18.407436,0.173582,0.103359,,,,,,,,,,,,
74799,,,,,,,,,0.412012,-4.567039,,,39.881573,17.666187,0.177316,0.109969,,,,0.418785,0.218941,-0.549453,,,,,,
74807,0.418739,0.218914,-0.549687,0.422164,0.226207,-0.671453,0.417245,-3.898387,0.439480,-5.219474,37.439651,13.829386,,,,,-0.000890,0.008008,-0.121766,0.422104,0.217082,-0.592643,,,,,,
74810,,,,,,,,,,,,,40.090870,17.042500,0.162819,0.117348,,,,,,,,,,,,
74817,,,,,,,,,0.439480,-3.914605,,,39.722427,17.062273,0.166047,0.116504,,,,0.425268,0.215126,-0.636335,,,,,,
74829,,,,,,,,,0.439480,-3.914605,,,39.412418,17.078911,0.168752,0.115688,,,,0.428230,0.213026,-0.683154,,,,,,
74836,,,,,,,,,,,,,,,,,,,,0.431088,0.211048,-0.727348,,,,,,
74839,,,,,,,,,0.384545,-3.914605,,,38.607037,16.548367,0.176573,0.120449,,,,,,,,,,,,
74849,,,,,,,,,0.494415,-3.914605,,,38.473930,16.646509,0.177697,0.118904,,,,0.433661,0.208974,-0.768831,,,,,,
74857,0.434061,0.208554,-0.766865,0.438153,0.211082,-0.838487,0.430019,-3.565917,,,37.465538,16.819885,,,,,0.001193,0.004660,-0.071622,0.436045,0.206895,-0.810761,,,,,,
74860,,,,,,,,,0.412012,-4.567039,,,38.906479,17.273630,0.173342,0.142447,,,,,,,,,,,,
74866,,,,,,,,,,,,,,,,,,,,0.438364,0.204662,-0.850089,,,,,,
74869,,,,,,,,,0.412012,-3.262171,,,38.181339,16.712202,0.180450,0.148083,,,,,,,,,,,,
74879,,,,,,,,,0.439480,-3.914605,,,37.571205,16.784361,0.186530,0.147369,,,,0.441312,0.201421,-0.886677,,,,,,
74888,,,,,,,,,0.412012,-3.262171,,,37.602383,16.845076,0.186191,0.146757,,,,0.444308,0.198040,-0.920512,,,,,,
74895,,,,,,,,,,,,,,,,,,,,0.446872,0.194577,-0.951484,,,,,,
74899,,,,,,,,,0.439480,-2.609737,,,37.084072,16.896160,0.191451,0.146230,,,,,,,,,,,,
74907,0.447033,0.194382,-0.946941,0.452414,0.192628,-0.981893,0.452737,-3.105463,0.412012,-3.262171,38.210072,20.916277,,,,,0.004567,0.003343,-0.034952,,,,,,,,,
74910,,,,,,,,,,,,,37.192509,17.483686,0.198015,0.182006,,,,0.449377,0.191073,-0.985890,,,,,,
74917,,,,,,,,,0.466947,-3.262170,,,36.739204,17.978031,0.202842,0.177650,,,,0.451817,0.187705,-1.017483,,,,,,
74925,,,,,,,,,,,,,,,,,,,,0.454119,0.184031,-1.046109,,,,,,
74929,,,,,,,,,0.466947,-3.262170,,,36.357792,18.393972,0.207027,0.173995,,,,,,,,,,,,
74939,,,,,,,,,0.494415,-1.304868,,,36.581417,19.288488,0.205116,0.165375,,,,0.456375,0.180318,-1.074992,,,,,,
74947,,,,,,,,,0.466947,-3.262170,,,36.225033,20.041134,0.209077,0.158024,,,,0.458497,0.176359,-1.100881,,,,,,
74955,0.460649,0.172252,-1.125526,,,,,,,,,,,,,,,,,0.460794,0.172059,-1.126944,,,,,,
74958,,,,0.464888,0.171137,-1.103162,0.481637,-2.636673,0.466947,-1.957303,37.463669,24.319197,36.469711,20.674410,0.199365,0.186449,0.002833,0.003346,0.022364,,,,,,,,,
74969,,,,,,,,,0.494415,-2.609737,,,37.220127,21.751791,0.191910,0.176189,,,,0.463055,0.167943,-1.153270,,,,,,
74977,,,,,,,,,0.549350,-2.609737,,,37.306984,22.113756,0.191073,0.173010,,,,0.465323,0.163601,-1.179789,,,,,,
74985,,,,,,,,,,,,,,,,,,,,0.467493,0.159048,-1.203200,,,,,,
74989,,,,,,,,,0.521882,-1.957302,,,37.380066,22.962856,0.190359,0.164791,,,,,,,,,,,,
74999,,,,,,,,,0.466947,-1.957303,,,36.897015,23.132746,0.195302,0.163329,,,,0.469587,0.154276,-1.226789,,,,,,
75006,0.471202,0.149649,-1.245169,0.475528,0.146946,-1.205932,0.513114,-2.226778,,,,,,,,,,,,0.471347,0.149553,-1.247166,,,,,,
75009,,,,,,,,,0.576817,-1.957303,38.351826,27.956888,35.946033,22.731148,0.214175,0.204767,0.003945,0.003234,0.039237,,,,,,,,,
75017,,,,,,,,,0.521882,-1.957302,,,37.868591,25.115959,0.195046,0.181487,,,,0.473175,0.144824,-1.267702,,,,,,
75028,,,,,,,,,0.549350,-2.609737,,,37.852604,25.488911,0.195306,0.178251,,,,0.474738,0.139920,-1.288386,,,,,,
75037,,,,,,,,,0.549350,-1.304868,,,38.383694,26.347256,0.189988,0.169990,,,,0.476343,0.134741,-1.309247,,,,,,
75044,,,,,,,,,,,,,,,,,,,,0.477724,0.129655,-1.323230,,,,,,
75049,,,,,,,,,0.549350,-1.304868,,,38.286011,26.524923,0.190978,0.168499,,,,,,,,,,,,
75057,0.477840,0.129126,-1.322153,0.484292,0.120438,-1.294274,0.544140,-1.897844,0.521882,-1.957302,41.289711,32.330887,,,,,0.010008,0.004115,0.027879,,,,,,,,,
75060,,,,,,,,,,,,,38.203819,27.218956,0.221796,0.206321,,,,0.479084,0.124356,-1.337299,,,,,,
75066,,,,,,,,,,,,,,,,,,,,0.480500,0.118798,-1.355004,,,,,,
75069,,,,,,,,,0.576817,-1.957303,,,38.679207,27.802916,0.217565,0.201387,,,,,,,,,,,,
75079,,,,,,,,,0.576817,-0.652434,,,38.534653,28.838802,0.219561,0.191727,,,,0.481917,0.113244,-1.372865,,,,,,
75088,,,,,,,,,0.576817,-1.957303,,,38.957569,29.165854,0.215798,0.189089,,,,0.483137,0.107708,-1.387220,,,,,,
75095,,,,,,,,,,,,,,,,,,,,0.484140,0.102007,-1.405259,,,,,,
75099,,,,,,,,,0.631752,-0.652435,,,39.313412,29.985577,0.212635,0.181361,,,,,,,,,,,,
75107,0.484212,0.101701,-1.401023,0.491144,0.092031,-1.371926,0.572343,-1.648322,,,42.530621,35.001778,39.612820,30.675293,0.222634,0.202038,0.010702,0.005199,0.029097,,,,,,,,,
75110,,,,,,,,,0.631752,-1.957303,,,,,,,,,,0.485148,0.096118,-1.419838,,,,,,
75117,,,,,,,,,0.549350,-1.304868,,,39.864738,31.255619,0.220648,0.196984,,,,0.486003,0.089860,-1.430832,,,,,,
75125,,,,,,,,,,,,,,,,,,,,0.486979,0.083646,-1.445579,,,,,,
75129,,,,,,,,,0.631752,-1.957303,,,40.076706,31.743906,0.219019,0.192753,,,,,,,,,,,,
75139,,,,,,,,,0.631752,0.652435,,,40.255054,32.699295,0.217690,0.183660,,,,0.487740,0.077094,-1.460425,,,,,,
75147,,,,,,,,,0.659220,-2.609737,,,40.949661,33.503159,0.211061,0.175921,,,,0.488542,0.070460,-1.471777,,,,,,
75154,,,,,,,,,,,,,,,,,,,,0.489214,0.063961,-1.482999,,,,,,
75157,0.489093,0.064378,-1.487068,0.496057,0.062172,-1.442113,0.595942,-1.468505,0.631752,-0.652435,40.945724,35.036095,41.534103,33.634987,0.189250,0.175226,0.002781,0.006755,0.044955,,,,,,,,,
75168,,,,,,,,,0.659220,-1.304869,,,41.481308,34.290447,0.189670,0.168820,,,,0.489814,0.057304,-1.494288,,,,,,
75177,,,,,,,,,0.631752,-1.957303,,,41.981430,34.841953,0.184462,0.163344,,,,0.490183,0.050679,-1.509437,,,,,,
75189,,,,,,,,,0.631752,-0.652435,,,42.402233,34.761448,0.179963,0.164204,,,,0.490616,0.043799,-1.521025,,,,,,
75198,,,,,,,,,0.631752,-0.652435,,,42.211750,35.782795,0.181614,0.153841,,,,0.490952,0.037148,-1.536378,,,,,,
75206,0.490927,0.030650,-1.545515,0.499013,0.031333,-1.507591,0.613653,-1.348095,,,40.925240,35.457153,,,,,-0.000478,0.008101,0.037924,0.490906,0.030448,-1.547880,,,,,,
75209,,,,,,,,,0.659220,-1.304869,,,42.596024,36.097614,0.177233,0.154776,,,,,,,,,,,,
75219,,,,,,,,,0.631752,-1.957303,,,42.374805,35.817959,0.179155,0.157500,,,,0.490940,0.023993,-1.559623,,,,,,
75227,,,,,,,,,0.631752,-0.652435,,,42.733219,36.127201,0.175209,0.154273,,,,0.491188,0.017263,-1.571548,,,,,,
75237,,,,,,,,,0.659220,-1.304869,,,43.034786,36.387398,0.171772,0.151485,,,,0.491044,0.011022,-1.581656,,,,,,
75249,,,,,,,,,0.604285,-1.304869,,,42.743980,36.061783,0.174316,0.154621,,,,0.490892,0.004665,-1.593418,,,,,,
75258,0.490880,0.004310,-1.594873,0.500000,0.000000,-1.570796,0.624611,-1.279096,0.686687,-0.652435,42.976818,37.377045,42.499298,36.332355,0.197374,0.171323,0.004089,0.009221,0.024077,0.490772,-0.001423,-1.605196,,,,,,
75265,,,,,,,,,,,,,,,,,,,,0.490557,-0.007522,-1.612961,,,,,,
75269,,,,,,,,,0.631752,-0.652435,,,42.837967,36.560013,0.194015,0.169210,,,,,,,,,,,,
75279,,,,,,,,,0.659220,-1.304869,,,42.578377,37.296108,0.196691,0.161865,,,,0.490212,-0.013486,-1.624571,,,,,,
75286,,,,,,,,,,,,,,,,,,,,0.489848,-0.019562,-1.636093,,,,,,
75289,,,,,,,,,0.659220,-1.304869,,,43.449043,37.370914,0.187890,0.161118,,,,,,,,,,,,
75294,,,,,,,,,,,,,,,,,,,,0.489333,-0.025821,-1.651206,,,,,,
75299,,,,,,,,,0.659220,-1.304869,,,43.092537,36.889313,0.191431,0.166032,,,,,,,,,,,,
75307,0.489308,-0.026054,-1.651954,0.499013,-0.031333,-1.634002,0.628319,-1.256637,,,43.372429,37.672043,42.792572,37.028637,0.198503,0.167717,0.004475,0.010101,0.017952,,,,,,,,,
75310,,,,,,,,,0.604285,0.000000,,,,,,,,,,0.488785,-0.032092,-1.662521,,,,,,
75316,,,,,,,,,,,,,,,,,,,,0.488192,-0.038477,-1.669954,,,,,,
75319,,,,,,,,,0.631752,-1.957303,,,43.084728,36.601322,0.195639,0.172204,,,,,,,,,,,,
75329,,,,,,,,,0.631752,-1.957303,,,42.786003,36.786324,0.198744,0.170531,,,,0.487608,-0.044751,-1.677357,,,,,,
75338,,,,,,,,,0.631752,-0.652435,,,43.079201,36.941982,0.195870,0.169121,,,,0.486997,-0.051079,-1.692293,,,,,,
75345,,,,,,,,,,,,,,,,,,,,0.486307,-0.057497,-1.707027,,,,,,
75349,,,,,,,,,0.631752,-1.957303,,,42.781353,36.528412,0.198967,0.173485,,,,,,,,,,,,
75357,0.486223,-0.057487,-1.710616,0.496057,-0.062172,-1.699480,0.624611,-1.279096,,,42.998543,36.911465,43.075287,36.724976,0.192274,0.163951,0.003268,0.010391,0.011136,,,,,,,,,
75360,,,,,,,,,0.686687,-0.652435,,,,,,,,,,0.485568,-0.063947,-1.717986,,,,,,
75367,,,,,,,,,0.576817,-1.957303,,,42.778061,36.345821,0.195290,0.167856,,,,0.484651,-0.070653,-1.732469,,,,,,
75375,,,,,,,,,,,,,,,,,,,,0.483756,-0.076994,-1.743417,,,,,,
75379,,,,,,,,,0.631752,-0.652435,,,42.527973,36.571342,0.197885,0.165669,,,,,,,,,,,,
75388,,,,,,,,,0.659220,-1.304869,,,42.862095,36.761097,0.194571,0.163801,,,,0.482390,-0.083653,-1.757777,,,,,,
75396,,,,,,,,,,,,,,,,,,,,0.481102,-0.089730,-1.772115,,,,,,
75399,,,,,,,,,0.604285,-1.304869,,,43.143223,36.376213,0.191731,0.167757,,,,,,,,,,,,
75405,0.479897,-0.095222,-1.785468,,,,,,,,,,,,,,,,,0.479795,-0.095952,-1.786349,,,,,,
75408,,,,0.491144,-0.092031,-1.769666,0.613653,-1.348095,0.686687,-0.652435,39.938923,33.656651,43.379765,36.596916,0.158081,0.132414,-0.005514,0.010309,0.015802,,,,,,,,,
75419,,,,,,,,,0.604285,-2.609737,,,43.034248,36.238071,0.160917,0.135486,,,,0.478473,-0.102189,-1.797064,,,,,,
75427,,,,,,,,,,,,,42.743530,35.936142,0.163263,0.138049,,,,0.477113,-0.108512,-1.811223,,,,,,
75430,,,,,,,,,0.576817,-0.652434,,,,,,,,,,,,,,,,,,
75434,,,,,,,,,,,,,,,,,,,,0.475573,-0.114990,-1.821762,,,,,,
75439,,,,,,,,,0.604285,-1.304869,,,41.954376,35.682098,0.170752,0.140185,,,,,,,,,,,,
75448,,,,,,,,,0.604285,-1.304869,,,41.834927,35.468346,0.171567,0.141960,,,,0.474004,-0.121334,-1.835686,,,,,,
75458,0.473880,-0.121602,-1.836946,0.484292,-0.120438,-1.847319,0.595942,-1.468505,0.439480,-1.304869,40.125885,32.190758,40.645332,33.654865,0.185229,0.145143,-0.003862,0.009739,-0.010373,0.472393,-0.128043,-1.849555,,,,,,
75469,,,,,,,,,0.769089,-1.304867,,,42.367126,34.851719,0.167563,0.132642,,,,0.470549,-0.134368,-1.863206,,,,,,
75478,,,,,,,,,0.604285,-2.609737,,,42.182213,34.769665,0.169000,0.132947,,,,0.468688,-0.140412,-1.876692,,,,,,
75485,,,,,,,,,,,,,,,,,,,,0.466773,-0.146602,-1.893927,,,,,,
75489,,,,,,,,,0.604285,-1.304869,,,42.026627,34.700623,0.170176,0.133135,,,,,,,,,,,,
75499,,,,,,,,,0.604285,-1.304869,,,41.895718,34.642532,0.171131,0.133226,,,,0.464882,-0.152673,-1.907550,,,,,,
75508,0.464890,-0.152489,-1.907099,0.475528,-0.146946,-1.935660,0.572343,-1.648322,0.576817,-0.652434,38.076946,28.518917,41.785568,34.593655,0.151002,0.095781,-0.008743,0.008213,-0.028561,0.462908,-0.158453,-1.921075,,,,,,
75515,,,,,,,,,,,,,,,,,,,,0.460810,-0.164300,-1.941149,,,,,,
75519,,,,,,,,,0.549350,-2.609737,,,41.692890,33.463444,0.151205,0.106095,,,,,,,,,,,,
75529,,,,,,,,,0.549350,-1.304868,,,41.614910,33.057026,0.151277,0.109251,,,,0.458721,-0.169773,-1.958030,,,,,,
75537,,,,,,,,,0.576817,-3.262172,,,41.004753,32.170525,0.156793,0.117386,,,,0.456494,-0.175317,-1.981346,,,,,,
75544,,,,,,,,,,,,,,,,,,,,0.454081,-0.180804,-1.997624,,,,,,
75549,,,,,,,,,0.549350,-1.304868,,,41.035912,31.969164,0.155890,0.118709,,,,,,,,,,,,
75558,0.454153,-0.180576,-1.995502,0.464888,-0.171137,-2.038431,0.544140,-1.897844,0.576817,-1.957303,35.994850,24.633972,40.517586,31.255196,0.139348,0.085675,-0.013024,0.005892,-0.042929,,,,,,,,,
75561,,,,,,,,,,,,,,,,,,,,0.451626,-0.186035,-2.020562,,,,,,
75566,,,,,,,,,,,,,,,,,,,,0.449227,-0.191155,-2.043296,,,,,,
75569,,,,,,,,,0.466947,-1.957303,,,40.081467,30.654463,0.142892,0.090479,,,,,,,,,,,,
75579,,,,,,,,,0.521882,-3.262171,,,39.714516,29.604464,0.145817,0.099985,,,,0.446726,-0.196162,-2.065871,,,,,,
75588,,,,,,,,,0.494415,-1.304868,,,39.405762,29.265537,0.148223,0.102448,,,,0.444009,-0.201164,-2.088294,,,,,,
75595,,,,,,,,,,,,,,,,,,,,0.441108,-0.206103,-2.110514,,,,,,
75599,,,,,,,,,0.494415,-2.609737,,,39.145977,28.435822,0.150190,0.109984,,,,,,,,,,,,
75607,0.441229,-0.205792,-2.111812,0.452414,-0.192628,-2.159700,0.513114,-2.226778,,,33.851063,20.627018,38.927395,27.737700,0.129923,0.075474,-0.017045,0.002808,-0.047888,,,,,,,,,
75610,,,,,,,,,0.494415,-2.609737,,,,,,,,,,0.438275,-0.210778,-2.135466,,,,,,
75619,,,,,,,,,0.494415,-2.609737,,,38.198936,26.605757,0.136338,0.085598,,,,0.435414,-0.215439,-2.157752,,,,,,
75625,,,,,,,,,,,,,,,,,,,,0.432374,-0.219739,-2.179504,,,,,,
75629,,,,,,,,,0.412012,-1.957303,,,37.586014,25.653339,0.141720,0.094116,,,,,,,,,,,,
75639,,,,,,,,,0.466947,-3.262170,,,37.070297,25.396519,0.146233,0.095731,,,,0.429180,-0.224133,-2.210275,,,,,,
75647,,,,,,,,,0.439480,-2.609737,,,36.636375,24.635887,0.150016,0.102535,,,,0.426099,-0.228337,-2.231427,,,,,,
75658,0.426320,-0.227962,-2.232339,0.438153,-0.211082,-2.303106,0.481637,-2.636673,0.439480,-2.609737,32.257374,16.215572,36.815815,23.995892,0.131373,0.063265,-0.020588,-0.001033,-0.070767,0.423129,-0.232230,-2.255975,,,,,,
75669,,,,,,,,,0.466947,-1.957303,,,36.422253,24.001942,0.134475,0.061647,,,,0.420416,-0.235531,-2.283866,,,,,,
75677,,,,,,,,,0.412012,-3.262171,,,36.091110,22.917946,0.137020,0.071146,,,,0.417580,-0.238741,-2.308181,,,,,,
75684,,,,,,,,,,,,,,,,,,,,0.414885,-0.241815,-2.338695,,,,,,
75689,,,,,,,,,0.439480,-2.609737,,,35.812489,22.005873,0.139095,0.079109,,,,,,,,,,,,
75698,,,,,,,,,0.412012,-3.262171,,,35.578056,21.782997,0.140775,0.080224,,,,0.412002,-0.244827,-2.368454,,,,,,
75706,0.409316,-0.247292,-2.398298,0.422164,-0.226207,-2.470140,0.452737,-3.105463,,,30.795830,12.303498,,,,,-0.023728,-0.006829,-0.071842,0.409035,-0.247673,-2.398560,,,,,,
75709,,,,,,,,,0.384545,-2.609737,,,34.836262,20.506384,0.132770,0.052229,,,,,,,,,,,,
75719,,,,,,,,,0.412012,-4.567039,,,34.756657,19.976784,0.132774,0.055991,,,,0.405975,-0.250530,-2.431141,,,,,,
75727,,,,,,,,,0.357077,-3.262171,,,34.689678,18.986635,0.132665,0.064555,,,,0.402832,-0.253259,-2.463517,,,,,,
75735,,,,,,,,,,,,,,,,,,,,0.399748,-0.255807,-2.501559,,,,,,
75739,,,,,,,,,0.357077,-3.262171,,,34.088779,18.153524,0.138015,0.071716,,,,,,,,,,,,
75749,,,,,,,,,0.384545,-3.914605,,,33.583183,17.452545,0.142514,0.077696,,,,0.396814,-0.258186,-2.539470,,,,,,
75758,0.396578,-0.258248,-2.544048,0.404508,-0.237764,-2.657573,0.430019,-3.565917,0.357077,-3.262171,32.623772,10.612535,33.702316,16.862741,0.159386,0.065435,-0.018080,-0.012473,-0.113525,0.393883,-0.260272,-2.574385,,,,,,
75764,,,,,,,,,,,,,,,,,,,,0.391218,-0.262133,-2.614829,,,,,,
75769,,,,,,,,,0.357077,-4.567039,,,33.802555,15.821938,0.158148,0.074801,,,,,,,,,,,,
75779,,,,,,,,,0.384545,-3.914605,,,33.886898,15.490749,0.157052,0.077137,,,,0.388503,-0.263788,-2.652162,,,,,,
75786,,,,,,,,,,,,,,,,,,,,0.385788,-0.265307,-2.692151,,,,,,
75789,,,,,,,,,0.357077,-4.567039,,,33.957863,14.667544,0.156075,0.084558,,,,,,,,,,,,
75799,,,,,,,,,0.412012,-4.567039,,,34.017574,14.519443,0.155199,0.085258,,,,0.383176,-0.266682,-2.731877,,,,,,
75808,0.382773,-0.266783,-2.735276,0.385257,-0.245572,-2.855680,0.417245,-3.898387,0.357077,-3.262171,34.851421,10.927559,34.067814,14.394830,0.177130,0.088961,-0.010665,-0.018502,-0.120403,0.380599,-0.267826,-2.777045,,,,,,
75816,,,,,,,,,,,,,,,,,,,,0.378016,-0.268898,-2.819189,,,,,,
75819,,,,,,,,,0.384545,-3.914605,,,34.110085,14.289981,0.176856,0.089337,,,,,,,,,,,,
75829,,,,,,,,,0.302142,-4.567039,,,33.601109,13.112675,0.182196,0.100673,,,,0.375524,-0.269797,-2.858375,,,,,,
75837,,,,,,,,,0.329610,-3.914605,,,33.172855,12.666633,0.186814,0.104785,,,,0.372653,-0.270858,-2.897456,,,,,,
75845,,,,,,,,,,,,,,,,,,,,0.368958,-0.271930,-2.942023,,,,,,
75849,,,,,,,,,0.357077,-4.567039,,,33.357067,12.291332,0.185271,0.108266,,,,,,,,,,,,
75857,0.368684,-0.271932,-2.943835,0.364484,-0.249507,-3.050123,0.417452,-3.975972,,,37.872952,13.851986,,,,,-0.000288,-0.022813,-0.106288,0.365609,-0.272680,-2.983706,,,,,,
75860,,,,,,,,,0.384545,-3.914605,,,33.512062,12.520098,0.214808,0.135489,,,,,,,,,,,,
75867,,,,,,,,,0.357077,-4.567039,,,33.642475,12.168038,0.214350,0.139346,,,,0.362215,-0.273328,-3.028071,,,,,,
75877,,,,,,,,,0.357077,-4.567039,,,33.752205,11.871816,0.214077,0.142704,,,,0.359103,-0.273777,-3.069613,,,,,,
75888,,,,,,,,,0.412012,-4.567039,,,34.389076,12.167117,0.208405,0.140088,,,,0.355685,-0.274188,-3.111148,,,,,,
75896,,,,,,,,,,,,,,,,,,,,0.351968,-0.274588,3.124986,,,,,,
75899,,,,,,,,,0.412012,-4.567039,,,34.380398,12.415584,0.209190,0.137891,,,,,,,,,,,,
75904,,,,,,,,,,,,,,,,,,,,0.348072,-0.274645,3.086248,,,,,,
75907,0.348078,-0.274559,3.088326,0.342274,-0.249507,3.055669,0.431919,-3.755346,0.384545,-3.914605,39.480885,18.490826,34.917637,12.624643,0.220810,0.183362,0.007130,-0.024707,-0.032658,,,,,,,,,
75918,,,,,,,,,0.439480,-3.914605,,,34.825127,13.345089,0.222666,0.177187,,,,0.343989,-0.274512,3.044686,,,,,,
75926,,,,,,,,,,,,,,,,,,,,0.339818,-0.274392,3.003111,,,,,,
75929,,,,,,,,,0.439480,-3.914605,,,35.291832,13.951272,0.218837,0.172033,,,,,,,,,,,,
75939,,,,,,,,,0.439480,-3.914605,,,35.684517,14.461314,0.215669,0.167738,,,,0.335476,-0.274058,2.964252,,,,,,
75948,,,,,,,,,0.466947,-3.262170,,,36.014923,15.435007,0.213058,0.158612,,,,0.330856,-0.273696,2.925316,,,,,,
75955,0.325934,-0.272751,2.892076,,,,,,,,,,,,,,,,,0.326024,-0.272879,2.889038,,,,,,
75958,,,,0.318712,-0.245572,2.903033,0.459720,-3.314670,0.466947,-3.262170,41.327503,23.845715,36.837471,16.254272,0.224197,0.205487,0.013710,-0.024554,0.010957,,,,,,,,,
75969,,,,,,,,,0.494415,-2.609737,,,36.985020,16.943602,0.223590,0.199974,,,,0.321374,-0.271898,2.855423,,,,,,
75977,,,,,,,,,0.521882,-4.567040,,,37.653709,18.068146,0.217638,0.189884,,,,0.316310,-0.270668,2.813458,,,,,,
75985,,,,,,,,,,,,,,,,,,,,0.311602,-0.269263,2.782564,,,,,,
75989,,,,,,,,,0.494415,-2.609737,,,38.216343,19.014338,0.212634,0.181389,,,,,,,,,,,,
75999,,,,,,,,,0.576817,-3.262172,,,38.689743,19.810463,0.208428,0.174234,,,,0.306645,-0.267703,2.751524,,,,,,
76008,0.305973,-0.267344,2.749634,0.293893,-0.237764,2.776730,0.498238,-2.786433,0.521882,-3.262171,44.530674,30.362051,39.088062,21.024866,0.237565,0.229121,0.022464,-0.022722,0.027096,0.301827,-0.266032,2.717623,,,,,,
76017,,,,,,,,,0.494415,-2.609737,,,39.423210,21.502121,0.235235,0.226121,,,,0.296844,-0.264207,2.689178,,,,,,
76029,,,,,,,,,0.631752,-3.262170,,,40.249744,22.992771,0.227825,0.212688,,,,0.291560,-0.261896,2.657900,,,,,,
76036,,,,,,,,,,,,,,,,,,,,0.286564,-0.259529,2.626601,,,,,,
76039,,,,,,,,,0.604285,-2.609737,,,40.945190,24.247004,0.221588,0.201369,,,,,,,,,,,,
76049,,,,,,,,,0.576817,-1.957303,,,41.530338,25.302315,0.216337,0.191827,,,,0.281492,-0.257051,2.603660,,,,,,
76058,0.281361,-0.256874,2.607700,0.267913,-0.226207,2.674525,0.544140,-2.274021,0.631752,-1.957303,46.582222,36.573792,39.844509,25.101166,0.255058,0.258251,0.027183,-0.019556,0.066826,0.276442,-0.254311,2.577818,,,,,,
76065,,,,,,,,,,,,,,,,,,,,0.271399,-0.251214,2.554641,,,,,,
76069,,,,,,,,,0.604285,-1.304869,,,42.237854,27.654636,0.231993,0.234500,,,,,,,,,,,,
76079,,,,,,,,,0.604285,-2.609737,,,42.617989,28.714039,0.228985,0.225478,,,,0.266225,-0.247800,2.531480,,,,,,
76087,,,,,,,,,0.686687,-1.957303,,,43.482376,30.149963,0.220961,0.212403,,,,0.260920,-0.244353,2.511083,,,,,,
76095,,,,,,,,,,,,,,,,,,,,0.255692,-0.240838,2.490674,,,,,,
76099,,,,,,,,,0.659220,-1.304869,,,43.665127,31.358150,0.219717,0.201365,,,,,,,,,,,,
76107,0.255518,-0.240690,2.495020,0.240877,-0.211082,2.592789,0.594144,-1.826677,,,48.374233,42.145981,43.818893,32.374718,0.237010,0.248875,0.029523,-0.014811,0.097769,,,,,,,,,
76110,,,,,,,,,0.686687,-1.957303,,,,,,,,,,0.250087,-0.236648,2.473000,,,,,,
76117,,,,,,,,,0.659220,-1.304869,,,44.492817,33.230057,0.231047,0.242105,,,,0.244705,-0.232563,2.458405,,,,,,
76124,,,,,,,,,,,,,,,,,,,,0.239421,-0.228460,2.440570,,,,,,
76129,,,,,,,,,0.686687,-0.652435,,,44.515312,34.494286,0.231594,0.230993,,,,,,,,,,,,
76138,,,,,,,,,0.741622,-0.652433,,,45.078781,35.558006,0.226619,0.221673,,,,0.234383,-0.224286,2.425935,,,,,,
76146,,,,,,,,,,,,,,,,,,,,0.229283,-0.219864,2.414326,,,,,,
76149,,,,,,,,,0.686687,-1.957303,,,45.552887,36.453022,0.222442,0.213862,,,,,,,,,,,,
76155,0.224397,-0.215395,2.401980,,,,,,,,,,,,,,,,,0.223962,-0.215092,2.402421,,,,,,
76158,,,,0.212890,-0.192628,2.527872,0.645373,-1.455098,0.714155,0.000000,48.085609,45.360729,45.407257,37.750629,0.221548,0.234555,0.023846,-0.009063,0.125893,,,,,,,,,
76169,,,,,,,,,0.741622,-0.652433,,,45.829266,38.842438,0.217779,0.224941,,,,0.218346,-0.209923,2.393286,,,,,,
76177,,,,,,,,,0.714154,-1.304868,,,46.184341,39.216541,0.214608,0.222429,,,,0.213149,-0.205002,2.387458,,,,,,
76184,,,,,,,,,,,,,,,,,,,,0.208173,-0.200091,2.378631,,,,,,
76189,,,,,,,,,0.769089,0.000000,,,46.483105,40.620396,0.211941,0.209338,,,,,,,,,,,,
76198,,,,,,,,,0.741622,-0.652433,,,46.734482,41.257057,0.209698,0.203792,,,,0.203222,-0.195103,2.369761,,,,,,
76207,0.202734,-0.194671,2.369727,0.184062,-0.171137,2.476669,0.695427,-1.151942,0.741622,-0.652433,52.325241,50.866344,46.945992,41.792744,0.251055,0.255306,0.029795,-0.003841,0.106942,0.198261,-0.190031,2.366857,,,,,,
76219,,,,,,,,,0.796557,0.652434,,,47.123955,42.788013,0.250315,0.246969,,,,0.193104,-0.184719,2.366902,,,,,,
76228,,,,,,,,,0.741622,-0.652433,,,47.273693,43.625435,0.249828,0.240043,,,,0.187787,-0.179492,2.360920,,,,,,
76236,,,,,,,,,,,,,,,,,,,,0.182393,-0.174095,2.360907,,,,,,
76239,,,,,,,,,0.796557,0.652434,,,47.399685,44.330040,0.249553,0.234304,,,,,,,,,,,,
76249,,,,,,,,,0.796557,-1.957302,,,48.050236,44.922894,0.243903,0.229565,,,,0.176941,-0.168463,2.357901,,,,,,
76258,0.176811,-0.168232,2.350682,0.154508,-0.146946,2.436722,0.742342,-0.904389,0.796557,-0.652434,55.247276,54.537224,49.142155,45.421722,0.263425,0.263108,0.030818,0.000889,0.086039,0.171649,-0.162929,2.354920,,,,,,
76264,,,,,,,,,,,,,,,,,,,,0.166433,-0.157425,2.351940,,,,,,
76269,,,,,,,,,0.824024,1.304869,,,48.971806,46.930523,0.266384,0.249542,,,,,,,,,,,,
76278,,,,,,,,,0.796557,-0.652434,,,49.373020,47.110939,0.263546,0.249223,,,,0.160938,-0.151638,2.351965,,,,,,
76286,,,,,,,,,,,,,,,,,,,,0.155175,-0.145779,2.348990,,,,,,
76289,,,,,,,,,0.878959,0.000000,,,49.710602,47.807285,0.261278,0.243605,,,,,,,,,,,,
76299,,,,,,,,,0.796557,-0.652434,,,50.539185,48.393192,0.253934,0.238975,,,,0.149315,-0.139838,2.345909,,,,,,
76308,0.149306,-0.139811,2.343572,0.124345,-0.120438,2.406170,0.784522,-0.699674,0.824024,0.000000,57.976376,57.501263,51.780899,49.975262,0.270047,0.254300,0.031297,0.004347,0.062598,0.143177,-0.133373,2.342870,,,,,,
76315,,,,,,,,,,,,,,,,,,,,0.137427,-0.127188,2.336872,,,,,,
76319,,,,,,,,,0.878959,0.000000,,,51.192047,49.128242,0.277292,0.264445,,,,,,,,,,,,
76329,,,,,,,,,0.878959,-1.304869,,,51.785671,50.049187,0.272594,0.256726,,,,0.131519,-0.121101,2.336840,,,,,,
76337,,,,,,,,,0.906427,0.652435,,,52.829693,50.824070,0.263183,0.250312,,,,0.125632,-0.114993,2.333863,,,,,,
76349,,,,,,,,,0.906427,-0.652435,,,53.163589,51.476055,0.260807,0.244997,,,,0.119489,-0.108614,2.327850,,,,,,
76357,0.119378,-0.108469,2.326432,0.093691,-0.092031,2.383651,0.820688,-0.526874,,,59.336384,59.719879,53.444527,52.024635,0.272776,0.263237,0.029579,0.007423,0.057219,,,,,,,,,
76360,,,,,,,,,0.933894,0.000000,,,,,,,,,,0.113278,-0.102110,2.324827,,,,,,
76366,,,,,,,,,,,,,,,,,,,,0.107199,-0.095580,2.318738,,,,,,
76369,,,,,,,,,0.824024,-1.304869,,,54.769997,52.486214,0.260434,0.260068,,,,,,,,,,,,
76379,,,,,,,,,0.961362,-0.652434,,,55.340702,53.419128,0.255526,0.251999,,,,0.101037,-0.088953,2.315743,,,,,,
76388,,,,,,,,,0.906427,-0.652435,,,55.820892,53.659538,0.251428,0.250807,,,,0.095045,-0.082313,2.309709,,,,,,
76396,,,,,,,,,,,,,,,,,,,,0.088727,-0.075630,2.306729,,,,,,
76399,,,,,,,,,0.906427,0.652435,,,56.224926,54.406364,0.248010,0.244401,,,,,,,,,,,,
76407,0.088657,-0.075650,2.311118,0.062667,-0.062172,2.368196,0.849828,-0.377110,,,60.082916,61.430801,56.564880,55.034744,0.252779,0.256506,0.027481,0.010096,0.057078,,,,,,,,,
76410,,,,,,,,,1.016297,-0.652434,,,,,,,,,,0.082613,-0.068611,2.303670,,,,,,
76417,,,,,,,,,0.851492,-0.652435,,,56.850918,55.018917,0.250565,0.257946,,,,0.076392,-0.061699,2.297553,,,,,,
76425,,,,,,,,,,,,,,,,,,,,0.070205,-0.054739,2.294543,,,,,,
76429,,,,,,,,,0.933894,1.304869,,,57.091591,55.550144,0.248756,0.253810,,,,,,,,,,,,
76439,,,,,,,,,0.933894,-1.304869,,,57.294090,55.997120,0.247289,0.250427,,,,0.064135,-0.047800,2.291507,,,,,,
76446,,,,,,,,,,,,,,,,,,,,0.058177,-0.040875,2.294638,,,,,,
76449,,,,,,,,,0.961362,0.652434,,,58.009018,56.917747,0.240555,0.242124,,,,,,,,,,,,
76457,0.057977,-0.040849,2.298754,0.031395,-0.031333,2.359165,0.871178,-0.243204,0.686687,0.652435,60.114887,62.528236,55.343300,54.425102,0.268486,0.279645,0.024790,0.013513,0.060411,,,,,,,,,
76461,,,,,,,,,,,,,,,,,,,,0.051929,-0.033960,2.291611,,,,,,
76469,,,,,,,,,0.961362,0.652434,,,55.823078,55.595051,0.264547,0.269332,,,,0.045693,-0.026689,2.291545,,,,,,
76476,,,,,,,,,,,,,,,,,,,,0.039189,-0.019220,2.288415,,,,,,
76479,,,,,,,,,0.988829,-1.304868,,,56.771309,56.579445,0.255733,0.260678,,,,,,,,,,,,
76484,,,,,,,,,,,,,,,,,,,,0.032809,-0.011723,2.288468,,,,,,
76489,,,,,,,,,0.933894,0.000000,,,57.569149,56.863171,0.248264,0.258974,,,,,,,,,,,,
76497,,,,,,,,,0.961362,0.652434,,,57.695908,57.646442,0.247480,0.252117,,,,0.032809,-0.011723,2.288468,,,,,,
76508,0.032198,-0.011191,2.292065,0.000000,-0.000000,2.356195,0.884200,-0.119218,1.016297,-0.652434,61.782501,65.202248,58.347107,58.305489,0.258331,0.273646,0.029666,0.016790,0.064130,,,,,,,,,
76517,,,,,,,,,0.933894,1.304869,,,58.350483,58.860008,0.258984,0.269370,,,,0.014255,0.009677,2.297683,,,,,,
76525,,,,,,,,,,,,,,,,,,,,0.007426,0.017515,2.297525,,,,,,
76529,,,,,,,,,0.961362,0.652434,,,58.353325,59.326580,0.259641,0.265879,,,,,,,,,,,,
76539,,,,,,,,,1.016297,-0.652434,,,58.900257,59.719154,0.254748,0.263050,,,,0.001063,0.024881,2.300649,,,,,,
76548,,,,,,,,,0.961362,1.957303,,,58.815903,60.594009,0.256185,0.255223,,,,-0.005234,0.032319,2.303641,,,,,,
76558,-0.004882,0.031582,2.310873,-0.031395,0.031333,2.359165,0.888577,-0.000000,0.769089,0.000000,58.816582,62.079399,57.111298,58.607395,0.243913,0.244555,0.017695,0.019746,0.048293,-0.011780,0.039728,2.312721,,,,,,
76569,,,,,,,,,1.016297,0.652434,,,57.310673,59.114033,0.242221,0.240082,,,,-0.018428,0.047364,2.312694,,,,,,
76578,,,,,,,,,0.933894,0.000000,,,58.022972,59.540318,0.235256,0.236327,,,,-0.025215,0.055068,2.318769,,,,,,
76585,,,,,,,,,,,,,,,,,,,,-0.032187,0.062677,2.321697,,,,,,
76589,,,,,,,,,0.961362,0.652434,,,58.077755,59.898994,0.234856,0.233176,,,,,,,,,,,,
76599,,,,,,,,,1.016297,0.652434,,,58.668392,60.200783,0.228979,0.230534,,,,-0.039002,0.069990,2.324744,,,,,,
76608,-0.039061,0.069873,2.326313,-0.062667,0.062172,2.368196,0.884200,0.119218,0.906427,-0.652435,56.393566,59.986012,59.709900,59.910164,0.193671,0.212521,0.010580,0.022463,0.041883,-0.045781,0.077186,2.330698,,,,,,
76617,,,,,,,,,0.988829,0.000000,,,58.408051,60.210182,0.206287,0.209476,,,,-0.052357,0.084477,2.333747,,,,,,
76629,,,,,,,,,0.906427,1.957303,,,57.857216,60.462616,0.211502,0.206857,,,,-0.059177,0.091740,2.339730,,,,,,
76637,,,,,,,,,0.961362,-0.652434,,,57.938290,60.130470,0.210382,0.210149,,,,-0.065806,0.098720,2.342801,,,,,,
76645,,,,,,,,,,,,,,,,,,,,-0.072416,0.105996,2.348699,,,,,,
76649,,,,,,,,,0.906427,0.652435,,,58.006504,59.851006,0.209378,0.212971,,,,,,,,,,,,
76658,-0.072267,0.105693,2.349554,-0.093691,0.092031,2.383651,0.871178,0.243204,1.016297,0.652434,53.994915,57.833637,57.519356,59.615864,0.189558,0.193442,0.005324,0.024845,0.034096,-0.078925,0.112972,2.351666,,,,,,
76666,,,,,,,,,,,,,,,,,,,,-0.085685,0.119928,2.354678,,,,,,
76669,,,,,,,,,0.796557,0.652434,,,57.109470,59.418015,0.193034,0.195104,,,,,,,,,,,,
76676,,,,,,,,,,,,,,,,,,,,-0.092489,0.126786,2.354587,,,,,,
76679,,,,,,,,,0.906427,0.652435,,,56.764591,58.707001,0.195929,0.202039,,,,,,,,,,,,
76688,,,,,,,,,0.906427,-0.652435,,,56.474411,58.108753,0.198335,0.207967,,,,-0.099318,0.133557,2.357509,,,,,,
76696,,,,,,,,,,,,,,,,,,,,-0.106127,0.140152,2.357249,,,,,,
76699,,,,,,,,,0.851492,0.652435,,,56.230251,58.149933,0.200329,0.207492,,,,,,,,,,,,
76707,-0.105831,0.139767,2.359339,-0.124345,0.120438,2.406170,0.849828,0.377110,,,50.309990,55.524956,55.480274,57.640038,0.169946,0.189081,-0.000493,0.026761,0.046831,,,,,,,,,
76710,,,,,,,,,0.933894,0.000000,,,,,,,,,,-0.112559,0.146723,2.363270,,,,,,
76718,,,,,,,,,0.769089,0.000000,,,55.393787,56.666466,0.169794,0.198588,,,,-0.119199,0.153360,2.363081,,,,,,
76726,,,,,,,,,,,,,,,,,,,,-0.125596,0.159834,2.369107,,,,,,
76729,,,,,,,,,0.878959,1.304869,,,54.776474,56.391850,0.175073,0.201161,,,,,,,,,,,,
76739,,,,,,,,,0.851492,0.652435,,,53.712524,56.160786,0.185032,0.203344,,,,-0.132176,0.166408,2.371774,,,,,,
76747,,,,,,,,,0.769089,1.304867,,,52.817314,55.966370,0.193483,0.205200,,,,-0.138610,0.172691,2.377556,,,,,,
76755,-0.144088,0.178128,2.386640,,,,,,,,,,,,,,,,,-0.145022,0.179234,2.383169,,,,,,
76758,,,,-0.154508,0.146946,2.436722,0.820688,0.526874,0.824024,0.000000,44.283070,50.423744,52.608627,55.258244,0.133636,0.160303,-0.013779,0.029851,0.050082,,,,,,,,,
76769,,,,,,,,,0.824024,1.304869,,,51.343956,54.662426,0.144870,0.165413,,,,-0.151296,0.185501,2.392027,,,,,,
76777,,,,,,,,,0.741622,0.652433,,,50.279861,54.161106,0.154312,0.169679,,,,-0.157648,0.191860,2.400906,,,,,,
76785,,,,,,,,,,,,,,,,,,,,-0.164059,0.197996,2.412551,,,,,,
76789,,,,,,,,,0.769089,1.304867,,,49.929073,53.739296,0.156690,0.173234,,,,,,,,,,,,
76799,,,,,,,,,0.796557,0.652434,,,49.089378,53.384384,0.164126,0.176191,,,,-0.170186,0.203670,2.421198,,,,,,
76808,-0.170468,0.203776,2.421032,-0.184062,0.171137,2.476669,0.784522,0.699674,0.741622,1.957302,42.139538,49.406284,48.382858,53.085762,0.148507,0.168266,-0.011320,0.033496,0.055637,-0.175771,0.208915,2.433322,,,,,,
76817,,,,,,,,,0.741622,0.652433,,,47.788391,52.289959,0.153322,0.175648,,,,-0.181343,0.213782,2.442088,,,,,,
76828,,,,,,,,,0.686687,0.652435,,,46.743664,51.075829,0.162849,0.187455,,,,-0.186786,0.218634,2.454248,,,,,,
76836,,,,,,,,,,,,,,,,,,,,-0.192385,0.223505,2.463198,,,,,,
76839,,,,,,,,,0.714154,1.304868,,,45.864632,50.598801,0.170894,0.191987,,,,,,,,,,,,
76849,,,,,,,,,0.741622,0.652433,,,45.125015,50.197430,0.177693,0.195842,,,,-0.198028,0.228080,2.474953,,,,,,
76857,-0.198090,0.228051,2.473164,-0.212890,0.192628,2.527872,0.742342,0.904389,,,39.324509,47.513866,44.502701,49.859715,0.154730,0.179826,-0.010339,0.036973,0.054708,,,,,,,,,
76860,,,,,,,,,0.741622,3.262171,,,,,,,,,,-0.203677,0.232610,2.489527,,,,,,
76866,,,,,,,,,,,,,,,,,,,,-0.209360,0.237067,2.498198,,,,,,
76869,,,,,,,,,0.686687,0.652435,,,43.979084,50.120106,0.159036,0.176701,,,,,,,,,,,,
76879,,,,,,,,,0.714155,0.000000,,,43.538513,49.250114,0.162598,0.185054,,,,-0.214881,0.241252,2.509885,,,,,,
76888,,,,,,,,,0.686687,1.957303,,,43.167816,49.062645,0.165537,0.186619,,,,-0.220771,0.245398,2.521345,,,,,,
76895,,,,,,,,,,,,,,,,,,,,-0.226272,0.249580,2.536098,,,,,,
76899,,,,,,,,,0.686687,1.957303,,,42.311371,48.360367,0.173504,0.193472,,,,,,,,,,,,
76907,-0.226249,0.249453,2.539027,-0.240877,0.211082,2.592789,0.695427,1.151942,,,36.025589,45.323788,42.135300,48.314011,0.141053,0.171437,-0.009695,0.039904,0.053762,,,,,,,,,
76910,,,,,,,,,0.741622,0.652433,,,,,,,,,,-0.231964,0.253563,2.550521,,,,,,
76917,,,,,,,,,0.631752,1.957303,,,41.442612,48.275005,0.146897,0.171237,,,,-0.237338,0.257419,2.565092,,,,,,
76925,,,,,,,,,,,,,,,,,,,,-0.242966,0.261266,2.576734,,,,,,
76929,,,,,,,,,0.686687,0.652435,,,40.859783,47.697647,0.151758,0.176535,,,,,,,,,,,,
76939,,,,,,,,,0.714154,1.304868,,,40.913937,47.756397,0.150239,0.175461,,,,-0.248469,0.264745,2.588428,,,,,,
76947,,,,,,,,,0.631752,1.957303,,,40.414955,47.261288,0.154351,0.180025,,,,-0.254173,0.268195,2.602817,,,,,,
76955,-0.259127,0.271068,2.618830,,,,,,,,,,,,,,,,,-0.259680,0.271522,2.617177,,,,,,
76958,,,,-0.267913,0.226207,2.674525,0.645373,1.455098,0.686687,1.957303,30.711098,41.518715,39.995113,46.844704,0.103548,0.145075,-0.014785,0.043256,0.055696,,,,,,,,,
76969,,,,,,,,,0.631752,0.652435,,,39.097317,45.949646,0.110849,0.153139,,,,-0.265245,0.274824,2.631358,,,,,,
76977,,,,,,,,,0.576817,1.957303,,,38.341908,45.741089,0.116876,0.154380,,,,-0.270750,0.277878,2.645818,,,,,,
76984,,,,,,,,,,,,,,,,,,,,-0.276231,0.280933,2.662952,,,,,,
76989,,,,,,,,,0.604285,1.304869,,,37.706306,45.021065,0.121833,0.160880,,,,,,,,,,,,
76998,,,,,,,,,0.604285,2.609737,,,36.626968,44.959782,0.131444,0.160805,,,,-0.281645,0.283967,2.680031,,,,,,
77006,-0.287083,0.286659,2.704006,-0.293893,0.237764,2.776730,0.594144,1.826677,,,26.331457,39.555515,,,,,-0.014551,0.047174,0.072723,-0.287165,0.286855,2.699859,,,,,,
77009,,,,,,,,,0.604285,1.304869,,,35.718815,44.363674,0.094851,0.146172,,,,,,,,,,,,
77019,,,,,,,,,0.549350,2.609737,,,34.954697,43.862106,0.100768,0.150327,,,,-0.292827,0.289588,2.716657,,,,,,
77028,,,,,,,,,0.576817,1.957303,,,33.767223,42.895546,0.111155,0.159324,,,,-0.298286,0.292054,2.736321,,,,,,
77036,,,,,,,,,,,,,,,,,,,,-0.303930,0.294446,2.756023,,,,,,
77039,,,,,,,,,0.549350,2.609737,,,32.768082,42.626823,0.119859,0.161397,,,,,,,,,,,,
77049,,,,,,,,,0.521882,1.957302,,,31.927404,42.400723,0.127147,0.163089,,,,-0.309406,0.296803,2.778347,,,,,,
77057,-0.309557,0.296785,2.780320,-0.318712,0.245572,2.903033,0.544140,2.274021,0.549350,2.609737,22.544436,39.596310,,,,,-0.009538,0.051143,0.122713,,,,,,,,,
77060,,,,,,,,,,,,,31.764603,42.210480,0.089061,0.164877,,,,-0.314932,0.299025,2.803441,,,,,,
77067,,,,,,,,,0.494415,2.609737,,,30.538534,41.505867,0.099723,0.171541,,,,-0.320444,0.301141,2.828573,,,,,,
77075,,,,,,,,,,,,,,,,,,,,-0.325978,0.303138,2.850823,,,,,,
77079,,,,,,,,,0.549350,3.914606,,,29.506922,41.457550,0.108646,0.171652,,,,,,,,,,,,
77089,,,,,,,,,0.521882,1.957302,,,29.183466,41.416897,0.110553,0.171694,,,,-0.331294,0.304911,2.878784,,,,,,
77096,,,,,,,,,,,,,,,,,,,,-0.336253,0.306442,2.909649,,,,,,
77099,,,,,,,,,0.521882,3.262171,,,28.366766,41.382690,0.117556,0.171679,,,,,,,,,,,,
77104,,,,,,,,,,,,,,,,,,,,-0.340992,0.307618,2.940322,,,,,,
77107,-0.340458,0.307314,2.940580,-0.342274,0.249507,3.055669,0.498238,2.786433,0.549350,3.914606,18.601261,37.774815,27.679596,41.898453,0.083180,0.147482,-0.009763,0.057006,0.115089,,,,,,,,,
77118,,,,,,,,,0.494415,2.609737,,,27.101410,41.243328,0.087262,0.153339,,,,-0.345572,0.308723,2.971114,,,,,,
77126,,,,,,,,,,,,,,,,,,,,-0.350342,0.309672,3.004676,,,,,,
77129,,,,,,,,,0.494415,3.914605,,,26.070381,41.236649,0.096078,0.152714,,,,,,,,,,,,
77139,,,,,,,,,0.494415,2.609737,,,25.202875,40.686485,0.103433,0.157633,,,,-0.354863,0.310449,3.038114,,,,,,
77148,,,,,,,,,0.494415,3.914605,,,25.017498,40.768124,0.104003,0.156218,,,,-0.359575,0.311007,3.076910,,,,,,
77155,-0.364155,0.311310,3.114910,,,,,,,,,,,,,,,,,-0.364074,0.311438,3.112953,,,,,,
77158,,,,-0.364484,0.249507,-3.050123,0.459720,3.314670,0.494415,3.914605,17.279631,39.042130,24.316978,40.836811,0.096385,0.167845,-0.001320,0.061789,0.118152,,,,,,,,,
77169,,,,,,,,,0.494415,3.914605,,,23.727562,40.350063,0.100989,0.172451,,,,-0.368596,0.311725,-3.136972,,,,,,
77177,,,,,,,,,0.494415,3.914605,,,22.687084,40.485058,0.110313,0.170813,,,,-0.372981,0.311850,-3.100913,,,,,,
77185,,,,,,,,,,,,,,,,,,,,-0.377271,0.311894,-3.064770,,,,,,
77189,,,,,,,,,0.494415,3.914605,,,22.900711,40.598640,0.107052,0.169365,,,,,,,,,,,,
77199,,,,,,,,,0.466947,3.262170,,,22.535915,40.694210,0.109649,0.168079,,,,-0.381556,0.311755,-3.028669,,,,,,
77208,-0.382052,0.311614,-3.026699,-0.385257,0.245572,-2.855680,0.431919,3.755346,0.466947,3.262170,16.978823,42.273006,22.228975,40.774620,0.108660,0.199884,0.010755,0.065239,0.171019,-0.385660,0.311501,-2.989625,,,,,,
77214,,,,,,,,,,,,,,,,,,,,-0.389622,0.311198,-2.953336,,,,,,
77219,,,,,,,,,0.466947,4.567039,,,21.426172,40.297733,0.115799,0.205048,,,,,,,,,,,,
77229,,,,,,,,,0.439480,3.914605,,,20.750694,39.896481,0.121799,0.209535,,,,-0.393748,0.310662,-2.911522,,,,,,
77236,,,,,,,,,,,,,,,,,,,,-0.398327,0.309832,-2.872567,,,,,,
77239,,,,,,,,,0.466947,4.567039,,,20.182348,40.103413,0.126842,0.207900,,,,,,,,,,,,
77244,,,,,,,,,,,,,,,,,,,,-0.402764,0.308914,-2.830554,,,,,,
77249,,,,,,,,,0.466947,4.567039,,,19.704142,40.277523,0.131079,0.206558,,,,,,,,,,,,
77258,-0.402935,0.308700,-2.827854,-0.404508,0.237764,-2.657573,0.417452,3.975972,0.521882,4.567040,19.154533,45.428371,18.757235,38.245850,0.162385,0.259865,0.023389,0.066988,0.170281,-0.407456,0.307704,-2.788571,,,,,,
77266,,,,,,,,,,,,,,,,,,,,-0.411774,0.306316,-2.743470,,,,,,
77269,,,,,,,,,0.439480,3.914605,,,19.594137,40.892746,0.153928,0.234303,,,,,,,,,,,,
77279,,,,,,,,,0.549350,5.219473,,,19.753763,41.486214,0.152212,0.229157,,,,-0.416230,0.304752,-2.701069,,,,,,
77288,,,,,,,,,0.466947,4.567039,,,19.343529,41.985558,0.156276,0.224852,,,,-0.420491,0.303015,-2.655453,,,,,,
77297,,,,,,,,,0.521882,4.567040,,,19.542902,42.405704,0.154205,0.221255,,,,-0.425118,0.300855,-2.609829,,,,,,
77307,-0.425250,0.300606,-2.608966,-0.422164,0.226207,-2.470140,0.417245,3.898387,0.521882,4.567040,23.191574,48.218075,,,,,0.035121,0.065660,0.138826,,,,,,,,,
77310,,,,,,,,,,,,,19.710655,42.759216,0.193594,0.246709,,,,-0.429598,0.298632,-2.563787,,,,,,
77317,,,,,,,,,0.576817,4.567039,,,20.396345,43.056660,0.187296,0.244767,,,,-0.434236,0.295949,-2.517492,,,,,,
77325,,,,,,,,,,,,,,,,,,,,-0.438610,0.293303,-2.470678,,,,,,
77329,,,,,,,,,0.549350,3.914606,,,20.973284,43.851471,0.181970,0.237692,,,,,,,,,,,,
77339,,,,,,,,,0.576817,4.567039,,,21.458721,44.520226,0.177462,0.231744,,,,-0.442830,0.290474,-2.426441,,,,,,
77347,,,,,,,,,0.549350,3.914606,,,21.867167,44.538376,0.173643,0.232298,,,,-0.447321,0.287283,-2.381891,,,,,,
77358,-0.447327,0.287037,-2.384526,-0.438153,0.211082,-2.303106,0.430019,3.565917,0.466947,3.262170,28.678509,50.487869,21.666290,43.464558,0.231923,0.267139,0.045497,0.061509,0.081419,-0.452069,0.283558,-2.339999,,,,,,
77369,,,,,,,,,0.741622,5.871908,,,23.130903,45.828308,0.218387,0.244433,,,,-0.456611,0.279691,-2.300704,,,,,,
77376,,,,,,,,,,,,,,,,,,,,-0.461104,0.275428,-2.258000,,,,,,
77379,,,,,,,,,0.604285,3.914605,,,23.818684,46.728081,0.212481,0.236188,,,,,,,,,,,,
77389,,,,,,,,,0.686687,3.262170,,,25.486469,47.485149,0.196441,0.229218,,,,-0.465064,0.271332,-2.217937,,,,,,
77398,,,,,,,,,0.659220,3.914604,,,26.345201,47.577602,0.188321,0.228875,,,,-0.468973,0.266969,-2.180703,,,,,,
77406,-0.472576,0.262211,-2.149822,-0.452414,0.192628,-2.159700,0.452737,3.105463,,,33.149006,49.994671,,,,,0.047208,0.054952,-0.009877,-0.472915,0.262221,-2.146245,,,,,,
77409,,,,,,,,,0.604285,2.609737,,,27.067738,47.655392,0.227017,0.223633,,,,,,,,,,,,
77419,,,,,,,,,0.686687,3.262170,,,27.675680,48.265388,0.222032,0.217879,,,,-0.477075,0.257062,-2.111445,,,,,,
77428,,,,,,,,,0.659220,2.609737,,,28.731745,48.234097,0.212355,0.218544,,,,-0.480906,0.251565,-2.079488,,,,,,
77436,,,,,,,,,,,,,,,,,,,,-0.484464,0.246000,-2.047180,,,,,,
77439,,,,,,,,,0.686687,3.262170,,,30.164862,48.752312,0.198620,0.213610,,,,,,,,,,,,
77449,,,,,,,,,0.714154,2.609737,,,30.826143,48.643795,0.192472,0.214966,,,,-0.487636,0.240401,-2.014629,,,,,,
77467,-0.486676,0.241742,-2.023238,-0.464888,0.171137,-2.038431,0.481637,2.636673,0.137337,0.652434,38.189148,52.369942,,,,,0.053976,0.050461,-0.015193,,,,,,,,,
77470,,,,,,,,,0.631752,0.652435,,,27.321625,40.852055,0.281236,0.319703,,,,-0.490882,0.234563,-1.991606,,,,,,
77479,,,,,,,,,0.631752,1.957303,,,28.978386,41.996517,0.266510,0.310333,,,,,,,,,,,,
77489,,,,,,,,,0.741622,1.957302,,,30.916929,44.048553,0.248579,0.291477,,,,-0.499710,0.215858,-1.921493,,,,,,
77499,,,,,,,,,0.796557,3.262171,,,33.092564,45.775139,0.227842,0.275530,,,,-0.499710,0.215858,-1.921493,,,,,,
77507,-0.499843,0.214921,-1.916350,-0.475528,0.146946,-1.935660,0.513114,2.226778,,,41.816921,53.653339,34.378597,47.227886,0.252747,0.275122,0.055721,0.045902,-0.019310,,,,,,,,,
77510,,,,,,,,,0.796557,1.957302,,,,,,,,,,-0.502197,0.209747,-1.897834,,,,,,
77517,,,,,,,,,0.741622,1.957302,,,36.005211,48.450230,0.237643,0.263939,,,,-0.504453,0.203309,-1.873893,,,,,,
77524,,,,,,,,,,,,,,,,,,,,-0.506787,0.196174,-1.849746,,,,,,
77529,,,,,,,,,0.769089,2.609737,,,36.829300,49.478706,0.230400,0.254489,,,,,,,,,,,,
77532,,,,,,,,,,,,,,,,,,,,-0.509221,0.188856,-1.828872,,,,,,
77539,,,,,,,,,0.796557,1.957302,,,38.067230,50.344067,0.218771,0.246497,,,,-0.511479,0.181520,-1.804289,,,,,,
77547,,,,,,,,,0.796557,1.957302,,,39.108826,51.072182,0.208896,0.239732,,,,-0.513716,0.173860,-1.779474,,,,,,
77555,-0.515512,0.166954,-1.763091,,,,,,,,,,,,,,,,,-0.515897,0.166054,-1.758013,,,,,,
77558,,,,-0.484292,0.120438,-1.847319,0.544140,1.897844,0.824024,2.609737,41.163738,48.939541,39.985222,52.229362,0.193836,0.180364,0.039692,0.039534,-0.084228,,,,,,,,,
77569,,,,,,,,,0.796557,1.957302,,,40.178078,52.113926,0.192105,0.180884,,,,-0.517916,0.158168,-1.736341,,,,,,
77577,,,,,,,,,0.714154,1.304868,,,40.884892,52.016796,0.185093,0.181240,,,,-0.519719,0.150013,-1.718125,,,,,,
77585,,,,,,,,,,,,,,,,,,,,-0.521254,0.141851,-1.692346,,,,,,
77589,,,,,,,,,0.769089,1.304867,,,41.479603,51.935074,0.179082,0.181458,,,,,,,,,,,,
77599,,,,,,,,,0.741622,1.957302,,,41.435452,51.866310,0.179469,0.181560,,,,-0.522550,0.133541,-1.673666,,,,,,
77608,-0.522406,0.133265,-1.672963,-0.491144,0.092031,-1.769666,0.572343,1.648322,0.796557,0.652434,43.332985,49.155552,41.942844,51.263912,0.196366,0.189323,0.037831,0.035304,-0.096703,-0.523762,0.125393,-1.662326,,,,,,
77619,,,,,,,,,0.769089,1.304867,,,42.369766,51.301598,0.192289,0.188517,,,,-0.524636,0.117249,-1.647142,,,,,,
77628,,,,,,,,,0.714154,1.304868,,,42.728977,50.788761,0.188818,0.193318,,,,-0.525511,0.109375,-1.631891,,,,,,
77636,,,,,,,,,,,,,,,,,,,,-0.526180,0.101477,-1.624195,,,,,,
77639,,,,,,,,,0.741622,0.652433,,,43.031219,50.901806,0.185856,0.191839,,,,,,,,,,,,
77645,,,,,,,,,,,,,,,,,,,,-0.526496,0.093682,-1.616556,,,,,,
77649,,,,,,,,,0.741622,1.957302,,,42.740982,50.452377,0.188877,0.196073,,,,,,,,,,,,
77657,-0.526329,0.093897,-1.613081,-0.496057,0.062172,-1.699480,0.595942,1.468505,0.769089,0.000000,43.124847,48.199730,,,,,0.030417,0.031586,-0.086399,,,,,,,,,
77660,,,,,,,,,,,,,43.585861,50.618771,0.178254,0.184368,,,,-0.526825,0.086165,-1.608971,,,,,,
77669,,,,,,,,,0.741622,0.652433,,,43.752201,50.214230,0.176466,0.188010,,,,-0.527091,0.078614,-1.601269,,,,,,
77679,,,,,,,,,0.769089,1.304867,,,43.347614,49.329308,0.180467,0.196633,,,,-0.527446,0.071110,-1.593626,,,,,,
77686,,,,,,,,,,,,,,,,,,,,-0.527777,0.063749,-1.586024,,,,,,
77689,,,,,,,,,0.686687,0.652435,,,43.551739,49.673820,0.178340,0.192893,,,,,,,,,,,,
77695,,,,,,,,,,,,,,,,,,,,-0.528132,0.056501,-1.578233,,,,,,
77699,,,,,,,,,0.796557,0.652434,,,43.723488,49.419151,0.176503,0.195196,,,,,,,,,,,,
77707,-0.528067,0.056298,-1.578422,-0.499013,0.031333,-1.634002,0.613653,1.348095,,,42.498894,48.007130,,,,,0.024743,0.029244,-0.055580,-0.528355,0.049321,-1.574521,,,,,,
77710,,,,,,,,,0.741622,0.652433,,,44.412540,49.749416,0.162970,0.189619,,,,,,,,,,,,
77717,,,,,,,,,0.686687,0.652435,,,43.903225,48.938213,0.167782,0.197545,,,,-0.528535,0.042240,-1.567073,,,,,,
77726,,,,,,,,,,,,,,,,,,,,-0.528715,0.034729,-1.559273,,,,,,
77729,,,,,,,,,0.741622,1.957302,,,43.474686,49.344753,0.171873,0.193212,,,,,,,,,,,,
77739,,,,,,,,,0.714154,1.304868,,,43.114113,48.597733,0.175355,0.200564,,,,-0.528926,0.026857,-1.551688,,,,,,
77748,,,,,,,,,0.686687,0.652435,,,42.810726,48.513729,0.178327,0.201303,,,,-0.529041,0.019317,-1.536303,,,,,,
77756,-0.528821,0.012709,-1.530301,-0.500000,0.000000,-1.570796,0.624611,1.279096,,,40.059792,45.751953,,,,,0.013866,0.028282,-0.040495,-0.528921,0.011861,-1.528878,,,,,,
77759,,,,,,,,,0.741622,1.957302,,,42.555458,48.443050,0.155989,0.178920,,,,,,,,,,,,
77769,,,,,,,,,0.686687,0.652435,,,42.340675,48.383579,0.157681,0.178988,,,,-0.528693,0.004294,-1.517300,,,,,,
77778,,,,,,,,,0.714154,1.304868,,,42.159958,47.788998,0.159068,0.184526,,,,-0.528493,-0.002982,-1.505872,,,,,,
77786,,,,,,,,,,,,,,,,,,,,-0.528048,-0.009990,-1.490847,,,,,,
77789,,,,,,,,,0.631752,0.652435,,,41.463356,47.288719,0.165754,0.189222,,,,,,,,,,,,
77799,,,,,,,,,0.769089,1.304867,,,41.421780,47.412327,0.165897,0.187654,,,,-0.527507,-0.016875,-1.479583,,,,,,
77807,-0.527386,-0.017611,-1.478366,-0.499013,-0.031333,-1.507591,0.628319,1.256637,0.659220,1.304869,40.838005,46.826984,,,,,0.016282,0.026985,-0.029225,-0.527057,-0.023928,-1.464642,,,,,,
77810,,,,,,,,,,,,,41.386799,47.516331,0.173919,0.197226,,,,,,,,,,,,
77815,,,,,,,,,,,,,,,,,,,,-0.526527,-0.030929,-1.449615,,,,,,
77819,,,,,,,,,0.741622,1.957302,,,40.812820,47.603840,0.179664,0.196196,,,,,,,,,,,,
77829,,,,,,,,,0.686687,1.957303,,,40.874420,47.677467,0.179041,0.195289,,,,-0.525723,-0.037677,-1.438495,,,,,,
77837,,,,,,,,,0.714155,0.000000,,,41.470795,47.739418,0.172950,0.194487,,,,-0.524907,-0.044294,-1.423687,,,,,,
77844,,,,,,,,,,,,,,,,,,,,-0.524092,-0.050639,-1.409024,,,,,,
77849,,,,,,,,,0.714154,1.304868,,,41.428040,47.791546,0.173260,0.193773,,,,,,,,,,,,
77857,-0.523994,-0.050841,-1.409370,-0.496057,-0.062172,-1.442113,0.624611,1.279096,,,40.451691,46.399544,40.302979,47.835403,0.180677,0.188773,0.015674,0.025753,-0.032743,,,,,,,,,
77860,,,,,,,,,0.686687,3.262170,,,,,,,,,,-0.523274,-0.057264,-1.398082,,,,,,
77866,,,,,,,,,,,,,,,,,,,,-0.522329,-0.064128,-1.383652,,,,,,
77869,,,,,,,,,0.686687,0.652435,,,40.445438,47.327763,0.179254,0.193664,,,,,,,,,,,,
77879,,,,,,,,,0.659220,1.304869,,,40.020760,47.445179,0.183587,0.192280,,,,-0.521197,-0.071163,-1.369401,,,,,,
77888,,,,,,,,,0.659220,1.304869,,,39.663437,46.999428,0.187318,0.196618,,,,-0.519911,-0.078287,-1.351629,,,,,,
77895,,,,,,,,,,,,,,,,,,,,-0.518547,-0.085277,-1.341081,,,,,,
77899,,,,,,,,,0.686687,0.652435,,,39.907330,46.624374,0.184988,0.200323,,,,,,,,,,,,
77907,-0.518487,-0.085222,-1.344076,-0.491144,-0.092031,-1.371926,0.613653,1.348095,,,38.682194,45.184010,39.567997,46.853348,0.170509,0.185545,0.012781,0.025113,-0.027850,,,,,,,,,
77910,,,,,,,,,0.741622,1.957302,,,,,,,,,,-0.517150,-0.091936,-1.327117,,,,,,
77918,,,,,,,,,0.686687,0.652435,,,39.827026,47.046005,0.167689,0.183246,,,,-0.515824,-0.098730,-1.309416,,,,,,
77926,,,,,,,,,,,,,,,,,,,,-0.514322,-0.105311,-1.298918,,,,,,
77929,,,,,,,,,0.659220,1.304869,,,40.044971,46.663567,0.165237,0.186774,,,,,,,,,,,,
77939,,,,,,,,,0.659220,1.304869,,,39.683807,46.341782,0.168649,0.189760,,,,-0.512656,-0.112139,-1.288538,,,,,,
77948,,,,,,,,,0.686687,1.957303,,,39.379925,46.615574,0.171548,0.186736,,,,-0.510903,-0.118660,-1.274682,,,,,,
77956,-0.509123,-0.124516,-1.262887,-0.484292,-0.120438,-1.294274,0.595942,1.468505,,,34.743790,41.759277,,,,,0.003639,0.024899,-0.031388,-0.509117,-0.125088,-1.264410,,,,,,
77959,,,,,,,,,0.686687,0.652435,,,39.668781,46.301399,0.128290,0.154722,,,,,,,,,,,,
77969,,,,,,,,,0.659220,1.304869,,,38.822739,46.037052,0.135935,0.156510,,,,-0.507146,-0.131851,-1.250677,,,,,,
77978,,,,,,,,,0.576817,1.957303,,,38.110878,44.725544,0.142380,0.169032,,,,-0.505101,-0.138469,-1.233657,,,,,,
77986,,,,,,,,,,,,,,,,,,,,-0.502948,-0.144922,-1.223580,,,,,,
77989,,,,,,,,,0.631752,0.652435,,,38.056461,44.711128,0.142262,0.168586,,,,,,,,,,,,
77999,,,,,,,,,0.659220,2.609737,,,37.466133,44.699001,0.147621,0.168119,,,,-0.500883,-0.151317,-1.210039,,,,,,
78008,-0.500582,-0.151649,-1.203527,-0.475528,-0.146946,-1.205932,0.572343,1.648322,0.604285,1.304869,32.546608,41.587097,36.969433,44.688797,0.129731,0.165879,0.004606,0.025072,-0.002404,-0.498722,-0.157839,-1.196690,,,,,,
78014,,,,,,,,,,,,,,,,,,,,-0.496517,-0.164104,-1.179980,,,,,,
78019,,,,,,,,,0.604285,1.304869,,,36.551506,44.135666,0.133110,0.170900,,,,,,,,,,,,
78029,,,,,,,,,0.659220,2.609737,,,36.199863,44.214806,0.135895,0.169584,,,,-0.494244,-0.170300,-1.163363,,,,,,
78037,,,,,,,,,0.604285,1.304869,,,35.903992,43.736851,0.138183,0.173933,,,,-0.491775,-0.176202,-1.146863,,,,,,
78045,,,,,,,,,,,,,,,,,,,,-0.489257,-0.182131,-1.130540,,,,,,
78049,,,,,,,,,0.604285,1.304869,,,35.655045,43.879242,0.140050,0.172051,,,,,,,,,,,,
78057,-0.489219,-0.181908,-1.131193,-0.464888,-0.171137,-1.103162,0.544140,1.897844,0.604285,1.304869,28.462658,39.870182,,,,,0.000608,0.026601,0.028031,,,,,,,,,
78060,,,,,,,,,,,,,35.445583,43.454506,0.099909,0.158412,,,,-0.486645,-0.187675,-1.117514,,,,,,
78067,,,,,,,,,0.604285,2.609737,,,34.724796,43.097134,0.105864,0.161340,,,,-0.483993,-0.193478,-1.098010,,,,,,
78075,,,,,,,,,,,,,,,,,,,,-0.481402,-0.198976,-1.081748,,,,,,
78079,,,,,,,,,0.549350,1.304868,,,33.573784,42.796440,0.116352,0.163762,,,,,,,,,,,,
78089,,,,,,,,,0.576817,1.957303,,,33.149868,42.543438,0.119654,0.165758,,,,-0.478791,-0.204296,-1.059148,,,,,,
78097,,,,,,,,,0.549350,3.914606,,,32.248642,42.875107,0.127909,0.161840,,,,-0.476025,-0.209678,-1.033534,,,,,,
78105,-0.473537,-0.214055,-1.004945,,,,,,,,,,,,,,,,,-0.473376,-0.214831,-1.011304,,,,,,
78108,,,,-0.452414,-0.192628,-0.981893,0.513114,2.226778,0.576817,1.957303,23.688971,36.629284,32.034893,42.609627,0.080641,0.130890,-0.006763,0.029319,0.023052,,,,,,,,,
78119,,,,,,,,,0.521882,3.262171,,,30.765957,41.841709,0.091914,0.137526,,,,-0.470597,-0.219871,-0.982971,,,,,,
78126,,,,,,,,,,,,,,,,,,,,-0.467806,-0.224714,-0.954799,,,,,,
78129,,,,,,,,,0.521882,1.957302,,,29.698275,41.740128,0.101389,0.137520,,,,,,,,,,,,
78134,,,,,,,,,,,,,,,,,,,,-0.464812,-0.229485,-0.929933,,,,,,
78139,,,,,,,,,0.494415,2.609737,,,28.799927,41.110111,0.109351,0.142924,,,,,,,,,,,,
78148,,,,,,,,,0.494415,2.609737,,,28.044056,40.580017,0.116038,0.147435,,,,-0.461768,-0.234065,-0.902050,,,,,,
78158,-0.461535,-0.234063,-0.899738,-0.438153,-0.211082,-0.838487,0.481637,2.636673,0.466947,3.262170,20.956570,37.189690,27.408068,40.133995,0.093784,0.156910,-0.003459,0.032602,0.061252,,,,,,,,,
78169,,,,,,,,,0.494415,2.609737,,,26.872948,39.758713,0.097952,0.160149,,,,-0.455038,-0.242908,-0.850320,,,,,,
78178,,,,,,,,,0.466947,3.262170,,,25.878155,39.442951,0.106916,0.162856,,,,-0.451501,-0.247067,-0.820348,,,,,,
78185,,,,,,,,,,,,,,,,,,,,-0.447895,-0.251023,-0.793183,,,,,,
78189,,,,,,,,,0.494415,2.609737,,,25.585678,39.177269,0.108914,0.165115,,,,,,,,,,,,
78199,,,,,,,,,0.466947,3.262170,,,24.795046,38.953724,0.116053,0.166998,,,,-0.444272,-0.254632,-0.766080,,,,,,
78208,-0.444385,-0.254339,-0.763611,-0.422164,-0.226207,-0.671453,0.452737,3.105463,0.494415,3.914605,17.477076,36.960819,24.129808,39.310177,0.086580,0.160675,-0.003403,0.035687,0.092158,-0.440755,-0.258242,-0.736410,,,,,,
78216,,,,,,,,,,,,,,,,,,,,-0.437067,-0.261780,-0.706902,,,,,,
78219,,,,,,,,,0.494415,2.609737,,,24.114620,38.521011,0.085404,0.168255,,,,,,,,,,,,
78229,,,,,,,,,0.439480,3.914605,,,23.012754,38.401550,0.095316,0.169161,,,,-0.433371,-0.265256,-0.671669,,,,,,
78236,,,,,,,,,,,,,,,,,,,,-0.429566,-0.268400,-0.639348,,,,,,
78239,,,,,,,,,0.439480,3.914605,,,22.085644,38.301033,0.103665,0.169898,,,,,,,,,,,,
78249,,,,,,,,,0.466947,3.262170,,,21.850117,38.761002,0.105146,0.164938,,,,-0.425975,-0.271349,-0.604351,,,,,,
78258,-0.425999,-0.271157,-0.604030,-0.404508,-0.237764,-0.484020,0.430019,3.565917,0.521882,3.262171,15.045727,37.601414,21.651945,38.603477,0.081493,0.172719,-0.001278,0.039691,0.120010,-0.422280,-0.274053,-0.569555,,,,,,
78266,,,,,,,,,,,,,,,,,,,,-0.418472,-0.276593,-0.534858,,,,,,
78269,,,,,,,,,0.384545,3.914605,,,20.940660,38.470936,0.087427,0.173871,,,,,,,,,,,,
78279,,,,,,,,,0.494415,3.914605,,,20.342184,38.359417,0.092352,0.174834,,,,-0.414691,-0.278911,-0.494812,,,,,,
78288,,,,,,,,,0.412012,4.567039,,,19.838627,38.810127,0.096429,0.170085,,,,-0.410832,-0.281067,-0.455004,,,,,,
78295,,,,,,,,,,,,,,,,,,,,-0.407067,-0.283020,-0.418115,,,,,,
78299,,,,,,,,,0.494415,3.914605,,,19.959476,38.644810,0.094238,0.171530,,,,,,,,,,,,
78307,-0.406842,-0.283032,-0.417293,-0.385257,-0.245572,-0.285912,0.417245,3.898387,,,14.866196,39.399677,19.516617,39.050255,0.095941,0.185528,0.004551,0.042993,0.131381,,,,,,,,,
78310,,,,,,,,,0.466947,4.567039,,,,,,,,,,-0.403132,-0.284855,-0.375812,,,,,,
78317,,,,,,,,,0.439480,3.914605,,,19.143995,39.391399,0.098812,0.182118,,,,-0.399293,-0.286482,-0.336386,,,,,,
78325,,,,,,,,,,,,,,,,,,,,-0.395585,-0.287911,-0.294334,,,,,,
78329,,,,,,,,,0.494415,3.914605,,,18.830471,39.678436,0.101154,0.179192,,,,,,,,,,,,
78339,,,,,,,,,0.439480,5.219474,,,18.566671,39.375404,0.103052,0.182227,,,,-0.391809,-0.289141,-0.249618,,,,,,
78347,,,,,,,,,0.466947,3.262170,,,18.889254,39.664978,0.099022,0.179278,,,,-0.388252,-0.290261,-0.207843,,,,,,
78355,-0.384708,-0.291255,-0.168484,,,,,,,,,,,,,,,,,-0.384705,-0.291319,-0.160632,,,,,,
78358,,,,-0.364484,-0.249507,-0.091470,0.417452,3.975972,0.494415,5.219474,17.882421,41.421410,18.616131,40.453171,0.131768,0.191808,0.012937,0.044549,0.077014,,,,,,,,,
78369,,,,,,,,,0.466947,4.567039,,,18.386326,40.027267,0.133966,0.196345,,,,-0.381218,-0.292140,-0.110751,,,,,,
78377,,,,,,,,,0.412012,4.567039,,,17.648424,40.213455,0.141392,0.194725,,,,-0.377432,-0.292869,-0.066449,,,,,,
78385,,,,,,,,,,,,,,,,,,,,-0.372840,-0.293450,-0.022148,,,,,,
78389,,,,,,,,,0.466947,4.567039,,,17.572098,39.825569,0.142217,0.198923,,,,,,,,,,,,
78399,,,,,,,,,0.466947,4.567039,,,17.507877,40.043747,0.142934,0.197017,,,,-0.368208,-0.293889,0.022137,,,,,,
78407,-0.367637,-0.293781,0.025301,-0.342274,-0.249507,0.085924,0.431919,3.755346,,,23.386391,45.396278,17.453842,40.227322,0.199701,0.235964,0.026475,0.043618,0.060623,,,,,,,,,
78410,,,,,,,,,0.466947,3.262170,,,,,,,,,,-0.363622,-0.294064,0.066437,,,,,,
78416,,,,,,,,,,,,,,,,,,,,-0.359227,-0.294028,0.107987,,,,,,
78419,,,,,,,,,0.466947,4.567039,,,17.952919,40.381783,0.195796,0.235422,,,,,,,,,,,,
78428,,,,,,,,,0.549350,3.914606,,,18.372843,40.511745,0.192600,0.235099,,,,-0.354893,-0.293885,0.149563,,,,,,
78439,,,,,,,,,0.466947,4.567039,,,18.726168,41.165638,0.189999,0.229406,,,,,,,,,,,,
78444,,,,,,,,,,,,,,,,,,,,-0.345402,-0.293218,0.230184,,,,,,
78449,,,,,,,,,0.521882,3.262171,,,19.567997,41.171280,0.182344,0.230195,,,,,,,,,,,,
78457,-0.345091,-0.293025,0.226675,-0.318712,-0.245572,0.238559,0.459720,3.314670,,,29.772406,48.145969,,,,,0.036369,0.040310,0.011883,-0.340310,-0.292427,0.269230,,,,,,
78460,,,,,,,,,0.549350,3.914606,,,20.276312,41.720573,0.241020,0.253484,,,,,,,,,,,,
78466,,,,,,,,,,,,,,,,,,,,-0.334882,-0.291328,0.305590,,,,,,
78469,,,,,,,,,0.576817,3.262172,,,20.872288,42.182747,0.236841,0.250055,,,,,,,,,,,,
78479,,,,,,,,,0.549350,3.914606,,,21.918285,42.571621,0.227951,0.247281,,,,-0.329667,-0.290029,0.344861,,,,,,
78487,,,,,,,,,0.659220,2.609737,,,23.342932,43.443359,0.214991,0.239504,,,,-0.324437,-0.288487,0.378598,,,,,,
78495,,,,,,,,,,,,,,,,,,,,-0.319206,-0.286826,0.409639,,,,,,
78499,,,,,,,,,0.631752,3.262170,,,24.541628,44.176842,0.204050,0.232963,,,,,,,,,,,,
78507,-0.318853,-0.286538,0.407969,-0.293893,-0.237764,0.364864,0.498238,2.786433,,,36.069099,49.925423,26.094755,44.249451,0.253481,0.251167,0.042262,0.034868,-0.043105,,,,,,,,,
78510,,,,,,,,,0.631752,3.262170,,,,,,,,,,-0.313993,-0.284855,0.440795,,,,,,
78517,,,,,,,,,0.604285,2.609737,,,26.857012,44.855087,0.247700,0.246125,,,,-0.308290,-0.282533,0.472076,,,,,,
78524,,,,,,,,,,,,,,,,,,,,-0.302476,-0.280046,0.503421,,,,,,
78529,,,,,,,,,0.686687,1.957303,,,28.042917,45.364670,0.237447,0.241941,,,,,,,,,,,,
78539,,,,,,,,,0.686687,3.262170,,,29.585281,45.793430,0.223320,0.238480,,,,-0.296769,-0.277359,0.529193,,,,,,
78546,,,,,,,,,,,,,,,,,,,,-0.291126,-0.274472,0.552162,,,,,,
78549,,,,,,,,,0.659220,2.609737,,,30.338484,46.154190,0.216934,0.235626,,,,,,,,,,,,
78554,,,,,,,,,,,,,,,,,,,,-0.285287,-0.271197,0.575233,,,,,,
78557,-0.285645,-0.271217,0.572143,-0.267913,-0.226207,0.467067,0.544140,2.274021,0.714154,1.304868,40.444099,49.292328,31.516771,46.457733,0.250686,0.226827,0.039278,0.028241,-0.105076,,,,,,,,,
78568,,,,,,,,,0.659220,2.609737,,,32.508183,46.713135,0.242359,0.224789,,,,-0.279574,-0.267717,0.595458,,,,,,
78577,,,,,,,,,0.714155,0.000000,,,33.886898,46.928032,0.229884,0.223113,,,,-0.273734,-0.263893,0.612884,,,,,,
78589,,,,,,,,,0.714154,1.304868,,,35.046951,47.108845,0.219363,0.221741,,,,-0.267749,-0.259840,0.633240,,,,,,
78598,,,,,,,,,0.741622,1.957302,,,36.567562,47.805523,0.204932,0.215072,,,,-0.261967,-0.255863,0.647846,,,,,,
78605,-0.255951,-0.251399,0.660414,,,,,,,,,,,,,,,,,-0.255995,-0.251558,0.659538,,,,,,
78608,,,,-0.240877,-0.211082,0.548804,0.594144,1.826677,0.714154,1.304868,44.278069,50.135864,37.302460,47.847164,0.237318,0.223548,0.036636,0.022593,-0.111610,,,,,,,,,
78619,,,,,,,,,0.741622,1.957302,,,37.920803,47.882202,0.232406,0.223649,,,,-0.249925,-0.246978,0.674139,,,,,,
78627,,,,,,,,,0.741622,0.652433,,,38.985622,47.911682,0.222816,0.223799,,,,-0.243983,-0.242498,0.685896,,,,,,
78636,,,,,,,,,,,,,,,,,,,,-0.238144,-0.237852,0.694731,,,,,,
78639,,,,,,,,,0.741622,0.652433,,,39.881561,48.481030,0.214736,0.218436,,,,,,,,,,,,
78649,,,,,,,,,0.769089,0.000000,,,40.635403,48.415535,0.207926,0.219435,,,,-0.232571,-0.233180,0.703580,,,,,,
78657,-0.231991,-0.232721,0.699957,-0.212890,-0.192628,0.613720,0.645373,1.455098,0.714154,1.304868,49.298233,53.819565,,,,,0.040437,0.018361,-0.086237,-0.226455,-0.228252,0.712398,,,,,,
78660,,,,,,,,,,,,,42.358768,49.449516,0.242282,0.246807,,,,,,,,,,,,
78665,,,,,,,,,,,,,,,,,,,,-0.220431,-0.223440,0.721254,,,,,,
78669,,,,,,,,,0.851492,0.652435,,,42.175182,48.685879,0.245542,0.255470,,,,,,,,,,,,
78679,,,,,,,,,0.741622,0.652433,,,43.109798,50.221527,0.237434,0.240833,,,,-0.214772,-0.218733,0.727161,,,,,,
78687,,,,,,,,,0.796557,0.652434,,,43.896183,49.335449,0.230650,0.250590,,,,-0.208967,-0.213956,0.736060,,,,,,
78694,,,,,,,,,,,,,,,,,,,,-0.203171,-0.208858,0.744965,,,,,,
78699,,,,,,,,,0.769089,1.304867,,,44.013306,49.678989,0.230536,0.247983,,,,,,,,,,,,
78707,-0.203187,-0.208706,0.746660,-0.184062,-0.171137,0.664924,0.695427,1.151942,,,53.045235,55.842049,,,,,0.039554,0.014585,-0.081736,-0.197559,-0.203695,0.753898,,,,,,
78710,,,,,,,,,0.851492,0.652435,,,45.200935,50.512585,0.257699,0.260938,,,,,,,,,,,,
78716,,,,,,,,,,,,,,,,,,,,-0.191671,-0.198213,0.762888,,,,,,
78719,,,,,,,,,0.824024,1.304869,,,45.111122,50.669430,0.260184,0.260404,,,,,,,,,,,,
78729,,,,,,,,,0.851492,0.652435,,,46.124641,51.345943,0.251433,0.254538,,,,-0.185634,-0.192449,0.771803,,,,,,
78738,,,,,,,,,0.824024,1.304869,,,46.977413,51.915161,0.244119,0.249631,,,,-0.179426,-0.186622,0.777779,,,,,,
78746,,,,,,,,,,,,,,,,,,,,-0.173466,-0.180833,0.786748,,,,,,
78749,,,,,,,,,0.851492,0.652435,,,47.694939,52.394100,0.238013,0.245531,,,,,,,,,,,,
78757,-0.173379,-0.180702,0.786120,-0.154508,-0.146946,0.704872,0.742342,0.904389,,,56.111172,57.311947,48.298664,52.797081,0.264198,0.257104,0.037220,0.010498,-0.081248,,,,,,,,,
78760,,,,,,,,,0.906427,0.652435,,,,,,,,,,-0.167328,-0.175036,0.792784,,,,,,
78768,,,,,,,,,0.824024,0.000000,,,48.806637,53.680691,0.260579,0.248994,,,,-0.161519,-0.169422,0.801772,,,,,,
78775,,,,,,,,,,,,,,,,,,,,-0.155339,-0.163340,0.807809,,,,,,
78779,,,,,,,,,0.851492,1.957303,,,49.234047,53.879616,0.257680,0.247691,,,,,,,,,,,,
78789,,,,,,,,,0.878959,-1.304869,,,50.138210,54.046993,0.249833,0.246670,,,,-0.149191,-0.157265,0.813789,,,,,,
78797,,,,,,,,,0.878959,1.304869,,,50.898975,54.732368,0.243268,0.240332,,,,-0.143014,-0.150668,0.816801,,,,,,
78805,-0.137584,-0.144713,0.825244,,,,,,,,,,,,,,,,,-0.137061,-0.144350,0.822857,,,,,,
78808,,,,-0.124345,-0.120438,0.735422,0.784522,0.699674,0.933894,0.000000,56.674438,56.079395,51.539082,54.764500,0.243527,0.227948,0.026816,0.006741,-0.089823,,,,,,,,,
78819,,,,,,,,,0.906427,0.652435,,,52.077667,55.336079,0.239060,0.222381,,,,-0.130990,-0.137845,0.825877,,,,,,
78827,,,,,,,,,0.824024,0.000000,,,52.530834,55.272461,0.235357,0.223179,,,,-0.125043,-0.131479,0.831929,,,,,,
78837,,,,,,,,,0.878959,1.304869,,,52.367584,55.218933,0.237851,0.223886,,,,-0.118934,-0.124909,0.831986,,,,,,
78849,,,,,,,,,0.906427,-0.652435,,,52.774769,55.173893,0.234559,0.224518,,,,-0.112887,-0.118020,0.834964,,,,,,
78858,-0.112343,-0.117499,0.831412,-0.093691,-0.092031,0.757942,0.820688,0.526874,0.851492,-0.652435,60.454182,59.510159,53.661919,55.680542,0.264844,0.254525,0.031387,0.003379,-0.073470,-0.106428,-0.110936,0.831909,,,,,,
78864,,,,,,,,,,,,,,,,,,,,-0.100501,-0.104293,0.831879,,,,,,
78869,,,,,,,,,0.933894,0.000000,,,54.408367,55.562290,0.258589,0.256497,,,,,,,,,,,,
78878,,,,,,,,,0.878959,0.000000,,,54.491882,55.462795,0.258946,0.258301,,,,-0.094259,-0.097589,0.831890,,,,,,
78885,,,,,,,,,,,,,,,,,,,,-0.088160,-0.090859,0.831890,,,,,,
78889,,,,,,,,,0.961362,-0.652434,,,55.106697,55.923622,0.253867,0.254410,,,,,,,,,,,,
78899,,,,,,,,,0.961362,0.652434,,,55.624004,56.311363,0.249660,0.251173,,,,-0.082405,-0.084550,0.831938,,,,,,
78907,-0.082240,-0.084297,0.834630,-0.062667,-0.062172,0.773397,0.849828,0.377110,0.878959,1.304869,61.967487,60.677361,,,,,0.029539,0.000351,-0.061233,-0.076442,-0.078079,0.828925,,,,,,
78910,,,,,,,,,,,,,55.514721,57.182152,0.267177,0.254836,,,,,,,,,,,,
78915,,,,,,,,,,,,,,,,,,,,-0.070167,-0.071156,0.828970,,,,,,
78919,,,,,,,,,0.961362,-0.652434,,,56.511856,56.825745,0.258296,0.259170,,,,,,,,,,,,
78929,,,,,,,,,0.851492,-0.652435,,,57.350845,56.525864,0.250830,0.262999,,,,-0.063574,-0.064350,0.828948,,,,,,
78937,,,,,,,,,0.988829,0.000000,,,56.423141,57.362633,0.261216,0.255295,,,,-0.056944,-0.057437,0.831938,,,,,,
78944,,,,,,,,,,,,,,,,,,,,-0.050405,-0.050541,0.831909,,,,,,
78949,,,,,,,,,0.933894,0.000000,,,56.731659,57.522148,0.259178,0.254331,,,,,,,,,,,,
78958,-0.050445,-0.050470,0.832135,-0.031395,-0.031333,0.782428,0.871178,0.243204,0.961362,0.652434,62.711594,61.224957,57.535789,58.200905,0.259613,0.253624,0.026976,-0.001200,-0.049707,-0.043830,-0.043410,0.831918,,,,,,
78966,,,,,,,,,,,,,,,,,,,,-0.037385,-0.036229,0.837942,,,,,,
78969,,,,,,,,,0.933894,0.000000,,,57.667839,58.227467,0.259301,0.253958,,,,,,,,,,,,
78974,,,,,,,,,,,,,,,,,,,,-0.030834,-0.028800,0.837934,,,,,,
78979,,,,,,,,,0.961362,0.652434,,,57.778946,58.794361,0.259176,0.248775,,,,,,,,,,,,
78988,,,,,,,,,0.988829,0.000000,,,58.416977,59.271347,0.253655,0.244396,,,,-0.024434,-0.022012,0.837940,,,,,,
78997,,,,,,,,,0.961362,-0.652434,,,58.409271,59.128139,0.254592,0.246247,,,,-0.017960,-0.014998,0.840995,,,,,,
79007,-0.017931,-0.015028,0.837515,-0.000000,-0.000000,0.785398,0.884200,0.119218,,,62.889507,60.517006,58.947330,59.552185,0.251779,0.235120,0.023167,-0.003264,-0.052117,,,,,,,,,
79010,,,,,,,,,1.016297,0.652434,,,,,,,,,,-0.011496,-0.007967,0.841018,,,,,,
79018,,,,,,,,,0.933894,0.000000,,,58.855511,59.908978,0.253504,0.231674,,,,-0.004829,-0.000719,0.837960,,,,,,
79026,,,,,,,,,,,,,,,,,,,,0.001781,0.006377,0.840999,,,,,,
79029,,,,,,,,,0.961362,0.652434,,,59.322796,59.664642,0.249545,0.234288,,,,,,,,,,,,
79039,,,,,,,,,0.988829,-1.304868,,,59.715969,60.003601,0.246248,0.231001,,,,0.008146,0.013387,0.840994,,,,,,
