ts,x,y,yaw,x_des,y_des,yaw_des,v_ff,w_ff,v_actual,w_actual,omega_l_cmd,omega_r_cmd,omega_l_meas,omega_r_meas,duty_l,duty_r,x_err,y_err,yaw_err,x_raw,y_raw,yaw_raw,acc_x,acc_y,acc_z,gyro_x,gyro_y,gyro_z
104053,,,,,,,,,-0.000000,0.000000,,,0.000000,0.000000,0.000000,0.000000,,,,,,,,,,,,
104056,,,,,,,,,,,,,,,,,,,,0.032244,-1.057648,-1.842820,,,,,,
104063,,,,,,,,,-0.000000,0.000000,,,0.000000,0.000000,0.000000,0.000000,,,,0.032249,-1.057631,-1.842814,,,,,,
104073,,,,,,,,,-0.000000,0.000000,,,0.000000,0.000000,0.000000,0.000000,,,,,,,,,,,,
104076,,,,,,,,,,,,,,,,,,,,0.032243,-1.057644,-1.842820,,,,,,
104083,,,,,,,,,-0.000000,0.000000,,,0.000000,0.000000,0.000000,0.000000,,,,,,,,,,,,
104086,,,,,,,,,,,,,,,,,,,,0.032246,-1.057625,-1.842814,,,,,,
104093,,,,,,,,,-0.000000,0.000000,,,0.000000,0.000000,0.000000,0.000000,,,,0.032244,-1.057649,-1.842820,,,,,,
104099,0.032244,-1.057649,-1.842820,0.001110,-1.002185,-1.100233,0.018589,0.008938,,,-12.224301,-11.409830,,,,,-0.045060,-0.044891,0.742587,,,,,,,,,
104103,,,,,,,,,-0.000000,0.000000,,,0.000000,0.000000,-0.124688,-0.116380,,,,,,,,,,,,
104106,,,,,,,,,,,,,,,,,,,,0.032247,-1.057630,-1.842814,,,,,,
104113,,,,,,,,,-0.027467,0.652434,,,-0.544543,0.000000,-0.121578,-0.118662,,,,0.032247,-1.057631,-1.842814,,,,,,
104123,,,,,,,,,-0.054935,0.000000,,,-1.002722,-0.544543,-0.119241,-0.115390,,,,0.032244,-1.057642,-1.846293,,,,,,
104133,,,,,,,,,-0.027467,0.652434,,,-1.388233,-0.458179,-0.117553,-0.118444,,,,0.032215,-1.057779,-1.846296,,,,,,
104143,,,,,,,,,-0.054935,0.000000,,,-1.712602,-0.930055,-0.116412,-0.115821,,,,0.032180,-1.057729,-1.839352,,,,,,
104149,0.032246,-1.057502,-1.839641,0.003684,-1.007228,-1.097477,0.072641,0.035112,,,-9.747633,-6.556174,,,,,-0.040882,-0.040890,0.742164,,,,,,,,,
104153,,,,,,,,,-0.027467,0.652434,,,-1.985527,-0.782548,-0.090468,-0.069914,,,,,,,,,,,,
104156,,,,,,,,,,,,,,,,,,,,0.032165,-1.057710,-1.835847,,,,,,
104163,,,,,,,,,-0.082402,0.652434,,,-2.759708,-1.202979,-0.084124,-0.066781,,,,,,,,,,,,
104166,,,,,,,,,,,,,,,,,,,,0.032135,-1.057652,-1.832321,,,,,,
104173,,,,,,,,,-0.027467,0.652434,,,-2.866561,-1.012186,-0.084432,-0.069797,,,,0.032159,-1.057510,-1.825324,,,,,,
104183,,,,,,,,,-0.027467,0.652434,,,-2.956468,-0.851653,-0.084891,-0.072544,,,,0.032222,-1.057269,-1.818256,,,,,,
104193,,,,,,,,,-0.054935,1.304868,,,-3.576658,-0.716581,-0.079923,-0.075062,,,,0.032291,-1.056917,-1.811185,,,,,,
104199,0.032342,-1.056742,-1.808098,0.008576,-1.016719,-1.092169,0.158836,0.077881,,,-5.294869,1.535138,,,,,-0.033315,-0.032509,0.715929,,,,,,,,,
104203,,,,,,,,,-0.054935,0.000000,,,-3.553943,-1.147474,-0.035971,0.010696,,,,,,,,,,,,
104206,,,,,,,,,,,,,,,,,,,,0.032363,-1.056490,-1.804106,,,,,,
104213,,,,,,,,,-0.000000,0.000000,,,-2.990287,-0.965485,-0.042068,0.009377,,,,0.032461,-1.055953,-1.797130,,,,,,
104223,,,,,,,,,-0.000000,0.000000,,,-2.516027,-0.812359,-0.047367,0.008315,,,,,,,,,,,,
104226,,,,,,,,,,,,,,,,,,,,0.032541,-1.055408,-1.786464,,,,,,
104233,,,,,,,,,-0.027467,0.652434,,,-2.661528,-0.683519,-0.046438,0.007470,,,,0.032646,-1.054753,-1.783011,,,,,,
104243,,,,,,,,,-0.000000,0.000000,,,-2.239409,-0.575112,-0.051271,0.006808,,,,,,,,,,,,
104246,,,,,,,,,,,,,,,,,,,,0.032784,-1.054047,-1.783034,,,,,,
104249,0.032747,-1.054273,-1.785137,0.016425,-1.031687,-1.083463,0.272347,0.137231,,,1.947300,13.592748,,,,,-0.018597,-0.020752,0.701674,,,,,,,,,
104253,,,,,,,,,-0.000000,0.000000,,,-1.884239,-0.483900,0.018366,0.129287,,,,,,,,,,,,
104256,,,,,,,,,,,,,,,,,,,,0.032922,-1.053184,-1.779474,,,,,,
104263,,,,,,,,,0.027467,0.652434,,,-1.585398,0.137390,0.016084,0.125766,,,,0.032993,-1.052453,-1.779335,,,,,,
104273,,,,,,,,,-0.000000,0.000000,,,-1.333954,0.115600,0.014226,0.128679,,,,,,,,,,,,
104276,,,,,,,,,,,,,,,,,,,,0.033039,-1.052455,-1.782938,,,,,,
104283,,,,,,,,,0.027467,0.652434,,,-1.122388,0.641809,0.012724,0.126007,,,,,,,,,,,,
104286,,,,,,,,,,,,,,,,,,,,0.032966,-1.052634,-1.782939,,,,,,
104293,,,,,,,,,0.027467,0.652434,,,-0.944378,1.084561,0.011522,0.124081,,,,,,,,,,,,
104296,,,,,,,,,,,,,,,,,,,,0.032947,-1.053100,-1.779470,,,,,,
104299,0.032907,-1.053312,-1.777208,0.027771,-1.052766,-1.070437,0.406428,0.214064,,,10.599137,28.326691,,,,,0.000519,-0.005139,0.706771,,,,,,,,,
104303,,,,,,,,,0.027467,0.652434,,,-0.794599,1.457093,0.098822,0.273069,,,,,,,,,,,,
104306,,,,,,,,,,,,,,,,,,,,0.032846,-1.053318,-1.772312,,,,,,
104313,,,,,,,,,0.054935,1.304868,,,-0.668576,2.315084,0.099815,0.269692,,,,0.032804,-1.053626,-1.768757,,,,,,
104323,,,,,,,,,0.109870,1.304868,,,-0.017996,3.581542,0.095432,0.261976,,,,0.032629,-1.053945,-1.754380,,,,,,
104333,,,,,,,,,0.109870,2.609737,,,-0.015142,5.191681,0.097527,0.250502,,,,0.032488,-1.054620,-1.739913,,,,,,
104343,,,,,,,,,0.109870,2.609737,,,-0.012740,6.546453,0.099625,0.241310,,,,,,,,,,,,
104346,,,,,,,,,,,,,,,,,,,,0.032301,-1.055735,-1.718085,,,,,,
104349,0.032284,-1.055988,-1.712096,0.043043,-1.080105,-1.052024,0.552327,0.310504,,,21.925457,45.191643,,,,,0.022362,0.014048,0.660072,,,,,,,,,
104353,,,,,,,,,0.137337,3.262171,,,-0.010720,8.230900,0.217255,0.400507,,,,,,,,,,,,
104356,,,,,,,,,,,,,,,,,,,,0.032018,-1.056960,-1.692358,,,,,,
104363,,,,,,,,,0.219740,3.914605,,,0.535524,10.737280,0.216071,0.382334,,,,0.031708,-1.058246,-1.662652,,,,,,
104373,,,,,,,,,0.329610,5.219473,,,1.539676,14.479778,0.210107,0.351052,,,,0.031368,-1.059681,-1.632416,,,,,,
104383,,,,,,,,,0.357077,5.871907,,,2.384569,18.173258,0.205566,0.319521,,,,,,,,,,,,
104386,,,,,,,,,,,,,,,,,,,,0.031201,-1.061688,-1.597975,,,,,,
104393,,,,,,,,,0.384545,5.219473,,,3.640006,21.280952,0.196668,0.293226,,,,0.031062,-1.064161,-1.563018,,,,,,
104399,0.031133,-1.065088,-1.553629,0.062527,-1.113278,-1.026915,0.699567,0.430324,,,38.926033,64.073601,,,,,0.048722,0.030562,0.526714,,,,,,,,,
104403,,,,,,,,,0.329610,5.219473,,,4.151787,23.351223,0.368511,0.469487,,,,,,,,,,,,
104406,,,,,,,,,,,,,,,,,,,,0.030939,-1.066813,-1.532092,,,,,,
104413,,,,,,,,,0.466947,4.567039,,,6.216029,26.182234,0.354411,0.448755,,,,0.030949,-1.069897,-1.490298,,,,,,
104423,,,,,,,,,0.631752,4.567039,,,9.586512,30.197876,0.326574,0.415374,,,,0.030878,-1.073346,-1.452906,,,,,,
104433,,,,,,,,,0.796557,3.262171,,,14.056065,34.665726,0.286852,0.376577,,,,0.030957,-1.077071,-1.416183,,,,,,
104443,,,,,,,,,0.741622,4.567040,,,17.816746,37.880428,0.253467,0.349669,,,,0.031126,-1.081220,-1.380028,,,,,,
104449,0.031521,-1.082953,-1.375438,0.086343,-1.151248,-0.993420,0.836602,0.579593,,,58.446167,82.261917,,,,,0.077638,0.040522,0.382018,,,,,,,,,
104453,,,,,,,,,0.659220,2.609737,,,20.436440,40.040733,0.430074,0.518393,,,,0.031556,-1.086082,-1.340870,,,,,,
104463,,,,,,,,,0.796557,4.567040,,,23.185192,42.947502,0.409638,0.497188,,,,0.032243,-1.091046,-1.305791,,,,,,
104470,,,,,,,,,,,,,,,,,,,,0.032243,-1.091046,-1.305791,,,,,,
104473,,,,,,,,,0.906427,1.957303,,,27.676165,46.482346,0.370883,0.468996,,,,0.033117,-1.096150,-1.260880,,,,,,
104483,,,,,,,,,1.043764,3.914604,,,31.999413,50.545647,0.332940,0.434706,,,,0.034331,-1.101729,-1.223423,,,,,,
104493,,,,,,,,,1.016297,1.957302,,,35.636993,53.964508,0.301126,0.406177,,,,,,,,,,,,
104496,,,,,,,,,,,,,,,,,,,,0.035605,-1.107699,-1.186500,,,,,,
104499,0.036323,-1.109753,-1.194151,0.114420,-1.192397,-0.949265,0.951825,0.767687,,,77.466255,97.348160,,,,,0.105575,0.042226,0.244886,,,,,,,,,
104503,,,,,,,,,0.906427,3.262171,,,38.153111,55.752052,0.474028,0.547483,,,,,,,,,,,,
104506,,,,,,,,,,,,,,,,,,,,0.037311,-1.113992,-1.143418,,,,,,
104513,,,,,,,,,1.071232,3.262170,,,40.814713,58.345177,0.454742,0.529352,,,,0.039167,-1.120493,-1.100876,,,,,,
104523,,,,,,,,,1.181102,3.262171,,,45.232357,62.160660,0.417013,0.498235,,,,0.041701,-1.127340,-1.052500,,,,,,
104533,,,,,,,,,1.236037,1.957302,,,48.949364,65.371010,0.385546,0.472527,,,,0.044182,-1.134336,-1.014311,,,,,,
104543,,,,,,,,,1.181102,0.652433,,,52.621395,66.983109,0.353795,0.462479,,,,0.047198,-1.141604,-0.970244,,,,,,
104549,0.048250,-1.143481,-0.986308,0.146463,-1.234600,-0.891288,1.034848,1.008905,,,94.728745,107.271988,,,,,0.130184,0.031632,0.095020,,,,,,,,,
104553,,,,,,,,,1.098699,2.609736,,,54.621956,68.884071,0.514435,0.550385,,,,0.050434,-1.149086,-0.923573,,,,,,
104563,,,,,,,,,1.263504,1.304869,,,57.394314,70.483543,0.494179,0.541748,,,,,,,,,,,,
104566,,,,,,,,,,,,,,,,,,,,0.054209,-1.156603,-0.877407,,,,,,
104573,,,,,,,,,1.373374,0.000000,,,61.905148,73.462967,0.455635,0.518716,,,,0.058401,-1.164129,-0.828703,,,,,,
104583,,,,,,,,,1.236036,0.652434,,,63.522392,74.336227,0.445704,0.516570,,,,0.063100,-1.172057,-0.777681,,,,,,
104593,,,,,,,,,1.318439,2.609739,,,66.516769,76.704613,0.421402,0.499000,,,,0.068257,-1.180086,-0.730112,,,,,,
104599,0.069966,-1.181388,-0.740691,0.181936,-1.275383,-0.814979,1.077910,1.324995,,,107.197823,109.329094,,,,,0.146062,0.006188,-0.074288,,,,,,,,,
104603,,,,,,,,,1.400841,0.652435,,,69.580780,78.152832,0.522976,0.511324,,,,0.073750,-1.188067,-0.677026,,,,,,
104613,,,,,,,,,1.455776,1.957302,,,72.158836,81.004990,0.504204,0.488467,,,,0.079891,-1.195916,-0.624370,,,,,,
104623,,,,,,,,,1.455776,-1.957302,,,75.961647,82.315712,0.472423,0.480763,,,,0.086372,-1.204068,-0.572321,,,,,,
104633,,,,,,,,,1.428309,-1.304868,,,78.072243,82.874008,0.457142,0.480471,,,,0.093393,-1.211799,-0.517750,,,,,,
104643,,,,,,,,,1.263504,-1.304869,,,78.759010,81.710129,0.455962,0.497633,,,,,,,,,,,,
104646,,,,,,,,,,,,,,,,,,,,0.100654,-1.219086,-0.466193,,,,,,
104649,0.101968,-1.219527,-0.494734,0.220044,-1.312124,-0.713813,1.077275,1.748843,,,110.535645,104.088882,,,,,0.147882,-0.025432,-0.219079,,,,,,,,,
104653,,,,,,,,,1.510712,1.957302,,,80.970490,83.998100,0.473139,0.426370,,,,,,,,,,,,
104656,,,,,,,,,,,,,,,,,,,,0.108461,-1.226386,-0.420793,,,,,,
104663,,,,,,,,,1.455776,-1.957302,,,82.831223,84.289574,0.460072,0.427415,,,,0.117104,-1.233849,-0.373017,,,,,,
104673,,,,,,,,,1.373374,-2.609737,,,84.396843,83.990273,0.449644,0.434428,,,,0.125757,-1.240536,-0.322374,,,,,,
104683,,,,,,,,,1.428309,0.000000,,,85.714157,84.827530,0.441435,0.429907,,,,0.134566,-1.246898,-0.280296,,,,,,
104693,,,,,,,,,1.455776,-1.957302,,,86.822548,84.987450,0.435093,0.432128,,,,0.144182,-1.253304,-0.238433,,,,,,
104703,0.145952,-1.253488,-0.268197,0.259733,-1.342316,-0.578448,1.034438,2.328709,0.961362,0.652434,103.793457,94.292015,82.854256,81.310204,0.411542,0.373529,0.133252,-0.055501,-0.310251,,,,,,,,,
104706,,,,,,,,,,,,,,,,,,,,0.154638,-1.259038,-0.202366,,,,,,
104713,,,,,,,,,1.565646,-0.652435,,,84.960770,83.661606,0.394244,0.352141,,,,0.164137,-1.263916,-0.168850,,,,,,
104723,,,,,,,,,1.290972,-0.652435,,,85.099564,82.917358,0.396595,0.361858,,,,0.174451,-1.268810,-0.135483,,,,,,
104733,,,,,,,,,1.318439,-1.304869,,,85.216339,82.291145,0.399142,0.370520,,,,0.185451,-1.273519,-0.107878,,,,,,
104743,,,,,,,,,1.126167,-0.652435,,,82.591881,80.130623,0.429627,0.394958,,,,,,,,,,,,
104746,,,,,,,,,,,,,,,,,,,,0.196553,-1.277532,-0.085774,,,,,,
104749,0.196863,-1.276767,-0.103857,0.299708,-1.363820,-0.396363,0.957031,3.128195,,,90.210777,86.951607,,,,,0.111315,-0.075922,-0.292506,,,,,,,,,
104753,,,,,,,,,1.236036,0.652434,,,82.017288,79.946388,0.301185,0.324797,,,,,,,,,,,,
104756,,,,,,,,,,,,,,,,,,,,0.207620,-1.280906,-0.063620,,,,,,
104763,,,,,,,,,1.290972,-0.652435,,,82.078369,79.791374,0.302201,0.327779,,,,0.218903,-1.283624,-0.049682,,,,,,
104773,,,,,,,,,1.153634,1.304868,,,79.951591,78.571861,0.325520,0.341650,,,,0.230515,-1.286224,-0.035925,,,,,,
104783,,,,,,,,,1.153634,0.000000,,,78.162125,78.090302,0.345825,0.348238,,,,0.242005,-1.287981,-0.024969,,,,,,
104793,,,,,,,,,1.126167,0.652435,,,77.201012,77.140579,0.358038,0.359698,,,,0.253567,-1.289038,-0.016719,,,,,,
104803,0.253517,-1.288403,-0.021322,0.338467,-1.375101,-0.154271,0.859247,4.202590,0.961362,0.652434,71.325089,83.945923,74.214157,74.707848,0.198472,0.355816,0.086779,-0.084867,-0.132949,,,,,,,,,
104806,,,,,,,,,,,,,,,,,,,,0.265114,-1.289710,-0.008302,,,,,,
104813,,,,,,,,,0.988829,1.304868,,,71.701019,73.205490,0.223528,0.372987,,,,0.276459,-1.289686,-0.002583,,,,,,
104823,,,,,,,,,1.126167,1.957302,,,70.675552,73.575043,0.233912,0.371366,,,,0.288354,-1.289858,0.000092,,,,,,
104833,,,,,,,,,1.126167,1.957302,,,69.812721,73.885979,0.242843,0.370269,,,,0.300296,-1.289507,0.013885,,,,,,
104843,,,,,,,,,1.153634,2.609736,,,68.542191,74.147606,0.256105,0.369612,,,,,,,,,,,,
104846,,,,,,,,,,,,,,,,,,,,0.312252,-1.289340,0.033009,,,,,,
104849,0.312160,-1.289078,0.039388,0.374365,-1.375415,0.152029,0.761264,5.501726,,,47.690887,79.914810,,,,,0.058757,-0.088719,0.112641,,,,,,,,,
104853,,,,,,,,,1.126167,3.262170,,,68.017708,74.912277,0.020942,0.322655,,,,0.324116,-1.289006,0.057825,,,,,,
104863,,,,,,,,,0.988829,3.914606,,,65.398239,74.466591,0.043596,0.328201,,,,,,,,,,,,
104866,,,,,,,,,,,,,,,,,,,,0.336003,-1.288386,0.082564,,,,,,
104873,,,,,,,,,0.906427,7.176775,,,61.016045,74.636131,0.084753,0.327562,,,,,,,,,,,,
104876,,,,,,,,,,,,,,,,,,,,0.347712,-1.287485,0.118554,,,,,,
104883,,,,,,,,,0.878959,6.524343,,,57.328865,74.778778,0.119697,0.327162,,,,0.359520,-1.286379,0.162672,,,,,,
104893,,,,,,,,,0.933894,6.524341,,,54.226475,74.898804,0.149414,0.326965,,,,0.371188,-1.284912,0.223523,,,,,,
104903,0.370081,-1.284516,0.235424,0.405699,-1.364914,0.501984,0.685912,6.682049,0.824024,3.914605,23.471750,68.172783,52.705212,72.821625,-0.083412,0.229387,0.015882,-0.086488,0.266560,,,,,,,,,
104906,,,,,,,,,,,,,,,,,,,,0.382872,-1.282721,0.290087,,,,,,
104913,,,,,,,,,0.741622,8.481645,,,48.157959,71.618423,-0.042877,0.240730,,,,,,,,,,,,
104916,,,,,,,,,,,,,,,,,,,,0.393354,-1.280217,0.359918,,,,,,
104923,,,,,,,,,0.631752,11.091381,,,42.153728,71.150597,0.013429,0.244813,,,,,,,,,,,,
104926,,,,,,,,,,,,,,,,,,,,0.402110,-1.278059,0.439358,,,,,,
104933,,,,,,,,,0.631752,11.091381,,,37.101772,71.301514,0.061223,0.242678,,,,,,,,,,,,
104936,,,,,,,,,,,,,,,,,,,,0.411255,-1.275758,0.510686,,,,,,
104943,,,,,,,,,0.659220,10.438947,,,33.395599,70.883949,0.096300,0.246311,,,,0.419423,-1.273084,0.591328,,,,,,
104949,0.417732,-1.272758,0.605235,0.430805,-1.344626,0.853892,0.649928,7.162419,,,7.680921,54.108437,,,,,-0.030139,-0.066540,0.248657,,,,,,,,,
104953,,,,,,,,,0.631752,9.786512,,,30.277225,69.988068,-0.034944,0.111451,,,,0.427377,-1.269734,0.672740,,,,,,
104963,,,,,,,,,0.576817,8.481646,,,27.108883,68.145187,-0.007146,0.127072,,,,0.434800,-1.266722,0.761555,,,,,,
104973,,,,,,,,,0.412012,9.786511,,,23.353954,65.505501,0.027269,0.151189,,,,0.441584,-1.263427,0.846102,,,,,,
104983,,,,,,,,,0.357077,8.481646,,,19.650013,62.195381,0.061914,0.182673,,,,0.447727,-1.260254,0.929302,,,,,,
104993,,,,,,,,,0.412012,9.786511,,,16.533518,59.954788,0.091309,0.203910,,,,0.453284,-1.257082,1.007537,,,,,,
104999,0.451450,-1.257107,1.014818,0.448181,-1.316350,1.177649,0.653600,6.808008,,,4.706701,46.637020,,,,,-0.052045,-0.028490,0.162830,,,,,,,,,
105003,,,,,,,,,0.412012,7.176776,,,15.000386,58.069557,0.074839,0.145762,,,,0.458150,-1.253808,1.090822,,,,,,
105013,,,,,,,,,0.412012,7.176776,,,13.710409,55.938782,0.085938,0.165209,,,,0.462186,-1.250787,1.169681,,,,,,
105023,,,,,,,,,0.439480,6.524342,,,13.169566,54.145947,0.089654,0.181636,,,,0.465772,-1.247320,1.247631,,,,,,
105033,,,,,,,,,0.384545,6.524341,,,12.169957,52.092911,0.098157,0.201075,,,,0.468780,-1.243913,1.320329,,,,,,
105043,,,,,,,,,0.357077,5.871907,,,11.328887,49.820942,0.105244,0.223158,,,,,,,,,,,,
105046,,,,,,,,,,,,,,,,,,,,0.470952,-1.240097,1.391727,,,,,,
105049,0.469903,-1.240146,1.384722,0.456602,-1.282421,1.470138,0.682542,6.139090,,,12.078041,48.175312,,,,,-0.044006,0.005250,0.085416,,,,,,,,,
105053,,,,,,,,,0.412012,7.176776,,,10.621210,48.998398,0.186325,0.246601,,,,,,,,,,,,
105056,,,,,,,,,,,,,,,,,,,,0.472410,-1.236730,1.457258,,,,,,
105063,,,,,,,,,0.412012,5.871908,,,10.570314,47.761765,0.187136,0.259050,,,,,,,,,,,,
105066,,,,,,,,,,,,,,,,,,,,0.473415,-1.233087,1.517819,,,,,,
105073,,,,,,,,,0.466947,7.176775,,,10.527491,47.810349,0.187874,0.258637,,,,0.473898,-1.229735,1.582014,,,,,,
105083,,,,,,,,,0.439480,5.219474,,,11.036002,46.762138,0.182997,0.269402,,,,0.473754,-1.226507,1.636826,,,,,,
105093,,,,,,,,,0.494415,5.219474,,,12.008407,46.424721,0.173287,0.273127,,,,0.473625,-1.223697,1.690709,,,,,,
105099,0.473421,-1.223006,1.686927,0.455226,-1.245420,1.739995,0.721600,5.595091,,,23.201864,55.534107,,,,,-0.020155,0.020670,0.053068,,,,,,,,,
105103,,,,,,,,,0.494415,5.219474,,,12.826588,46.140816,0.278419,0.351432,,,,0.473315,-1.221044,1.742970,,,,,,
105113,,,,,,,,,0.576817,4.567039,,,14.604092,46.446480,0.262363,0.350193,,,,0.473217,-1.218257,1.797253,,,,,,
105123,,,,,,,,,0.659220,3.914604,,,17.188770,47.248211,0.237719,0.343833,,,,,,,,,,,,
105126,,,,,,,,,,,,,,,,,,,,0.472337,-1.213308,1.849638,,,,,,
105133,,,,,,,,,0.631752,4.567039,,,18.818975,47.922787,0.222293,0.338609,,,,0.471436,-1.208414,1.897679,,,,,,
105143,,,,,,,,,0.521882,4.567040,,,19.101543,47.401287,0.220288,0.345451,,,,0.470442,-1.203506,1.941600,,,,,,
105149,0.470188,-1.203011,1.939389,0.443692,-1.207836,1.991168,0.764550,5.213987,,,33.851349,64.427460,,,,,0.005046,0.026454,0.051780,,,,,,,,,
105153,,,,,,,,,0.604285,5.219473,,,19.883839,48.051586,0.321753,0.431157,,,,0.468491,-1.197973,1.987949,,,,,,
105163,,,,,,,,,0.659220,3.914604,,,21.631147,48.598747,0.306724,0.428851,,,,0.466756,-1.193087,2.037354,,,,,,
105173,,,,,,,,,0.741622,4.567040,,,23.101334,50.148216,0.294172,0.416212,,,,0.464278,-1.187511,2.082450,,,,,,
105183,,,,,,,,,0.741622,4.567040,,,25.427433,51.451939,0.272596,0.405770,,,,0.461628,-1.181710,2.133374,,,,,,
105189,,,,,,,,,,,,,,,,,,,,0.461628,-1.181710,2.133374,,,,,,
105193,,,,,,,,,0.769089,5.219474,,,26.840071,53.093433,0.259872,0.391622,,,,,,,,,,,,
105196,,,,,,,,,,,,,,,,,,,,0.458608,-1.175972,2.180619,,,,,,
105199,0.458040,-1.175405,2.182269,0.422170,-1.171725,2.217644,0.813675,4.811158,,,43.543613,71.379959,,,,,0.023605,0.027258,0.035375,,,,,,,,,
105203,,,,,,,,,0.796557,4.567040,,,28.028664,54.474586,0.348012,0.450716,,,,0.454760,-1.169792,2.227110,,,,,,
105213,,,,,,,,,0.824024,5.219474,,,30.117832,56.181232,0.329805,0.436690,,,,0.451016,-1.164083,2.276297,,,,,,
105223,,,,,,,,,0.906427,3.262171,,,32.964745,57.617203,0.303452,0.425082,,,,0.446532,-1.158156,2.324919,,,,,,
105233,,,,,,,,,0.961362,4.567040,,,35.360138,59.914516,0.281135,0.404402,,,,0.441644,-1.152053,2.372877,,,,,,
105243,,,,,,,,,0.906427,4.567039,,,36.831078,61.302929,0.267768,0.392534,,,,0.436196,-1.145864,2.423386,,,,,,
105249,0.435503,-1.145500,2.422305,0.391389,-1.138461,2.407749,0.873407,4.206012,,,54.226665,76.213463,,,,,0.037824,0.023769,-0.014556,,,,,,,,,
105253,,,,,,,,,0.878959,5.219473,,,37.524181,62.471142,0.371008,0.431935,,,,,,,,,,,,
105256,,,,,,,,,,,,,,,,,,,,0.430511,-1.139758,2.473315,,,,,,
105263,,,,,,,,,0.961362,4.567040,,,39.196445,63.454075,0.357291,0.424658,,,,0.424371,-1.133911,2.517133,,,,,,
105273,,,,,,,,,1.016297,1.957302,,,41.692574,64.825661,0.334837,0.413219,,,,0.417540,-1.127869,2.569281,,,,,,
105283,,,,,,,,,1.043764,2.609737,,,44.337360,65.979713,0.310367,0.403726,,,,0.410482,-1.122315,2.615171,,,,,,
105293,,,,,,,,,0.988829,3.914606,,,46.018139,66.950729,0.295201,0.395868,,,,0.402919,-1.116841,2.660752,,,,,,
105299,0.402272,-1.116841,2.657153,0.352614,-1.108561,2.551696,0.943469,3.364355,,,66.131081,78.035202,,,,,0.047801,0.015799,-0.105456,,,,,,,,,
105303,,,,,,,,,1.016297,4.567039,,,46.887802,68.312286,0.409397,0.402414,,,,0.394792,-1.111575,2.703246,,,,,,
105313,,,,,,,,,1.071232,3.262170,,,48.708626,69.457901,0.394673,0.392674,,,,,,,,,,,,
105316,,,,,,,,,,,,,,,,,,,,0.386529,-1.106884,2.745779,,,,,,
105323,,,,,,,,,1.016297,0.652434,,,50.785210,68.788193,0.376976,0.401220,,,,,,,,,,,,
105326,,,,,,,,,,,,,,,,,,,,0.378053,-1.102260,2.790963,,,,,,
105333,,,,,,,,,1.126167,1.957302,,,53.076988,69.858330,0.356669,0.392154,,,,0.368981,-1.098094,2.824759,,,,,,
105343,,,,,,,,,1.153634,2.609736,,,55.005291,70.758736,0.339611,0.384605,,,,0.359650,-1.094159,2.858310,,,,,,
105349,0.358795,-1.094116,2.852365,0.307583,-1.081665,2.645149,1.016318,2.379782,,,77.262245,76.667374,,,,,0.052636,0.002672,-0.207216,,,,,,,,,
105353,,,,,,,,,1.126167,0.652435,,,56.627766,71.516342,0.438825,0.364381,,,,0.349873,-1.090472,2.888976,,,,,,
105363,,,,,,,,,1.126167,1.957302,,,58.537460,72.153793,0.423473,0.358909,,,,0.339644,-1.086950,2.916933,,,,,,
105373,,,,,,,,,1.153634,0.000000,,,60.688820,72.145599,0.405274,0.359896,,,,0.328991,-1.083865,2.939009,,,,,,
105383,,,,,,,,,1.181102,-0.652433,,,62.498974,71.594162,0.390125,0.366425,,,,,,,,,,,,
105386,,,,,,,,,,,,,,,,,,,,0.318363,-1.081273,2.955732,,,,,,
105393,,,,,,,,,1.153634,0.000000,,,64.566582,72.219269,0.371989,0.361063,,,,0.307404,-1.079198,2.964084,,,,,,
105399,0.307065,-1.079110,2.954708,0.258411,-1.056639,2.687822,1.079951,1.358413,,,85.368324,74.086311,,,,,0.051982,-0.013040,-0.266886,,,,,,,,,
105403,,,,,,,,,1.181102,-0.652433,,,66.306267,72.200691,0.439465,0.335816,,,,0.296558,-1.077175,2.972510,,,,,,
105413,,,,,,,,,1.236036,-0.652434,,,67.770035,72.729599,0.428347,0.330798,,,,0.285083,-1.075243,2.975206,,,,,,
105423,,,,,,,,,1.098699,1.304869,,,67.368019,72.085541,0.435967,0.337639,,,,0.273614,-1.073446,2.972549,,,,,,
105433,,,,,,,,,1.208569,-1.304866,,,69.752480,72.632713,0.415246,0.332458,,,,0.261933,-1.071864,2.964169,,,,,,
105443,,,,,,,,,1.236037,-3.262171,,,72.303307,72.004021,0.392350,0.339161,,,,,,,,,,,,
105446,,,,,,,,,,,,,,,,,,,,0.249759,-1.070186,2.947587,,,,,,
105449,0.249551,-1.069621,2.934520,0.207454,-1.031822,2.680789,1.123069,0.352533,,,90.193100,73.240906,,,,,0.048969,-0.028337,-0.253730,,,,,,,,,
105453,,,,,,,,,1.236037,-3.262171,,,73.905029,71.475037,0.427839,0.336350,,,,0.237127,-1.068329,2.925121,,,,,,
105463,,,,,,,,,1.263504,-1.304869,,,75.797264,71.574493,0.411795,0.335689,,,,0.224732,-1.066293,2.902726,,,,,,
105473,,,,,,,,,1.290972,-4.567039,,,77.933929,71.658180,0.392881,0.335168,,,,0.212655,-1.064101,2.874777,,,,,,
105483,,,,,,,,,1.153634,-1.304868,,,77.553551,71.184044,0.399212,0.340321,,,,0.200373,-1.061581,2.841398,,,,,,
105493,,,,,,,,,1.290972,-1.957303,,,78.867126,71.329651,0.388342,0.339247,,,,0.188178,-1.058583,2.807805,,,,,,
105499,0.188090,-1.058127,2.810247,0.157170,-1.005350,2.625154,1.139441,-0.630398,,,92.047646,74.053986,,,,,0.046408,-0.039847,-0.185093,,,,,,,,,
105503,,,,,,,,,1.290972,-4.567039,,,81.061455,71.452164,0.387141,0.346673,,,,0.175828,-1.055554,2.774215,,,,,,
105513,,,,,,,,,1.263504,-2.609736,,,82.363220,71.010704,0.376060,0.351696,,,,,,,,,,,,
105516,,,,,,,,,,,,,,,,,,,,0.163572,-1.052170,2.737474,,,,,,
105523,,,,,,,,,1.236037,-4.567040,,,83.458527,70.639259,0.366825,0.356094,,,,,,,,,,,,
105526,,,,,,,,,,,,,,,,,,,,0.150805,-1.047892,2.697586,,,,,,
105533,,,,,,,,,1.318439,-3.914604,,,84.380119,70.871269,0.359143,0.354410,,,,0.138796,-1.043401,2.657915,,,,,,
105543,,,,,,,,,1.098699,-1.304869,,,82.977371,69.977394,0.374984,0.364164,,,,0.126790,-1.038618,2.623637,,,,,,
105549,0.127641,-1.038574,2.633837,0.109957,-0.975506,2.522669,1.130104,-1.589969,,,92.138245,74.194023,,,,,0.046118,-0.046513,-0.111168,,,,,,,,,
105553,,,,,,,,,1.290972,-3.262171,,,83.975273,70.314377,0.367544,0.362971,,,,0.115248,-1.033504,2.589333,,,,,,
105563,,,,,,,,,1.345907,-1.957305,,,84.814911,71.142456,0.360612,0.355300,,,,0.103839,-1.027738,2.551721,,,,,,
105573,,,,,,,,,1.318439,-3.914604,,,86.065918,71.839203,0.349316,0.348804,,,,0.092326,-1.021758,2.517106,,,,,,
105583,,,,,,,,,1.290972,-1.957303,,,86.029434,71.880905,0.350903,0.348850,,,,0.080690,-1.015433,2.484972,,,,,,
105593,,,,,,,,,1.318439,-3.914604,,,86.543282,71.915993,0.346884,0.348954,,,,,,,,,,,,
105596,,,,,,,,,,,,,,,,,,,,0.069253,-1.008040,2.446478,,,,,,
105602,0.069602,-1.007458,2.445810,0.068006,-0.941043,2.377927,1.103091,-2.495022,0.961362,-0.652434,90.899551,71.304451,82.074738,69.222801,0.380947,0.347407,0.043796,-0.049954,-0.067883,,,,,,,,,
105613,,,,,,,,,1.181102,-3.262171,,,82.671257,69.679466,0.376628,0.343165,,,,0.047497,-0.993131,2.387515,,,,,,
105623,,,,,,,,,1.290972,-1.957303,,,83.717712,70.063705,0.367599,0.339571,,,,0.037285,-0.985386,2.354686,,,,,,
105633,,,,,,,,,1.290972,-4.567039,,,84.598198,70.387001,0.360055,0.336521,,,,0.027416,-0.977408,2.324677,,,,,,
105643,,,,,,,,,1.126167,-1.957302,,,83.160866,69.569931,0.375976,0.345039,,,,0.017649,-0.968622,2.288199,,,,,,
105649,0.018548,-0.968664,2.293238,0.033170,-0.901405,2.200601,1.070690,-3.262368,,,90.751572,65.454407,,,,,0.040789,-0.055442,-0.092637,,,,,,,,,
105653,,,,,,,,,1.318439,-1.304869,,,84.129669,70.516083,0.366132,0.276065,,,,0.008135,-0.959543,2.257573,,,,,,
105663,,,,,,,,,1.263504,-5.219473,,,85.489357,70.223083,0.353588,0.278041,,,,,,,,,,,,
105666,,,,,,,,,,,,,,,,,,,,-0.000915,-0.950204,2.220838,,,,,,
105673,,,,,,,,,1.263504,-3.914606,,,86.088860,69.976555,0.348525,0.279602,,,,,,,,,,,,
105676,,,,,,,,,,,,,,,,,,,,-0.009534,-0.940835,2.189880,,,,,,
105683,,,,,,,,,1.236037,-4.567040,,,86.593277,69.224586,0.344313,0.286368,,,,,,,,,,,,
105686,,,,,,,,,,,,,,,,,,,,-0.018181,-0.930857,2.149281,,,,,,
105693,,,,,,,,,1.263504,-3.914606,,,87.017693,69.136421,0.340816,0.286513,,,,-0.026232,-0.920698,2.111248,,,,,,
105703,-0.025580,-0.920427,2.110128,0.006862,-0.856819,2.005006,1.044701,-3.781378,0.933894,-1.304869,90.006538,61.188770,83.018456,66.884064,0.374755,0.265241,0.037917,-0.060504,-0.105123,,,,,,,,,
105706,,,,,,,,,,,,,,,,,,,,-0.033843,-0.910224,2.069658,,,,,,
105713,,,,,,,,,1.071232,-3.262170,,,81.831665,64.988937,0.388258,0.283432,,,,,,,,,,,,
105716,,,,,,,,,,,,,,,,,,,,-0.041057,-0.899684,2.024207,,,,,,
105723,,,,,,,,,1.236037,-5.871907,,,83.555817,65.028008,0.372307,0.282274,,,,,,,,,,,,
105726,,,,,,,,,,,,,,,,,,,,-0.048184,-0.888982,1.974665,,,,,,
105733,,,,,,,,,1.236037,-5.871907,,,85.006516,64.516335,0.358800,0.286725,,,,-0.054586,-0.877977,1.928003,,,,,,
105743,,,,,,,,,1.263504,-5.219473,,,86.227135,64.630356,0.347349,0.284896,,,,,,,,,,,,
105746,,,,,,,,,,,,,,,,,,,,-0.060380,-0.866848,1.873597,,,,,,
105749,-0.059579,-0.866485,1.871589,-0.010024,-0.808228,1.805948,1.031671,-3.991328,,,89.551300,62.169472,,,,,0.040959,-0.064590,-0.065641,,,,,,,,,
105753,,,,,,,,,1.208569,-5.219474,,,86.709625,64.181747,0.338540,0.298787,,,,-0.065778,-0.855780,1.818169,,,,,,
105763,,,,,,,,,1.153634,-2.609736,,,85.481956,64.348831,0.351631,0.296680,,,,,,,,,,,,
105766,,,,,,,,,,,,,,,,,,,,-0.070645,-0.844509,1.761409,,,,,,
105773,,,,,,,,,1.181102,-4.567039,,,85.538086,63.944878,0.351872,0.300365,,,,,,,,,,,,
105776,,,,,,,,,,,,,,,,,,,,-0.074780,-0.832943,1.703293,,,,,,
105783,,,,,,,,,1.236037,-5.871907,,,86.674400,63.604988,0.341085,0.303476,,,,-0.078680,-0.821422,1.647480,,,,,,
105793,,,,,,,,,1.181102,-4.567039,,,86.541412,63.319008,0.343017,0.306106,,,,,,,,,,,,
105796,,,,,,,,,,,,,,,,,,,,-0.081979,-0.809839,1.594049,,,,,,
105803,-0.081002,-0.809720,1.598221,-0.017142,-0.757077,1.614315,1.031212,-3.934575,0.988829,-2.609737,89.641640,67.858421,83.706795,61.989296,0.373453,0.377467,0.050872,-0.065280,0.016094,,,,,,,,,
105806,,,,,,,,,,,,,,,,,,,,-0.084783,-0.797737,1.536012,,,,,,
105813,,,,,,,,,1.043764,-3.914604,,,81.866295,60.870476,0.393413,0.390053,,,,-0.086739,-0.785667,1.486474,,,,,,
105823,,,,,,,,,1.263504,-3.914606,,,83.040413,62.107273,0.382992,0.378835,,,,,,,,,,,,
105826,,,,,,,,,,,,,,,,,,,,-0.088524,-0.773650,1.430860,,,,,,
105833,,,,,,,,,1.236037,-4.567040,,,84.028320,62.603371,0.374236,0.374925,,,,-0.089359,-0.761874,1.376546,,,,,,
105843,,,,,,,,,1.290972,-3.262171,,,84.859543,64.109879,0.366880,0.360609,,,,,,,,,,,,
105847,-0.088598,-0.749784,1.336066,-0.014700,-0.705027,1.436469,1.038534,-3.710558,,,,,,,,,,,,-0.089660,-0.750196,1.326936,,,,,,
105850,,,,,,,,,,,89.142426,74.173866,,,,,0.060717,-0.061462,0.100403,,,,,,,,,
105853,,,,,,,,,1.236037,-3.262171,,,85.558929,64.832909,0.355611,0.418402,,,,-0.089415,-0.738270,1.278343,,,,,,
105863,,,,,,,,,1.153634,-1.304868,,,83.424683,65.441261,0.378097,0.414065,,,,-0.088979,-0.726095,1.230579,,,,,,
105873,,,,,,,,,1.290972,-1.957303,,,83.807098,66.497673,0.375340,0.405036,,,,-0.087748,-0.713748,1.183329,,,,,,
105883,,,,,,,,,1.208569,-2.609737,,,84.128860,67.386543,0.373125,0.397505,,,,-0.085824,-0.702001,1.140293,,,,,,
105893,,,,,,,,,1.345907,-1.957305,,,84.944138,69.223518,0.365811,0.380125,,,,-0.083429,-0.690136,1.104472,,,,,,
105899,-0.082229,-0.689735,1.115749,-0.003420,-0.653617,1.276819,1.048656,-3.389546,,,88.076492,79.041115,,,,,0.067080,-0.054916,0.161070,,,,,,,,,
105903,,,,,,,,,1.290972,-1.957303,,,85.085564,70.224609,0.354336,0.420550,,,,-0.080611,-0.678498,1.062475,,,,,,
105913,,,,,,,,,1.318439,-1.304869,,,85.204559,71.066925,0.353721,0.413722,,,,,,,,,,,,
105916,,,,,,,,,,,,,,,,,,,,-0.077117,-0.666254,1.023958,,,,,,
105923,,,,,,,,,1.126167,-0.652435,,,82.581970,70.686562,0.381045,0.419196,,,,-0.072981,-0.654615,0.992353,,,,,,
105933,,,,,,,,,1.263504,-1.304869,,,83.098038,72.000160,0.376880,0.407468,,,,-0.068624,-0.643349,0.958066,,,,,,
105943,,,,,,,,,1.345907,-0.652434,,,83.532257,73.105415,0.373447,0.397603,,,,-0.063580,-0.632074,0.926953,,,,,,
105949,-0.062523,-0.631911,0.940104,0.015518,-0.603977,1.140413,1.058772,-2.979835,,,86.105637,82.171432,,,,,0.068581,-0.046554,0.200308,,,,,,,,,
105953,,,,,,,,,1.318439,-2.609739,,,83.897614,74.035378,0.350526,0.421234,,,,-0.058187,-0.621144,0.899093,,,,,,
105963,,,,,,,,,1.126167,0.652435,,,82.026848,73.184219,0.370050,0.431543,,,,-0.052202,-0.610134,0.874588,,,,,,
105973,,,,,,,,,1.263504,-1.304869,,,82.086418,74.101685,0.370258,0.423982,,,,-0.045524,-0.599410,0.850221,,,,,,
105983,,,,,,,,,1.345907,-0.652434,,,82.681084,75.418182,0.364996,0.412168,,,,,,,,,,,,
105986,,,,,,,,,,,,,,,,,,,,-0.038414,-0.588884,0.828877,,,,,,
105993,,,,,,,,,1.345907,-0.652434,,,83.181435,75.981339,0.360578,0.407774,,,,-0.030906,-0.578533,0.810906,,,,,,
105999,-0.030123,-0.578530,0.819044,0.040563,-0.556635,1.033569,1.067865,-2.454869,,,83.186592,83.386940,,,,,0.064267,-0.036683,0.214525,,,,,,,,,
106003,,,,,,,,,1.263504,-1.304869,,,83.057884,76.455177,0.332648,0.416577,,,,-0.022948,-0.568434,0.795927,,,,,,
106013,,,,,,,,,1.373374,-1.304869,,,83.498474,77.398415,0.328180,0.408342,,,,,,,,,,,,
106016,,,,,,,,,,,,,,,,,,,,-0.014533,-0.558403,0.777941,,,,,,
106023,,,,,,,,,1.098699,1.304869,,,81.146469,76.013878,0.352108,0.423662,,,,-0.006110,-0.548595,0.771821,,,,,,
106033,,,,,,,,,1.373374,-1.304869,,,81.890205,77.027107,0.344930,0.414802,,,,0.002684,-0.538906,0.762869,,,,,,
106043,,,,,,,,,1.263504,0.000000,,,81.971443,77.879639,0.344361,0.407378,,,,0.011541,-0.529288,0.757062,,,,,,
106049,0.011683,-0.529564,0.762277,0.069890,-0.511473,0.962701,1.075036,-1.796908,,,79.629341,82.768394,,,,,0.054592,-0.027112,0.200424,,,,,,,,,
106053,,,,,,,,,1.400841,0.652435,,,82.584343,79.141495,0.302068,0.389300,,,,,,,,,,,,
106056,,,,,,,,,,,,,,,,,,,,0.020916,-0.519749,0.754032,,,,,,
106063,,,,,,,,,1.153634,-1.304868,,,81.466408,77.480507,0.312880,0.406967,,,,,,,,,,,,
106066,,,,,,,,,,,,,,,,,,,,0.030529,-0.510512,0.753982,,,,,,
106073,,,,,,,,,1.290972,0.652435,,,81.070320,78.805672,0.316553,0.394508,,,,,,,,,,,,
106076,,,,,,,,,,,,,,,,,,,,0.040127,-0.500989,0.754029,,,,,,
106083,,,,,,,,,1.373374,0.000000,,,81.281593,79.920662,0.314110,0.383928,,,,,,,,,,,,
106086,,,,,,,,,,,,,,,,,,,,0.049543,-0.491304,0.757119,,,,,,
106093,,,,,,,,,1.318439,1.304869,,,81.459358,80.858818,0.311966,0.374928,,,,,,,,,,,,
106096,,,,,,,,,,,,,,,,,,,,0.059331,-0.481725,0.762869,,,,,,
106099,0.059226,-0.481810,0.768294,0.101501,-0.467811,0.932653,1.078588,-1.021290,,,75.232948,80.345436,,,,,0.040128,-0.019310,0.164360,,,,,,,,,
106103,,,,,,,,,1.318439,1.304869,,,81.064384,81.648178,0.270786,0.342544,,,,0.069030,-0.472022,0.771769,,,,,,
106113,,,,,,,,,1.345907,1.957305,,,80.732056,82.312347,0.273009,0.335509,,,,,,,,,,,,
106116,,,,,,,,,,,,,,,,,,,,0.078346,-0.462219,0.780831,,,,,,
106123,,,,,,,,,1.098699,0.000000,,,78.818802,80.148460,0.291424,0.357187,,,,0.087596,-0.452768,0.789770,,,,,,
106133,,,,,,,,,1.318439,0.000000,,,78.842621,80.505943,0.290464,0.353581,,,,,,,,,,,,
106136,,,,,,,,,,,,,,,,,,,,0.097059,-0.443184,0.798726,,,,,,
106143,,,,,,,,,1.263504,1.304869,,,78.862663,81.351273,0.289538,0.344926,,,,,,,,,,,,
106146,,,,,,,,,,,,,,,,,,,,0.106313,-0.433440,0.816715,,,,,,
106149,0.106057,-0.433697,0.818127,0.133344,-0.424620,0.945543,1.076676,-0.173391,,,70.225693,77.486969,,,,,0.025279,-0.013711,0.127416,,,,,,,,,
106153,,,,,,,,,1.263504,1.304869,,,78.334984,81.517990,0.243120,0.313868,,,,,,,,,,,,
106156,,,,,,,,,,,,,,,,,,,,0.115354,-0.423536,0.828793,,,,,,
106163,,,,,,,,,1.263504,1.304869,,,77.890991,81.658264,0.246027,0.311631,,,,,,,,,,,,
106166,,,,,,,,,,,,,,,,,,,,0.124308,-0.413670,0.840902,,,,,,
106173,,,,,,,,,1.263504,2.609736,,,76.972878,81.776291,0.253859,0.309593,,,,,,,,,,,,
106176,,,,,,,,,,,,,,,,,,,,0.132992,-0.403886,0.853021,,,,,,
106183,,,,,,,,,1.153634,0.000000,,,76.200378,80.786507,0.260389,0.318831,,,,0.141585,-0.393917,0.874335,,,,,,
106193,,,,,,,,,1.208569,1.304866,,,75.550400,80.498245,0.265824,0.321111,,,,0.149628,-0.384066,0.886406,,,,,,
106199,0.149315,-0.384418,0.886151,0.163408,-0.380799,1.000201,1.068803,0.685140,,,64.163559,75.158997,,,,,0.011716,-0.008629,0.114049,,,,,,,,,
106203,,,,,,,,,1.263504,1.304869,,,75.003502,80.255707,0.208503,0.299237,,,,,,,,,,,,
106206,,,,,,,,,,,,,,,,,,,,0.158233,-0.373717,0.901682,,,,,,
106213,,,,,,,,,1.153634,2.609736,,,73.998802,80.051636,0.216583,0.300300,,,,0.166218,-0.363631,0.920094,,,,,,
106223,,,,,,,,,1.071232,0.652434,,,72.608902,78.790840,0.228793,0.312181,,,,,,,,,,,,
106226,,,,,,,,,,,,,,,,,,,,0.174073,-0.353549,0.938636,,,,,,
106233,,,,,,,,,1.126167,1.957302,,,71.439438,78.274551,0.239033,0.316721,,,,,,,,,,,,
106236,,,,,,,,,,,,,,,,,,,,0.181705,-0.342964,0.954247,,,,,,
106243,,,,,,,,,1.153634,2.609736,,,70.455452,77.840149,0.247614,0.320529,,,,,,,,,,,,
106246,,,,,,,,,,,,,,,,,,,,0.188851,-0.332499,0.973089,,,,,,
106249,0.188357,-0.332924,0.976736,0.189838,-0.335442,1.091992,1.056741,1.485642,,,57.552231,72.956825,,,,,-0.001257,-0.002637,0.115256,,,,,,,,,
106253,,,,,,,,,1.098699,1.304869,,,69.627525,77.474640,0.187365,0.301259,,,,,,,,,,,,
106256,,,,,,,,,,,,,,,,,,,,0.195682,-0.322075,0.995098,,,,,,
106263,,,,,,,,,1.126167,3.262170,,,68.386368,77.711647,0.197610,0.297938,,,,0.202236,-0.311864,1.017422,,,,,,
106273,,,,,,,,,1.071232,3.262170,,,66.797516,77.366516,0.211649,0.300507,,,,,,,,,,,,
106276,,,,,,,,,,,,,,,,,,,,0.208188,-0.302498,1.046105,,,,,,
106283,,,,,,,,,1.071232,1.957303,,,66.005196,75.987038,0.217882,0.313696,,,,,,,,,,,,
106286,,,,,,,,,,,,,,,,,,,,0.213734,-0.293290,1.071704,,,,,,
106293,,,,,,,,,1.098699,2.609736,,,65.338539,75.915436,0.222991,0.313820,,,,,,,,,,,,
106296,,,,,,,,,,,,,,,,,,,,0.219110,-0.283854,1.104081,,,,,,
106299,0.218856,-0.283992,1.104338,0.211024,-0.288048,1.213159,1.044069,2.159765,,,53.510357,72.207306,,,,,-0.007145,0.005171,0.108820,,,,,,,,,
106303,,,,,,,,,1.043764,2.609737,,,64.233070,75.855186,0.191483,0.306198,,,,0.224110,-0.274230,1.133570,,,,,,
106313,,,,,,,,,1.098699,3.914604,,,63.302933,75.804497,0.198826,0.305985,,,,0.228631,-0.264582,1.162896,,,,,,
106323,,,,,,,,,0.988829,2.609737,,,61.975769,75.217300,0.210404,0.311255,,,,0.232957,-0.254853,1.196413,,,,,,
106333,,,,,,,,,1.043764,3.914604,,,60.859097,75.267776,0.220101,0.310138,,,,0.236881,-0.245124,1.230014,,,,,,
106343,,,,,,,,,0.961362,1.957303,,,59.919525,73.676620,0.228215,0.325756,,,,0.240529,-0.235407,1.264250,,,,,,
106349,0.240328,-0.235789,1.259042,0.225693,-0.238617,1.353993,1.034566,2.653946,,,52.055946,72.643150,,,,,-0.007181,0.013063,0.094951,,,,,,,,,
106353,,,,,,,,,1.043764,3.914604,,,59.128971,73.971451,0.220162,0.326900,,,,0.243786,-0.225557,1.302220,,,,,,
106363,,,,,,,,,1.043764,3.914604,,,58.463799,73.674980,0.225532,0.329659,,,,0.246782,-0.215765,1.337188,,,,,,
106373,,,,,,,,,1.043764,3.914604,,,57.904125,74.514610,0.229959,0.320888,,,,0.249264,-0.206068,1.376443,,,,,,
106383,,,,,,,,,0.961362,1.957303,,,57.433216,73.042908,0.233593,0.335525,,,,0.251482,-0.196291,1.412529,,,,,,
106393,,,,,,,,,1.071232,4.567039,,,57.036991,73.438240,0.236559,0.331413,,,,0.252947,-0.186549,1.449182,,,,,,
106399,0.252784,-0.186277,1.452380,0.232980,-0.187622,1.504483,1.030627,2.945649,,,53.530178,73.055984,,,,,-0.003675,0.019507,0.052103,,,,,,,,,
106403,,,,,,,,,1.016297,3.262172,,,56.703609,73.770874,0.254000,0.332072,,,,,,,,,,,,
106406,,,,,,,,,,,,,,,,,,,,0.254161,-0.177079,1.486412,,,,,,
106409,,,,,,,,,,,,,,,,,,,,0.254161,-0.177079,1.486412,,,,,,
106413,,,,,,,,,1.016297,3.262172,,,56.423100,73.506210,0.256227,0.334629,,,,,,,,,,,,
106416,,,,,,,,,,,,,,,,,,,,0.255345,-0.167892,1.524338,,,,,,
106423,,,,,,,,,1.043764,3.914604,,,56.187080,73.828064,0.258056,0.331256,,,,,,,,,,,,
106426,,,,,,,,,,,,,,,,,,,,0.256190,-0.158471,1.559147,,,,,,
106433,,,,,,,,,1.043764,3.914604,,,55.988495,74.098877,0.259550,0.328339,,,,0.256750,-0.149279,1.593834,,,,,,
106443,,,,,,,,,1.043764,2.609737,,,56.365948,73.782196,0.255208,0.331360,,,,0.256974,-0.139964,1.632456,,,,,,
106449,0.256838,-0.139476,1.628288,0.232485,-0.135868,1.655400,1.032777,3.043202,,,56.647110,75.216103,,,,,0.005002,0.024106,0.027112,,,,,,,,,
106453,,,,,,,,,1.016297,3.262172,,,56.138992,73.515739,0.288749,0.355966,,,,0.256678,-0.129587,1.666304,,,,,,
106463,,,,,,,,,1.043764,3.914604,,,55.948032,73.291542,0.290798,0.358593,,,,0.256348,-0.119258,1.699662,,,,,,
106473,,,,,,,,,0.988829,2.609737,,,55.787357,73.102905,0.292577,0.360902,,,,,,,,,,,,
106476,,,,,,,,,,,,,,,,,,,,0.255432,-0.108656,1.732471,,,,,,
106483,,,,,,,,,1.071232,3.262170,,,56.196709,72.944183,0.288573,0.362944,,,,0.254081,-0.098231,1.761288,,,,,,
106493,,,,,,,,,1.071232,1.957303,,,56.541138,73.355179,0.285150,0.359206,,,,0.252397,-0.088095,1.796909,,,,,,
106499,0.252268,-0.087940,1.790966,0.224306,-0.084267,1.798304,1.040273,2.965572,,,59.261768,76.220070,,,,,0.009691,0.026485,0.007338,,,,,,,,,
106503,,,,,,,,,1.071232,4.567039,,,56.830940,73.700989,0.308885,0.366291,,,,0.250617,-0.078011,1.825220,,,,,,
106513,,,,,,,,,1.098699,2.609736,,,57.619324,73.991951,0.301329,0.363827,,,,0.248208,-0.067812,1.856515,,,,,,
106523,,,,,,,,,1.071232,1.957303,,,58.282669,74.236771,0.294892,0.361776,,,,0.245630,-0.057496,1.884109,,,,,,
106533,,,,,,,,,1.043764,2.609737,,,58.296265,73.898216,0.294949,0.365626,,,,0.242387,-0.047326,1.911312,,,,,,
106543,,,,,,,,,1.098699,2.609736,,,58.852249,74.157898,0.289471,0.363441,,,,,,,,,,,,
106546,,,,,,,,,,,,,,,,,,,,0.239259,-0.037401,1.938330,,,,,,
106549,0.239048,-0.037220,1.936907,0.209041,-0.033614,1.925057,1.051868,2.723463,,,62.488987,76.921776,,,,,0.014109,0.026727,-0.011850,,,,,,,,,
106553,,,,,,,,,1.098699,2.609736,,,59.320053,74.376396,0.317699,0.368783,,,,0.235578,-0.027090,1.964977,,,,,,
106563,,,,,,,,,1.098699,2.609736,,,59.713661,74.560242,0.314318,0.367416,,,,0.231603,-0.016621,1.991519,,,,,,
106573,,,,,,,,,1.153634,2.609736,,,60.589386,75.259468,0.305941,0.360757,,,,0.227289,-0.006469,2.017828,,,,,,
106583,,,,,,,,,1.153634,2.609736,,,60.781681,75.303253,0.304359,0.360643,,,,0.222720,0.003625,2.043913,,,,,,
106593,,,,,,,,,1.126167,1.957302,,,62.032562,75.340096,0.291942,0.360590,,,,0.217751,0.013615,2.069771,,,,,,
106603,0.217621,0.013668,2.066829,0.187761,0.015609,2.027807,1.065895,2.320224,0.851492,0.652435,65.826424,76.263405,60.362339,72.648384,0.343111,0.381647,0.015919,0.025338,-0.039022,,,,,,,,,
106606,,,,,,,,,,,,,,,,,,,,0.212570,0.023772,2.088950,,,,,,
106613,,,,,,,,,1.373374,1.304869,,,63.313358,75.284462,0.314103,0.355482,,,,0.206895,0.033693,2.111234,,,,,,
106623,,,,,,,,,1.153634,2.609736,,,64.162712,75.324287,0.305943,0.355271,,,,,,,,,,,,
106626,,,,,,,,,,,,,,,,,,,,0.201122,0.043529,2.133471,,,,,,
106633,,,,,,,,,1.126167,1.957302,,,64.332817,75.902336,0.304540,0.349563,,,,,,,,,,,,
106636,,,,,,,,,,,,,,,,,,,,0.195045,0.053355,2.155481,,,,,,
106643,,,,,,,,,1.153634,0.000000,,,65.020485,74.755081,0.297825,0.361337,,,,0.188791,0.063112,2.174283,,,,,,
106649,0.188871,0.063201,2.165270,0.161942,0.063344,2.099642,1.079876,1.766474,,,68.831299,74.413048,,,,,0.015201,0.022228,-0.065628,,,,,,,,,
106653,,,,,,,,,1.126167,1.957302,,,65.599091,75.423409,0.322734,0.335948,,,,0.182312,0.072737,2.189928,,,,,,
106663,,,,,,,,,1.181102,0.652433,,,66.085930,75.441193,0.318415,0.335565,,,,0.175659,0.082142,2.205460,,,,,,
106673,,,,,,,,,1.153634,1.304868,,,66.495560,75.456161,0.314786,0.335207,,,,0.168864,0.091488,2.224134,,,,,,
106683,,,,,,,,,1.153634,1.304868,,,67.384766,75.468758,0.306183,0.334870,,,,0.161511,0.101110,2.236315,,,,,,
106693,,,,,,,,,1.181102,0.652433,,,67.588394,75.479355,0.304395,0.334550,,,,,,,,,,,,
106696,,,,,,,,,,,,,,,,,,,,0.154285,0.110248,2.248681,,,,,,
106703,0.154329,0.110349,2.244423,0.133380,0.109942,2.135378,1.090498,1.089495,0.439480,1.304869,71.931664,70.743118,61.225212,68.409210,0.401172,0.369019,0.012751,0.016626,-0.109045,,,,,,,,,
106706,,,,,,,,,,,,,,,,,,,,0.146696,0.119355,2.254725,,,,,,
106713,,,,,,,,,1.510711,0.652434,,,66.217552,72.806709,0.352391,0.324632,,,,0.139292,0.128378,2.267085,,,,,,
106723,,,,,,,,,1.181102,0.652433,,,67.150848,72.694962,0.344014,0.325359,,,,0.131568,0.137503,2.273155,,,,,,
106733,,,,,,,,,1.181102,-0.652433,,,68.480667,73.145477,0.331407,0.320373,,,,,,,,,,,,
106736,,,,,,,,,,,,,,,,,,,,0.123738,0.146502,2.276171,,,,,,
106743,,,,,,,,,1.263504,0.000000,,,70.144119,73.524544,0.315129,0.316026,,,,,,,,,,,,
106746,,,,,,,,,,,,,,,,,,,,0.115963,0.155296,2.273217,,,,,,
106749,0.115866,0.155660,2.270808,0.104063,0.156062,2.132028,1.094497,0.329917,,,73.734467,66.212273,,,,,0.007911,0.008768,-0.138781,,,,,,,,,
106753,,,,,,,,,1.181102,-0.652433,,,70.999199,73.843491,0.325154,0.266002,,,,,,,,,,,,
106756,,,,,,,,,,,,,,,,,,,,0.108028,0.164052,2.270248,,,,,,
106763,,,,,,,,,1.126167,0.652435,,,70.629578,73.022766,0.329471,0.272847,,,,,,,,,,,,
106766,,,,,,,,,,,,,,,,,,,,0.099871,0.173033,2.264109,,,,,,
106773,,,,,,,,,1.126167,-3.262170,,,71.952209,71.787666,0.316601,0.284083,,,,0.091653,0.182342,2.254875,,,,,,
106783,,,,,,,,,1.181102,-0.652433,,,72.520531,71.837540,0.311161,0.282459,,,,0.083805,0.191372,2.248716,,,,,,
106793,,,,,,,,,1.181102,-1.957302,,,73.543259,71.334961,0.300972,0.286460,,,,,,,,,,,,
106796,,,,,,,,,,,,,,,,,,,,0.075342,0.200877,2.226921,,,,,,
106799,0.075722,0.201012,2.222408,0.076045,0.202484,2.089002,1.090060,-0.465941,,,73.621468,61.973755,,,,,0.000975,-0.001150,-0.133407,,,,,,,,,
106803,,,,,,,,,1.181102,-1.957302,,,74.403778,70.367546,0.291080,0.252071,,,,,,,,,,,,
106806,,,,,,,,,,,,,,,,,,,,0.067669,0.209993,2.211550,,,,,,
106813,,,,,,,,,1.126167,-3.262170,,,74.583282,69.553566,0.289093,0.258694,,,,,,,,,,,,
106816,,,,,,,,,,,,,,,,,,,,0.059666,0.219539,2.189600,,,,,,
106823,,,,,,,,,1.098699,0.000000,,,73.645226,68.868683,0.298468,0.264164,,,,,,,,,,,,
106826,,,,,,,,,,,,,,,,,,,,0.052370,0.228798,2.170799,,,,,,
106833,,,,,,,,,1.071232,-1.957303,,,73.945030,68.292419,0.295406,0.268663,,,,,,,,,,,,
106836,,,,,,,,,,,,,,,,,,,,0.044841,0.238372,2.142250,,,,,,
106843,,,,,,,,,1.181102,-3.262171,,,74.741829,67.263008,0.287214,0.277899,,,,,,,,,,,,
106846,,,,,,,,,,,,,,,,,,,,0.037805,0.247843,2.113848,,,,,,
106849,0.038293,0.248073,2.109295,0.051310,0.249887,2.008288,1.077868,-1.248523,,,72.506744,58.660809,,,,,-0.005119,-0.012105,-0.101007,,,,,,,,,
106853,,,,,,,,,1.071232,-3.262170,,,75.412254,66.396866,0.268781,0.251884,,,,,,,,,,,,
106856,,,,,,,,,,,,,,,,,,,,0.031002,0.257331,2.081727,,,,,,
106863,,,,,,,,,1.071232,-1.957303,,,74.342728,65.668091,0.279109,0.257770,,,,,,,,,,,,
106866,,,,,,,,,,,,,,,,,,,,0.024728,0.266922,2.056091,,,,,,
106873,,,,,,,,,1.098699,-2.609736,,,74.531914,65.054901,0.276812,0.262624,,,,0.018498,0.276895,2.026768,,,,,,
106883,,,,,,,,,1.098699,-1.304869,,,74.691093,64.538963,0.274784,0.266607,,,,0.012934,0.286666,2.000399,,,,,,
106893,,,,,,,,,1.071232,-3.262170,,,74.825027,64.104851,0.272981,0.269860,,,,,,,,,,,,
106896,,,,,,,,,,,,,,,,,,,,0.007552,0.296755,1.967141,,,,,,
106899,0.008141,0.296700,1.965404,0.031645,0.298659,1.894558,1.061035,-1.964336,,,72.031944,56.199474,,,,,-0.007227,-0.022451,-0.070846,,,,,,,,,
106903,,,,,,,,,1.071232,-1.957303,,,74.393173,63.195049,0.272079,0.252945,,,,,,,,,,,,
106906,,,,,,,,,,,,,,,,,,,,0.002664,0.306950,1.940344,,,,,,
106913,,,,,,,,,1.043764,-3.914604,,,74.574356,62.429543,0.269758,0.259354,,,,,,,,,,,,
106916,,,,,,,,,,,,,,,,,,,,-0.002075,0.317198,1.913223,,,,,,
106923,,,,,,,,,1.071232,-1.957303,,,74.182259,62.329987,0.273249,0.259124,,,,,,,,,,,,
106926,,,,,,,,,,,,,,,,,,,,-0.006596,0.327354,1.885831,,,,,,
106933,,,,,,,,,1.071232,-3.262170,,,73.852348,61.701675,0.276184,0.264306,,,,,,,,,,,,
106936,,,,,,,,,,,,,,,,,,,,-0.010694,0.337742,1.858284,,,,,,
106943,,,,,,,,,1.043764,-2.609737,,,74.119308,61.173016,0.273097,0.268598,,,,,,,,,,,,
106946,,,,,,,,,,,,,,,,,,,,-0.014312,0.347928,1.827192,,,,,,
106949,-0.013843,0.347774,1.827856,0.018538,0.348764,1.754750,1.043890,-2.561305,,,72.690094,53.355705,,,,,-0.007274,-0.031568,-0.073106,,,,,,,,,
106953,,,,,,,,,1.043764,-2.609737,,,73.799385,60.728203,0.282656,0.243134,,,,-0.017701,0.358296,1.798873,,,,,,
106963,,,,,,,,,1.016297,-1.957302,,,72.441116,60.353935,0.296289,0.245477,,,,,,,,,,,,
106966,,,,,,,,,,,,,,,,,,,,-0.020654,0.368713,1.773696,,,,,,
106973,,,,,,,,,1.043764,-2.609737,,,72.387352,59.494484,0.296887,0.252844,,,,,,,,,,,,
106976,,,,,,,,,,,,,,,,,,,,-0.023381,0.378924,1.748743,,,,,,
106983,,,,,,,,,1.016297,-3.262172,,,72.886658,59.315887,0.291855,0.253438,,,,,,,,,,,,
106986,,,,,,,,,,,,,,,,,,,,-0.025706,0.389158,1.719731,,,,,,
106993,,,,,,,,,1.043764,-3.914604,,,73.306770,58.621071,0.287530,0.259333,,,,,,,,,,,,
106996,,,,,,,,,,,,,,,,,,,,-0.027811,0.399300,1.690245,,,,,,
106999,-0.027354,0.399296,1.685386,0.013102,0.399712,1.596878,1.030265,-3.003799,,,74.388344,51.520981,,,,,-0.004213,-0.040238,-0.088508,,,,,,,,,
107003,,,,,,,,,1.071232,-3.262170,,,73.115715,58.580997,0.306678,0.239974,,,,-0.029697,0.409479,1.656998,,,,,,
107013,,,,,,,,,1.043764,-3.914604,,,73.499504,58.002735,0.303018,0.244461,,,,-0.031323,0.419445,1.627048,,,,,,
107023,,,,,,,,,0.933894,-1.304869,,,71.644249,57.516186,0.322119,0.248127,,,,-0.032522,0.429482,1.588755,,,,,,
107033,,,,,,,,,1.043764,-3.914604,,,72.261414,57.106804,0.316373,0.251104,,,,,,,,,,,,
107036,,,,,,,,,,,,,,,,,,,,-0.033404,0.439302,1.551316,,,,,,
107043,,,,,,,,,1.043764,-3.914604,,,73.325233,56.762348,0.305947,0.253500,,,,-0.034332,0.449119,1.509137,,,,,,
107049,-0.033827,0.449317,1.507522,0.016029,0.450623,1.428705,1.022383,-3.284959,,,76.940826,52.966721,,,,,0.004456,-0.049674,-0.078817,,,,,,,,,
107053,,,,,,,,,1.071232,-4.567039,,,73.675789,56.472523,0.328619,0.270155,,,,,,,,,,,,
107056,,,,,,,,,,,,,,,,,,,,-0.034598,0.458590,1.467976,,,,,,
107063,,,,,,,,,1.043764,-3.914604,,,73.970749,56.228664,0.326264,0.271941,,,,-0.034563,0.468087,1.427490,,,,,,
107073,,,,,,,,,0.988829,-3.914606,,,74.218925,55.478939,0.324326,0.278936,,,,-0.033960,0.478386,1.380378,,,,,,
107083,,,,,,,,,1.043764,-3.914604,,,74.427742,54.848118,0.322741,0.284868,,,,,,,,,,,,
107086,,,,,,,,,,,,,,,,,,,,-0.033312,0.488761,1.337859,,,,,,
107093,,,,,,,,,1.016297,-4.567039,,,74.603439,54.861889,0.321451,0.284351,,,,-0.032325,0.499512,1.285188,,,,,,
107099,-0.031701,0.499498,1.284707,0.027572,0.500393,1.257244,1.020994,-3.418961,,,79.528000,57.940193,,,,,0.017586,-0.056611,-0.027463,,,,,,,,,
107103,,,,,,,,,1.043764,-5.219473,,,74.751274,54.328934,0.346800,0.340137,,,,-0.030705,0.509893,1.237093,,,,,,
107113,,,,,,,,,1.043764,-3.914604,,,75.420204,54.425049,0.340932,0.339879,,,,,,,,,,,,
107116,,,,,,,,,,,,,,,,,,,,-0.028413,0.520093,1.193119,,,,,,
107123,,,,,,,,,1.043764,-2.609737,,,74.893959,55.050465,0.347122,0.334203,,,,,,,,,,,,
107126,,,,,,,,,,,,,,,,,,,,-0.025753,0.529831,1.140094,,,,,,
107133,,,,,,,,,1.098699,-3.914604,,,75.540260,55.576687,0.341456,0.329414,,,,-0.022732,0.539674,1.101097,,,,,,
107143,,,,,,,,,1.071232,-3.262170,,,75.539513,56.019451,0.342261,0.325370,,,,-0.019184,0.549789,1.062299,,,,,,
107149,-0.018601,0.549756,1.067298,0.047557,0.547895,1.089437,1.026319,-3.416751,,,81.874901,63.422035,,,,,0.030291,-0.058846,0.022139,,,,,,,,,
107153,,,,,,,,,1.126167,-3.262170,,,76.083427,56.391994,0.361449,0.377869,,,,-0.015043,0.559504,1.017665,,,,,,
107163,,,,,,,,,1.126167,-4.567039,,,76.541077,57.249996,0.357940,0.370523,,,,,,,,,,,,
107166,,,,,,,,,,,,,,,,,,,,-0.010721,0.569054,0.976704,,,,,,
107173,,,,,,,,,1.153634,-2.609736,,,76.926147,58.516460,0.355079,0.358840,,,,-0.005984,0.578846,0.936240,,,,,,
107183,,,,,,,,,1.126167,-0.652435,,,76.161057,59.582062,0.363872,0.348952,,,,,,,,,,,,
107186,,,,,,,,,,,,,,,,,,,,-0.000583,0.588757,0.895974,,,,,,
107193,,,,,,,,,1.098699,-2.609736,,,76.606400,60.478661,0.360473,0.340575,,,,,,,,,,,,
107196,,,,,,,,,,,,,,,,,,,,0.005154,0.598169,0.865546,,,,,,
107199,0.005664,0.597977,0.871550,0.075404,0.592203,0.933000,1.038650,-3.269751,,,83.700508,68.649193,,,,,0.040468,-0.057090,0.061450,,,,,,,,,
107203,,,,,,,,,1.181102,-4.567039,,,77.525650,60.688515,0.370771,0.392340,,,,0.011423,0.607593,0.829190,,,,,,
107213,,,,,,,,,1.153634,-2.609736,,,78.299110,61.409630,0.364117,0.386577,,,,0.017794,0.616438,0.799127,,,,,,
107223,,,,,,,,,1.098699,1.304869,,,76.227180,62.560917,0.386331,0.376281,,,,0.024817,0.625240,0.763071,,,,,,
107233,,,,,,,,,1.236037,-3.262171,,,77.206573,63.529610,0.377836,0.367618,,,,0.032227,0.633981,0.730486,,,,,,
107243,,,,,,,,,1.181102,-3.262171,,,78.030640,64.344666,0.370729,0.360329,,,,0.040163,0.642730,0.701023,,,,,,
107249,0.040757,0.642494,0.701673,0.110172,0.632784,0.796304,1.057813,-2.959354,,,84.468460,73.462624,,,,,0.046749,-0.052223,0.094631,,,,,,,,,
107253,,,,,,,,,1.208569,-1.304866,,,78.724007,65.575005,0.372624,0.397737,,,,,,,,,,,,
107256,,,,,,,,,,,,,,,,,,,,0.048159,0.651294,0.668475,,,,,,
107263,,,,,,,,,1.236037,-3.262171,,,79.851952,66.065666,0.362268,0.394310,,,,,,,,,,,,
107266,,,,,,,,,,,,,,,,,,,,0.056976,0.659784,0.639313,,,,,,
107273,,,,,,,,,1.236037,-1.957302,,,80.256462,67.023048,0.359065,0.386024,,,,0.065893,0.667844,0.613241,,,,,,
107283,,,,,,,,,1.098699,-1.304869,,,78.418640,66.739502,0.378653,0.390204,,,,0.074773,0.675723,0.586966,,,,,,
107293,,,,,,,,,1.263504,-1.304869,,,79.595016,68.134560,0.367864,0.377319,,,,,,,,,,,,
107296,,,,,,,,,,,,,,,,,,,,0.084349,0.683522,0.563881,,,,,,
107299,0.084867,0.683345,0.569991,0.150598,0.669620,0.687223,1.081893,-2.481776,,,83.973114,77.297485,,,,,0.047933,-0.047025,0.117232,,,,,,,,,
107303,,,,,,,,,1.263504,-1.304869,,,80.040276,68.763817,0.359245,0.411082,,,,0.094522,0.690985,0.537996,,,,,,
107313,,,,,,,,,1.290972,-1.957303,,,80.959457,69.837814,0.350655,0.401834,,,,,,,,,,,,
107316,,,,,,,,,,,,,,,,,,,,0.104452,0.697893,0.515070,,,,,,
107323,,,,,,,,,1.290972,-1.957303,,,81.188316,71.286018,0.348924,0.388554,,,,0.114951,0.705226,0.495216,,,,,,
107333,,,,,,,,,1.263504,-1.304869,,,81.925415,71.959999,0.341962,0.382882,,,,,,,,,,,,
107336,,,,,,,,,,,,,,,,,,,,0.125798,0.712121,0.472220,,,,,,
107343,,,,,,,,,1.098699,0.000000,,,79.822899,71.437996,0.363818,0.389274,,,,,,,,,,,,
107346,,,,,,,,,,,,,,,,,,,,0.136526,0.718455,0.455103,,,,,,
107349,0.136094,0.717962,0.464752,0.195155,0.703245,0.611967,1.106498,-1.860729,,,81.865448,80.938492,,,,,0.046200,-0.039627,0.147215,,,,,,,,,
107353,,,,,,,,,1.345907,-1.957305,,,80.776558,72.632416,0.333422,0.415401,,,,0.147508,0.724766,0.440913,,,,,,
107363,,,,,,,,,1.318439,0.000000,,,81.578964,73.637398,0.325455,0.406811,,,,,,,,,,,,
107366,,,,,,,,,,,,,,,,,,,,0.159086,0.730965,0.426848,,,,,,
107373,,,,,,,,,1.290972,-0.652435,,,81.709564,75.027534,0.324181,0.394092,,,,,,,,,,,,
107376,,,,,,,,,,,,,,,,,,,,0.170701,0.736992,0.415378,,,,,,
107383,,,,,,,,,1.208569,0.000000,,,80.730370,75.108109,0.334199,0.394452,,,,,,,,,,,,
107386,,,,,,,,,,,,,,,,,,,,0.182586,0.742677,0.406768,,,,,,
107393,,,,,,,,,1.263504,0.000000,,,80.451012,75.720444,0.337276,0.389373,,,,0.194828,0.748321,0.401043,,,,,,
107399,0.194650,0.748126,0.406394,0.242105,0.734684,0.574851,1.125396,-1.135408,,,77.689339,82.524361,,,,,0.038276,-0.031107,0.168457,,,,,,,,,
107403,,,,,,,,,1.373374,-1.304869,,,81.305054,76.780205,0.286251,0.395782,,,,,,,,,,,,
107406,,,,,,,,,,,,,,,,,,,,0.206456,0.753907,0.398424,,,,,,
107413,,,,,,,,,1.318439,1.304869,,,81.479095,78.216431,0.283753,0.382282,,,,0.218871,0.759690,0.395472,,,,,,
107423,,,,,,,,,1.263504,1.304869,,,80.536453,78.880333,0.292610,0.376372,,,,0.230856,0.765006,0.395604,,,,,,
107433,,,,,,,,,1.345907,1.957305,,,80.287857,79.983482,0.294576,0.365848,,,,,,,,,,,,
107436,,,,,,,,,,,,,,,,,,,,0.242701,0.770584,0.398529,,,,,,
107452,0.243761,0.771141,0.407400,0.289553,0.765321,0.578889,1.132471,-0.339417,-0.000000,0.000000,76.128624,85.706673,,,,,0.039738,-0.023488,0.171489,,,,,,,,,
107455,,,,,,,,,,,,,64.629120,64.871819,0.437720,0.554676,,,,,,,,,,,,
107463,,,,,,,,,1.648049,1.304868,,,65.269798,66.018547,0.433485,0.547147,,,,,,,,,,,,
107473,,,,,,,,,1.455776,1.957302,,,68.531578,70.795204,0.402386,0.502362,,,,0.290501,0.792058,0.438172,,,,,,
107483,,,,,,,,,1.510712,1.957302,,,71.820587,74.814285,0.370358,0.464350,,,,0.302787,0.797803,0.458047,,,,,,
107493,,,,,,,,,1.455776,1.957302,,,74.043411,78.195938,0.348547,0.432036,,,,0.315483,0.803962,0.475062,,,,,,
107503,0.314954,0.803886,0.477587,0.335534,0.796701,0.626396,1.124039,0.508726,1.071232,0.652434,67.368217,80.007149,72.101891,76.684914,0.279411,0.390815,0.014975,-0.015841,0.148809,,,,,,,,,
107506,,,,,,,,,,,,,,,,,,,,0.328068,0.810429,0.492277,,,,,,
107513,,,,,,,,,1.126167,1.957302,,,71.557388,77.047173,0.284018,0.387785,,,,0.340421,0.816963,0.509360,,,,,,
107523,,,,,,,,,1.345906,3.262171,,,72.188324,78.985603,0.276745,0.368605,,,,,,,,,,,,
107526,,,,,,,,,,,,,,,,,,,,0.353074,0.824040,0.532536,,,,,,
107533,,,,,,,,,1.345907,1.957305,,,73.263741,81.161140,0.264812,0.346618,,,,,,,,,,,,
107536,,,,,,,,,,,,,,,,,,,,0.365534,0.830801,0.552357,,,,,,
107543,,,,,,,,,1.345906,3.262171,,,73.624054,82.991638,0.259957,0.327717,,,,0.377607,0.837963,0.575224,,,,,,
107549,0.377152,0.838073,0.580701,0.378083,0.830313,0.718702,1.100715,1.396587,,,58.828018,75.496361,,,,,-0.003479,-0.006999,0.138001,,,,,,,,,
107553,,,,,,,,,1.318439,1.304869,,,73.927216,83.442734,0.168504,0.276508,,,,0.389791,0.845869,0.604167,,,,,,
107563,,,,,,,,,1.098699,1.304869,,,73.093216,81.644112,0.173991,0.293265,,,,,,,,,,,,
107566,,,,,,,,,,,,,,,,,,,,0.401486,0.853290,0.635995,,,,,,
107573,,,,,,,,,1.263504,3.914606,,,72.391487,82.308922,0.178295,0.285254,,,,0.413130,0.861478,0.661998,,,,,,
107583,,,,,,,,,1.153634,3.914605,,,70.711967,82.323753,0.192714,0.283741,,,,,,,,,,,,
107586,,,,,,,,,,,,,,,,,,,,0.424509,0.870028,0.694104,,,,,,
107593,,,,,,,,,1.098699,2.609736,,,69.298820,81.791687,0.204751,0.287802,,,,0.435691,0.879084,0.726252,,,,,,
107599,0.434457,0.878422,0.724979,0.415338,0.867372,0.854347,1.068188,2.291904,,,49.662075,70.574211,,,,,-0.021638,0.004407,0.129368,,,,,,,,,
107603,,,,,,,,,1.126167,4.567039,,,67.565254,81.344009,0.126847,0.240904,,,,0.446535,0.888100,0.759465,,,,,,
107613,,,,,,,,,0.988829,3.914606,,,65.017540,80.422791,0.149253,0.248146,,,,0.455710,0.896248,0.792073,,,,,,
107623,,,,,,,,,0.961362,1.957303,,,63.418442,78.014046,0.162493,0.270746,,,,,,,,,,,,
107626,,,,,,,,,,,,,,,,,,,,0.464061,0.903342,0.828573,,,,,,
107633,,,,,,,,,1.016297,4.567039,,,61.528416,77.620956,0.179020,0.273267,,,,,,,,,,,,
107636,,,,,,,,,,,,,,,,,,,,0.472577,0.911134,0.865228,,,,,,
107643,,,,,,,,,1.016297,4.567039,,,59.938148,77.290215,0.192867,0.275231,,,,,,,,,,,,
107646,,,,,,,,,,,,,,,,,,,,0.480019,0.919123,0.910685,,,,,,
107649,0.479055,0.918870,0.914242,0.445633,0.908631,1.026142,1.036390,3.110491,,,44.180950,68.520073,,,,,-0.028511,0.020224,0.111900,,,,,,,,,
107653,,,,,,,,,1.016297,3.262172,,,58.600098,76.467384,0.148552,0.261329,,,,0.487293,0.927804,0.944814,,,,,,
107663,,,,,,,,,0.933894,3.914605,,,57.474262,75.230515,0.157152,0.272355,,,,0.493932,0.935666,0.985434,,,,,,
107673,,,,,,,,,0.961362,4.567040,,,55.437901,74.734352,0.175264,0.276074,,,,0.500029,0.943957,1.023425,,,,,,
107683,,,,,,,,,0.933894,5.219474,,,54.269047,73.772339,0.184935,0.284644,,,,,,,,,,,,
107686,,,,,,,,,,,,,,,,,,,,0.505600,0.951821,1.068295,,,,,,
107693,,,,,,,,,0.906427,3.262171,,,53.285572,72.962898,0.192949,0.291850,,,,,,,,,,,,
107696,,,,,,,,,,,,,,,,,,,,0.510937,0.960235,1.110856,,,,,,
107699,0.510322,0.959960,1.108031,0.467611,0.954262,1.219969,1.016505,3.713054,,,42.409466,70.264977,,,,,-0.024166,0.035675,0.111938,,,,,,,,,
107703,,,,,,,,,0.933894,5.219474,,,51.913536,72.826378,0.187054,0.310152,,,,0.515546,0.968611,1.153634,,,,,,
107713,,,,,,,,,0.933894,3.914605,,,51.303646,72.166969,0.191374,0.316365,,,,0.519684,0.976948,1.196792,,,,,,
107723,,,,,,,,,0.961362,5.871906,,,50.245945,72.156685,0.200384,0.316090,,,,0.523415,0.985123,1.240678,,,,,,
107733,,,,,,,,,0.933894,3.914605,,,49.900536,72.148033,0.202339,0.315800,,,,0.526440,0.993399,1.284958,,,,,,
107743,,,,,,,,,0.961362,4.567040,,,49.065365,72.140755,0.209360,0.315497,,,,0.529145,1.001811,1.330361,,,,,,
107749,0.528945,1.002089,1.330856,0.480304,1.003773,1.418569,1.016037,3.979581,,,46.421200,74.513046,,,,,-0.009924,0.047648,0.087713,,,,,,,,,
107753,,,,,,,,,0.933894,5.219474,,,48.907196,71.590088,0.250562,0.364069,,,,0.531439,1.009955,1.376359,,,,,,
107763,,,,,,,,,0.933894,2.609737,,,49.318657,70.582214,0.245868,0.374934,,,,0.533311,1.018291,1.423409,,,,,,
107773,,,,,,,,,0.961362,4.567040,,,49.120316,71.367813,0.247311,0.367707,,,,0.534824,1.026281,1.471388,,,,,,
107783,,,,,,,,,0.988829,5.219473,,,48.953430,72.028816,0.248474,0.361594,,,,0.536137,1.034268,1.520629,,,,,,
107793,,,,,,,,,0.961362,4.567040,,,48.813015,72.040443,0.249399,0.361972,,,,,,,,,,,,
107796,,,,,,,,,,,,,,,,,,,,0.537076,1.042340,1.571444,,,,,,
107799,0.536896,1.042964,1.570407,0.483215,1.056032,1.608828,1.034469,3.919244,,,55.832043,80.719933,,,,,0.013047,0.053686,0.038421,,,,,,,,,
107803,,,,,,,,,1.016297,4.567039,,,48.694870,72.594772,0.346117,0.420123,,,,0.537475,1.052316,1.616678,,,,,,
107813,,,,,,,,,0.988829,5.219473,,,49.140003,72.516640,0.343004,0.422545,,,,0.537824,1.061760,1.665932,,,,,,
107823,,,,,,,,,0.961362,1.957303,,,50.059082,71.906357,0.334968,0.430410,,,,,,,,,,,,
107826,,,,,,,,,,,,,,,,,,,,0.537833,1.071502,1.710282,,,,,,
107833,,,,,,,,,1.098699,3.914604,,,51.376942,73.026489,0.322680,0.420748,,,,0.537137,1.081309,1.757464,,,,,,
107843,,,,,,,,,1.126167,4.567039,,,52.485786,74.513519,0.312261,0.407119,,,,0.536116,1.090922,1.803897,,,,,,
107849,0.535644,1.091592,1.803448,0.476353,1.109339,1.785972,1.062898,3.675608,,,65.138016,85.106850,,,,,0.030939,0.053602,-0.017476,,,,,,,,,
107853,,,,,,,,,1.071232,3.262170,,,53.418770,74.675613,0.398335,0.451453,,,,0.534694,1.101233,1.852808,,,,,,
107863,,,,,,,,,1.126167,3.262170,,,54.748325,74.812004,0.387117,0.452148,,,,0.532822,1.111816,1.893877,,,,,,
107873,,,,,,,,,1.153634,2.609736,,,56.411556,75.471306,0.372230,0.447482,,,,0.530685,1.122208,1.938010,,,,,,
107883,,,,,,,,,1.236037,3.262171,,,58.355541,77.115128,0.354147,0.432643,,,,,,,,,,,,
107886,,,,,,,,,,,,,,,,,,,,0.527555,1.132694,1.977878,,,,,,
107893,,,,,,,,,1.236037,1.957302,,,59.991207,78.498238,0.338819,0.420133,,,,0.524213,1.142769,2.020893,,,,,,
107899,0.523686,1.143443,2.010842,0.460243,1.161556,1.952652,1.087970,3.419933,,,72.238625,87.947044,,,,,0.043413,0.049683,-0.058190,,,,,,,,,
107903,,,,,,,,,1.208569,3.914605,,,61.367458,79.661987,0.398237,0.438555,,,,0.520347,1.153414,2.059721,,,,,,
107913,,,,,,,,,1.236037,3.262171,,,62.525436,80.096626,0.388600,0.435778,,,,0.515954,1.164119,2.098017,,,,,,
107923,,,,,,,,,1.126167,0.652435,,,62.955215,78.828697,0.386159,0.450281,,,,0.511284,1.174408,2.136398,,,,,,
107933,,,,,,,,,1.263504,1.304869,,,64.950462,79.940033,0.367664,0.440769,,,,0.506093,1.184445,2.171034,,,,,,
107943,,,,,,,,,1.263504,3.914606,,,66.084717,81.419655,0.357552,0.427279,,,,0.500382,1.194657,2.205406,,,,,,
107949,0.499624,1.194913,2.205479,0.435880,1.210326,2.116126,1.096998,3.272406,,,76.158958,88.659706,,,,,0.050206,0.042192,-0.089353,,,,,,,,,
107953,,,,,,,,,1.318439,2.609739,,,67.583618,82.120064,0.383482,0.428709,,,,,,,,,,,,
107957,,,,,,,,,,,,,,,,,,,,0.494126,1.204930,2.236348,,,,,,
107963,,,,,,,,,1.290972,1.957303,,,68.300255,82.709389,0.377887,0.424006,,,,,,,,,,,,
107966,,,,,,,,,,,,,,,,,,,,0.487456,1.215094,2.267101,,,,,,
107973,,,,,,,,,1.236037,1.957302,,,69.447777,83.205246,0.367754,0.420138,,,,0.480383,1.225011,2.297582,,,,,,
107983,,,,,,,,,1.181102,0.652433,,,69.868759,81.988831,0.364802,0.433637,,,,,,,,,,,,
107986,,,,,,,,,,,,,,,,,,,,0.472683,1.235029,2.327621,,,,,,
107993,,,,,,,,,1.263504,2.609736,,,70.222969,82.598969,0.362447,0.428747,,,,0.464670,1.244925,2.354715,,,,,,
107999,0.464184,1.244779,2.353119,0.404650,1.253267,2.286158,1.081742,3.299626,,,73.938133,87.969467,,,,,0.047987,0.036243,-0.066961,,,,,,,,,
108003,,,,,,,,,1.345906,3.262171,,,71.065544,83.656883,0.332388,0.412128,,,,0.456074,1.254536,2.381511,,,,,,
108009,,,,,,,,,,,,,,,,,,,,0.456074,1.254536,2.381511,,,,,,
108013,,,,,,,,,1.345907,1.957305,,,72.319031,84.547012,0.320177,0.403912,,,,0.447461,1.263776,2.411322,,,,,,
108023,,,,,,,,,1.208569,0.000000,,,72.284630,83.117798,0.320852,0.419174,,,,,,,,,,,,
108026,,,,,,,,,,,,,,,,,,,,0.438171,1.272565,2.438010,,,,,,
108033,,,,,,,,,1.318439,2.609739,,,72.800224,84.093430,0.315923,0.410193,,,,0.428577,1.281412,2.464330,,,,,,
108043,,,,,,,,,1.236037,3.262171,,,72.689507,84.914322,0.317280,0.402595,,,,,,,,,,,,
108046,,,,,,,,,,,,,,,,,,,,0.418891,1.289983,2.496609,,,,,,
108049,0.418755,1.289565,2.498236,0.368229,1.288198,2.473748,1.040438,3.538587,,,67.124428,85.169113,,,,,0.039605,0.031403,-0.024488,,,,,,,,,
108053,,,,,,,,,1.345906,3.262171,,,73.140892,85.605026,0.243426,0.367597,,,,0.409014,1.298284,2.525794,,,,,,
108063,,,,,,,,,1.263504,3.914606,,,72.431602,86.730721,0.249457,0.356028,,,,0.398623,1.306172,2.557693,,,,,,
108073,,,,,,,,,1.236037,3.262171,,,71.834808,86.588799,0.254483,0.357163,,,,0.387931,1.313806,2.589335,,,,,,
108083,,,,,,,,,1.098699,1.304869,,,70.788116,84.291214,0.264217,0.380315,,,,,,,,,,,,
108086,,,,,,,,,,,,,,,,,,,,0.377040,1.321216,2.623726,,,,,,
108093,,,,,,,,,1.318439,3.914604,,,70.451973,85.080742,0.266913,0.372437,,,,0.365892,1.328187,2.660778,,,,,,
108099,0.365607,1.327829,2.663540,0.328428,1.313378,2.689281,0.978627,4.001602,,,56.771336,80.345406,,,,,0.026362,0.029935,0.025741,,,,,,,,,
108103,,,,,,,,,1.208569,3.914605,,,70.169144,85.745049,0.163531,0.316477,,,,,,,,,,,,
108106,,,,,,,,,,,,,,,,,,,,0.354506,1.334546,2.697626,,,,,,
108113,,,,,,,,,1.208569,3.914605,,,68.842087,85.759453,0.174388,0.315250,,,,0.343134,1.340567,2.734408,,,,,,
108123,,,,,,,,,1.098699,5.219474,,,67.180954,85.227028,0.188917,0.319598,,,,0.331661,1.346274,2.779424,,,,,,
108133,,,,,,,,,1.208569,5.219474,,,65.783279,85.323593,0.201091,0.317637,,,,0.320046,1.351392,2.827060,,,,,,
108143,,,,,,,,,0.933894,2.609737,,,64.062737,82.682121,0.216838,0.343584,,,,0.308307,1.355998,2.877161,,,,,,
108149,0.309516,1.355184,2.870175,0.287075,1.327651,2.937177,0.908898,4.637468,,,46.092434,75.273842,,,,,0.014238,0.032541,0.067002,,,,,,,,,
108153,,,,,,,,,1.126167,4.567039,,,62.615070,82.637764,0.121222,0.291839,,,,0.296401,1.360113,2.927201,,,,,,
108163,,,,,,,,,1.071232,7.176776,,,60.852459,82.600441,0.135896,0.290747,,,,,,,,,,,,
108166,,,,,,,,,,,,,,,,,,,,0.284480,1.363483,2.979698,,,,,,
108173,,,,,,,,,1.016297,5.871907,,,58.824856,82.024490,0.153625,0.295157,,,,,,,,,,,,
108176,,,,,,,,,,,,,,,,,,,,0.272460,1.366164,3.031971,,,,,,
108183,,,,,,,,,0.933894,5.219474,,,56.574287,80.450806,0.174035,0.309858,,,,,,,,,,,,
108186,,,,,,,,,,,,,,,,,,,,0.260536,1.368285,3.089750,,,,,,
108193,,,,,,,,,0.933894,5.219474,,,54.680660,79.671249,0.191253,0.316774,,,,0.250026,1.369677,-3.138135,,,,,,
108199,0.251138,1.369008,-3.139320,0.245865,1.330585,-3.075433,0.848667,5.248053,,,38.406631,70.475380,,,,,0.005360,0.038411,0.063887,,,,,,,,,
108203,,,,,,,,,1.043764,6.524342,,,53.087364,79.559868,0.127392,0.268086,,,,0.240024,1.371309,-3.079425,,,,,,
108213,,,,,,,,,0.906427,5.871908,,,51.746765,78.921616,0.138130,0.272780,,,,0.230291,1.372032,-3.015371,,,,,,
108223,,,,,,,,,0.933894,6.524341,,,50.074242,78.384590,0.152522,0.276568,,,,,,,,,,,,
108226,,,,,,,,,,,,,,,,,,,,0.220673,1.371930,-2.954254,,,,,,
108233,,,,,,,,,0.906427,7.176775,,,48.122437,77.388191,0.170096,0.285150,,,,0.211175,1.371723,-2.895637,,,,,,
108243,,,,,,,,,0.906427,5.871908,,,47.024731,76.549820,0.179350,0.292318,,,,,,,,,,,,
108246,,,,,,,,,,,,,,,,,,,,0.201798,1.370997,-2.831056,,,,,,
108249,0.202178,1.370262,-2.832314,0.206260,1.322501,-2.808030,0.814331,5.483375,,,38.222168,69.528908,,,,,0.010648,0.046738,0.024285,,,,,,,,,
108253,,,,,,,,,0.851492,5.871908,,,45.556576,75.844414,0.190720,0.288645,,,,,,,,,,,,
108256,,,,,,,,,,,,,,,,,,,,0.192423,1.369198,-2.772138,,,,,,
108263,,,,,,,,,0.906427,5.871908,,,44.865814,74.706345,0.196299,0.298990,,,,0.183697,1.367078,-2.707108,,,,,,
108273,,,,,,,,,0.878959,5.219473,,,44.284607,74.293320,0.200898,0.302167,,,,,,,,,,,,
108276,,,,,,,,,,,,,,,,,,,,0.175020,1.364467,-2.650157,,,,,,
108283,,,,,,,,,0.851492,5.871908,,,43.251038,73.401253,0.210228,0.310313,,,,0.167001,1.361185,-2.586914,,,,,,
108293,,,,,,,,,0.906427,5.871908,,,42.925938,73.195213,0.212539,0.311641,,,,,,,,,,,,
108296,,,,,,,,,,,,,,,,,,,,0.159315,1.357760,-2.531868,,,,,,
108302,0.159498,1.357134,-2.532466,0.169422,1.304445,-2.571661,0.812444,5.112545,,,43.853855,70.002380,43.196941,70.299133,0.266277,0.345277,0.022007,0.048890,-0.039195,,,,,,,,,
108305,,,,,,,,,0.824024,2.609737,,,,,,,,,,0.152049,1.353839,-2.473495,,,,,,
108313,,,,,,,,,0.796557,4.567040,,,42.335876,69.496002,0.275191,0.353409,,,,0.145173,1.349360,-2.417599,,,,,,
108323,,,,,,,,,0.961362,4.567040,,,43.245007,69.909332,0.266222,0.349295,,,,,,,,,,,,
108326,,,,,,,,,,,,,,,,,,,,0.138812,1.344848,-2.363977,,,,,,
108333,,,,,,,,,0.933894,5.219474,,,43.465405,70.257111,0.264095,0.345766,,,,0.132823,1.340278,-2.309743,,,,,,
108343,,,,,,,,,1.016297,4.567039,,,44.195389,70.549728,0.256727,0.342730,,,,,,,,,,,,
108346,,,,,,,,,,,,,,,,,,,,0.127360,1.335255,-2.257682,,,,,,
108349,0.126870,1.334257,-2.261595,0.136178,1.278098,-2.379966,0.834896,4.296208,,,53.564140,71.078949,,,,,0.037354,0.042956,-0.118371,,,,,,,,,
108353,,,,,,,,,0.906427,4.567039,,,44.809601,70.795937,0.349439,0.351090,,,,,,,,,,,,
108356,,,,,,,,,,,,,,,,,,,,0.121263,1.328991,-2.211597,,,,,,
108363,,,,,,,,,0.988829,2.609737,,,45.870941,70.458557,0.340364,0.354588,,,,0.114884,1.322382,-2.164955,,,,,,
108373,,,,,,,,,0.961362,3.262171,,,47.308495,70.174683,0.327240,0.357608,,,,0.109164,1.315419,-2.117643,,,,,,
108383,,,,,,,,,0.988829,2.609737,,,48.518051,69.935829,0.316153,0.360225,,,,0.103513,1.307843,-2.079374,,,,,,
108393,,,,,,,,,0.988829,2.609737,,,49.535774,69.734863,0.306782,0.362503,,,,,,,,,,,,
108396,,,,,,,,,,,,,,,,,,,,0.098436,1.300119,-2.043804,,,,,,
108403,0.098415,1.299604,-2.051142,0.106997,1.245586,-2.231755,0.864024,3.379017,0.604285,-3.914605,61.046516,69.915878,49.302998,63.031250,0.386282,0.419286,0.043940,0.032572,-0.180613,,,,,,,,,
108406,,,,,,,,,,,,,,,,,,,,0.093611,1.291683,-2.011244,,,,,,
108413,,,,,,,,,1.263504,3.914606,,,51.829857,67.192612,0.362857,0.378217,,,,,,,,,,,,
108416,,,,,,,,,,,,,,,,,,,,0.088852,1.283182,-1.981647,,,,,,
108423,,,,,,,,,1.016297,1.957302,,,53.411411,67.426720,0.348568,0.376374,,,,0.084364,1.274322,-1.951756,,,,,,
108433,,,,,,,,,1.126167,1.957302,,,54.742134,68.712784,0.336522,0.363754,,,,0.080160,1.264755,-1.921524,,,,,,
108443,,,,,,,,,1.098699,2.609736,,,55.861801,69.250336,0.326362,0.358511,,,,0.076420,1.255295,-1.897790,,,,,,
108449,0.076413,1.254791,-1.899717,0.082056,1.209304,-2.119454,0.881852,2.576480,,,64.396378,66.374268,,,,,0.041226,0.020033,-0.219737,,,,,,,,,
108453,,,,,,,,,1.071232,1.957303,,,57.348434,69.702629,0.346404,0.317906,,,,0.072639,1.245579,-1.877220,,,,,,
108463,,,,,,,,,1.098699,1.304869,,,58.599285,70.083191,0.335055,0.313359,,,,0.069144,1.235287,-1.856595,,,,,,
108473,,,,,,,,,1.071232,-0.652434,,,59.651752,69.858849,0.325479,0.314906,,,,0.065938,1.225262,-1.842697,,,,,,
108483,,,,,,,,,1.153634,1.304868,,,61.081841,70.214638,0.311841,0.310580,,,,,,,,,,,,
108486,,,,,,,,,,,,,,,,,,,,0.063103,1.214835,-1.825328,,,,,,
108493,,,,,,,,,1.043764,0.000000,,,62.285118,69.969452,0.300231,0.312312,,,,0.060106,1.203936,-1.814855,,,,,,
108503,0.060087,1.204049,-1.821974,0.061268,1.171667,-2.034837,0.875652,1.943975,0.933894,0.000000,62.831100,61.633335,61.119381,67.584976,0.296577,0.287558,0.031073,0.009192,-0.212863,,,,,,,,,
108506,,,,,,,,,,,,,,,,,,,,0.057710,1.192931,-1.811327,,,,,,
108513,,,,,,,,,0.878959,0.000000,,,60.683075,66.123222,0.301370,0.301277,,,,0.055166,1.182129,-1.807786,,,,,,
108523,,,,,,,,,1.071232,-0.652434,,,61.405052,65.982391,0.294436,0.301816,,,,0.052824,1.171221,-1.804311,,,,,,
108533,,,,,,,,,1.126167,0.652435,,,63.101612,66.952980,0.277416,0.291046,,,,,,,,,,,,
108536,,,,,,,,,,,,,,,,,,,,0.050615,1.160768,-1.804258,,,,,,
108543,,,,,,,,,1.098699,0.000000,,,63.984550,67.225090,0.268356,0.287206,,,,,,,,,,,,
108546,,,,,,,,,,,,,,,,,,,,0.048294,1.149476,-1.804282,,,,,,
108549,0.048144,1.149588,-1.805760,0.044375,1.134946,-1.971238,0.839396,1.462731,,,56.517834,55.476978,,,,,0.015118,-0.000257,-0.165478,,,,,,,,,
108553,,,,,,,,,1.043764,0.000000,,,64.182915,66.909500,0.201706,0.226512,,,,0.046049,1.138638,-1.804311,,,,,,
108563,,,,,,,,,1.071232,-0.652434,,,64.349815,66.643967,0.198471,0.226934,,,,,,,,,,,,
108566,,,,,,,,,,,,,,,,,,,,0.043539,1.127707,-1.807862,,,,,,
108573,,,,,,,,,0.961362,0.652434,,,63.945705,65.875999,0.201027,0.232534,,,,0.041329,1.116770,-1.807835,,,,,,
108583,,,,,,,,,1.016297,0.652434,,,63.605686,65.229836,0.203009,0.237045,,,,0.038808,1.105870,-1.807865,,,,,,
108593,,,,,,,,,0.988829,-1.304868,,,63.319595,64.686150,0.204510,0.240640,,,,,,,,,,,,
108596,,,,,,,,,,,,,,,,,,,,0.036233,1.094873,-1.807690,,,,,,
108599,0.036155,1.095458,-1.812994,0.031000,1.101064,-1.923650,0.772950,1.097803,,,46.715027,46.946964,,,,,-0.004206,-0.006349,-0.110656,,,,,,,,,
108603,,,,,,,,,0.906427,0.652435,,,62.534332,63.684151,0.111170,0.162013,,,,,,,,,,,,
108606,,,,,,,,,,,,,,,,,,,,0.033742,1.083973,-1.807660,,,,,,
108613,,,,,,,,,0.906427,0.652435,,,61.329071,62.841072,0.120300,0.167264,,,,,,,,,,,,
108616,,,,,,,,,,,,,,,,,,,,0.031492,1.073186,-1.807170,,,,,,
108623,,,,,,,,,0.851492,0.652435,,,59.770420,61.042618,0.133276,0.182430,,,,0.029316,1.062195,-1.803239,,,,,,
108633,,,,,,,,,0.769089,0.000000,,,57.369884,59.529400,0.155150,0.195046,,,,0.027319,1.051427,-1.805489,,,,,,
108643,,,,,,,,,0.686687,0.652435,,,55.350075,57.167091,0.173621,0.216625,,,,0.025549,1.043580,-1.795976,,,,,,
108649,0.025790,1.045126,-1.794664,0.020702,1.071468,-1.888400,0.680839,0.818213,,,35.434887,35.484074,,,,,-0.024555,-0.010809,-0.093736,,,,,,,,,
108653,,,,,,,,,0.824024,1.304869,,,54.195148,56.813076,0.068617,0.101270,,,,,,,,,,,,
108656,,,,,,,,,,,,,,,,,,,,0.024101,1.035664,-1.785934,,,,,,
108663,,,,,,,,,0.769089,0.000000,,,53.223396,55.426121,0.074777,0.111151,,,,,,,,,,,,
108666,,,,,,,,,,,,,,,,,,,,0.022642,1.027685,-1.782553,,,,,,
108673,,,,,,,,,0.686687,1.957303,,,50.772133,54.259136,0.096222,0.119066,,,,,,,,,,,,
108676,,,,,,,,,,,,,,,,,,,,0.020942,1.019518,-1.775400,,,,,,
108683,,,,,,,,,0.631752,0.652435,,,48.709641,52.188148,0.114192,0.136435,,,,,,,,,,,,
108686,,,,,,,,,,,,,,,,,,,,0.019392,1.011292,-1.770812,,,,,,
108693,,,,,,,,,0.604285,1.304869,,,46.429718,49.901077,0.134792,0.156422,,,,,,,,,,,,
108696,,,,,,,,,,,,,,,,,,,,0.018127,1.004053,-1.764185,,,,,,
108699,0.018281,1.005012,-1.761267,0.013037,1.047088,-1.862813,0.570633,0.600874,,,24.503811,23.776604,,,,,-0.040322,-0.013115,-0.101547,,,,,,,,,
108703,,,,,,,,,0.631752,0.652435,,,45.055935,48.521278,0.035109,0.048197,,,,,,,,,,,,
108706,,,,,,,,,,,,,,,,,,,,0.016907,0.997660,-1.757032,,,,,,
108713,,,,,,,,,0.549350,0.000000,,,43.355488,46.815773,0.048343,0.060644,,,,,,,,,,,,
108716,,,,,,,,,,,,,,,,,,,,0.015767,0.991742,-1.750084,,,,,,
108723,,,,,,,,,0.549350,0.000000,,,41.380192,44.836216,0.064721,0.076228,,,,,,,,,,,,
108726,,,,,,,,,,,,,,,,,,,,0.014610,0.985550,-1.746069,,,,,,
108733,,,,,,,,,0.412012,0.652434,,,39.173634,42.081532,0.083852,0.100113,,,,,,,,,,,,
108736,,,,,,,,,,,,,,,,,,,,0.013709,0.979608,-1.742242,,,,,,
108743,,,,,,,,,0.439480,0.000000,,,37.317036,39.763741,0.099856,0.120094,,,,,,,,,,,,
108746,,,,,,,,,,,,,,,,,,,,0.012859,0.974741,-1.738410,,,,,,
108749,0.012968,0.975470,-1.740328,0.007558,1.028240,-1.844800,0.451439,0.429813,,,14.146091,13.232147,,,,,-0.051100,-0.014236,-0.104472,,,,,,,,,
108753,,,,,,,,,0.439480,0.000000,,,35.754894,37.813553,0.007578,0.029235,,,,0.012087,0.970278,-1.735046,,,,,,
108763,,,,,,,,,0.412012,0.652434,,,33.895966,35.628120,0.022217,0.046610,,,,,,,,,,,,
108766,,,,,,,,,,,,,,,,,,,,0.011412,0.966107,-1.735132,,,,,,
108773,,,,,,,,,0.302142,-0.652434,,,31.787319,33.244755,0.039776,0.066441,,,,,,,,,,,,
108776,,,,,,,,,,,,,,,,,,,,0.010958,0.962325,-1.731789,,,,,,
108783,,,,,,,,,0.302142,0.652434,,,29.468563,31.239391,0.059899,0.082893,,,,0.010303,0.958168,-1.730840,,,,,,
108793,,,,,,,,,0.274675,0.000000,,,26.973019,29.007536,0.082289,0.102057,,,,0.009859,0.955251,-1.724145,,,,,,
108799,0.009927,0.955812,-1.725503,0.003901,1.014922,-1.832883,0.332751,0.294373,,,4.942633,4.081447,,,,,-0.057476,-0.015062,-0.107380,,,,,,,,,
108803,,,,,,,,,0.247207,0.652434,,,25.417810,27.129652,0.001711,0.024719,,,,,,,,,,,,
108806,,,,,,,,,,,,,,,,,,,,0.009603,0.952670,-1.720448,,,,,,
108813,,,,,,,,,0.219740,0.000000,,,23.564714,25.005058,0.016518,0.041780,,,,0.009293,0.950506,-1.720818,,,,,,
108823,,,,,,,,,0.219740,0.000000,,,22.005520,23.217426,0.028697,0.055829,,,,,,,,,,,,
108826,,,,,,,,,,,,,,,,,,,,0.008994,0.948191,-1.717014,,,,,,
108833,,,,,,,,,0.137337,0.652434,,,19.604528,21.168770,0.049775,0.072899,,,,0.008766,0.945866,-1.716619,,,,,,
108843,,,,,,,,,0.164805,0.000000,,,18.128878,19.445030,0.061894,0.087063,,,,,,,,,,,,
108846,,,,,,,,,,,,,,,,,,,,0.008580,0.944093,-1.716485,,,,,,
108849,0.008587,0.944393,-1.717242,0.001663,1.006456,-1.825625,0.223227,0.187888,,,-2.790253,-3.438463,,,,,-0.060388,-0.015906,-0.108383,,,,,,,,,
108853,,,,,,,,,0.137337,0.652434,,,16.342722,17.994675,-0.001400,0.022081,,,,,,,,,,,,
108856,,,,,,,,,,,,,,,,,,,,0.008383,0.943058,-1.713365,,,,,,
108863,,,,,,,,,0.109870,0.000000,,,14.839850,16.229803,0.010103,0.035796,,,,0.008328,0.942265,-1.710026,,,,,,
108873,,,,,,,,,0.082402,-0.652434,,,13.575335,14.200297,0.019475,0.052563,,,,,,,,,,,,
108876,,,,,,,,,,,,,,,,,,,,0.008181,0.941414,-1.710143,,,,,,
108883,,,,,,,,,0.027467,0.652434,,,11.422285,12.492672,0.038163,0.066453,,,,,,,,,,,,
108886,,,,,,,,,,,,,,,,,,,,0.008181,0.940403,-1.706135,,,,,,
108893,,,,,,,,,0.054935,1.304868,,,9.610709,11.600419,0.053798,0.072368,,,,0.008078,0.939511,-1.705877,,,,,,
108899,0.008093,0.939692,-1.701356,0.000499,1.001951,-1.821857,0.130292,0.106338,,,-8.752221,-9.246014,,,,,-0.060741,-0.015635,-0.120501,,,,,,,,,
108903,,,,,,,,,0.054935,0.000000,,,8.630993,10.305134,0.000499,0.023335,,,,0.007998,0.939337,-1.698482,,,,,,
108913,,,,,,,,,-0.000000,0.000000,,,7.262116,8.670738,0.010985,0.036096,,,,,,,,,,,,
108916,,,,,,,,,,,,,,,,,,,,0.007963,0.939525,-1.695395,,,,,,
108923,,,,,,,,,-0.000000,0.000000,,,6.110344,7.295558,0.019530,0.046539,,,,,,,,,,,,
108926,,,,,,,,,,,,,,,,,,,,0.007971,0.939614,-1.691546,,,,,,
108933,,,,,,,,,-0.000000,0.000000,,,5.141243,6.138482,0.026443,0.055033,,,,0.007993,0.939762,-1.691667,,,,,,
108943,,,,,,,,,-0.000000,0.000000,,,4.325841,5.164917,0.031981,0.061887,,,,0.008038,0.939920,-1.691667,,,,,,
108949,0.008042,0.939900,-1.692480,0.000061,1.000240,-1.820443,0.059594,0.047859,,,-12.749830,-13.006920,,,,,-0.058925,-0.015246,-0.127963,,,,,,,,,
108953,,,,,,,,,-0.000000,0.000000,,,3.639762,4.345761,-0.004412,0.028999,,,,0.008062,0.940250,-1.695466,,,,,,
108963,,,,,,,,,-0.000000,0.000000,,,3.062495,3.656523,-0.001802,0.032558,,,,0.008071,0.940521,-1.695552,,,,,,
108973,,,,,,,,,-0.000000,0.000000,,,2.576783,3.076598,-0.000010,0.035141,,,,0.008130,0.940939,-1.695707,,,,,,
108983,,,,,,,,,-0.000000,0.000000,,,2.168105,2.588649,0.001093,0.036901,,,,0.008194,0.941466,-1.695839,,,,,,
108993,,,,,,,,,-0.000000,0.000000,,,1.824243,2.178089,0.001617,0.037970,,,,,,,,,,,,
108996,,,,,,,,,,,,,,,,,,,,0.008335,0.942097,-1.696043,,,,,,
108999,0.008311,0.941913,-1.695744,0.000000,1.000000,-1.820245,0.015251,0.012174,,,-14.941081,-15.004069,,,,,-0.056599,-0.015485,-0.124501,,,,,,,,,
109003,,,,,,,,,-0.000000,0.000000,,,1.534918,1.832644,-0.020698,0.018086,,,,,,,,,,,,
109006,,,,,,,,,,,,,,,,,,,,0.008364,0.942728,-1.696103,,,,,,
109013,,,,,,,,,-0.000000,0.000000,,,1.291480,1.541986,-0.021510,0.017683,,,,0.008407,0.943474,-1.696149,,,,,,
109023,,,,,,,,,-0.000000,0.000000,,,1.086651,1.297427,-0.022667,0.016868,,,,0.008410,0.944127,-1.696143,,,,,,
109033,,,,,,,,,-0.000000,0.000000,,,0.914308,1.091655,-0.024115,0.015707,,,,,,,,,,,,
109036,,,,,,,,,,,,,,,,,,,,0.008444,0.945028,-1.696057,,,,,,
109043,,,,,,,,,-0.000000,0.000000,,,0.769299,0.918518,-0.025807,0.014254,,,,,,,,,,,,
109046,,,,,,,,,,,,,,,,,,,,0.008518,0.945326,-1.696057,,,,,,
109049,0.008501,0.945039,-1.696030,0.000000,1.000000,-1.820245,0.015251,0.012174,,,-14.060817,-14.123443,,,,,-0.053468,-0.015299,-0.124215,,,,,,,,,
109053,,,,,,,,,-0.000000,0.000000,,,0.647288,0.772841,-0.018726,0.021537,,,,,,,,,,,,
109056,,,,,,,,,,,,,,,,,,,,0.008550,0.945205,-1.696113,,,,,,
109063,,,,,,,,,-0.000000,0.000000,,,0.544628,0.650268,-0.020620,0.019808,,,,,,,,,,,,
109066,,,,,,,,,,,,,,,,,,,,0.008547,0.945252,-1.696113,,,,,,
109073,,,,,,,,,-0.000000,0.000000,,,0.458250,0.547136,-0.022660,0.017906,,,,,,,,,,,,
