ts,x,y,yaw,x_des,y_des,yaw_des,v_ff,w_ff,v_actual,w_actual,omega_l_cmd,omega_r_cmd,omega_l_meas,omega_r_meas,duty_l,duty_r,x_err,y_err,yaw_err,x_raw,y_raw,yaw_raw,acc_x,acc_y,acc_z,gyro_x,gyro_y,gyro_z
109075,,,,,,,,,,,,,,,,,,,,0.008566,0.945260,-1.696143,,,,,,
109083,,,,,,,,,-0.000000,0.000000,,,0.385571,0.460360,-0.024823,0.015857,,,,0.008597,0.945598,-1.699800,,,,,,
109093,,,,,,,,,-0.000000,0.000000,,,0.324420,0.387347,-0.027088,0.013685,,,,0.008613,0.945692,-1.699800,,,,,,
109099,0.008603,0.945637,-1.699484,0.000000,1.000000,-1.820245,0.015251,0.012174,,,-13.876657,-13.936083,,,,,-0.052809,-0.015509,-0.120761,,,,,,,,,
128088,,,,,,,,,-0.000000,0.000000,,,0.000000,0.000000,0.000000,0.000000,,,,0.051679,-0.987020,-2.233442,,,,,,
128096,,,,,,,,,-0.000000,0.000000,,,0.000000,0.000000,0.000000,0.000000,,,,0.051679,-0.987020,-2.233442,,,,,,
128106,,,,,,,,,-0.000000,0.000000,,,0.000000,0.000000,0.000000,0.000000,,,,0.051679,-0.987018,-2.233442,,,,,,
128116,,,,,,,,,,,,,,,,,,,,0.051685,-0.987013,-2.233442,,,,,,
128121,,,,,,,,,-0.000000,0.000000,,,0.000000,0.000000,0.000000,0.000000,,,,,,,,,,,,
128126,,,,,,,,,-0.000000,0.000000,,,0.000000,0.000000,0.000000,0.000000,,,,0.051688,-0.987012,-2.233442,,,,,,
128135,0.051688,-0.987012,-2.233442,0.001110,-1.002185,-1.100233,0.018589,0.008938,,,12.061605,13.154004,,,,,0.043077,-0.030539,1.133210,0.051680,-0.987015,-2.233442,,,,,,
128138,,,,,,,,,-0.000000,0.000000,,,0.000000,0.000000,0.123028,0.134171,,,,,,,,,,,,
128146,,,,,,,,,0.027467,0.652434,,,0.000000,0.544543,0.125441,0.131247,,,,0.051679,-0.987014,-2.233442,,,,,,
128156,,,,,,,,,0.027467,-0.652434,,,0.544543,0.458179,0.122299,0.134650,,,,0.051684,-0.987020,-2.233426,,,,,,
128166,,,,,,,,,0.027467,0.652434,,,0.458179,0.930055,0.125483,0.132376,,,,0.051662,-0.987031,-2.233426,,,,,,
128176,,,,,,,,,,,,,,,,,,,,0.051459,-0.987274,-2.233426,,,,,,
128181,,,,,,,,,0.054935,0.000000,,,0.385511,1.327091,0.128545,0.130771,,,,,,,,,,,,
128185,0.051337,-0.987432,-2.233428,0.003684,-1.007228,-1.097477,0.072641,0.035112,,,12.403532,16.690435,,,,,0.044922,-0.025390,1.135950,0.051252,-0.987554,-2.230355,,,,,,
128188,,,,,,,,,-0.000000,0.000000,,,0.868912,1.116614,0.129437,0.171355,,,,,,,,,,,,
128196,,,,,,,,,0.082402,0.652434,,,1.275646,2.028605,0.127595,0.165167,,,,0.051085,-0.987794,-2.230340,,,,,,
128206,,,,,,,,,0.054935,0.000000,,,1.617872,2.251412,0.126330,0.165827,,,,0.050739,-0.988191,-2.233412,,,,,,
128216,,,,,,,,,0.082402,-0.652434,,,2.450363,2.438881,0.119996,0.166803,,,,0.050267,-0.988798,-2.233417,,,,,,
128226,,,,,,,,,0.082402,0.652434,,,2.606278,3.141160,0.120396,0.162490,,,,0.049820,-0.989447,-2.233454,,,,,,
128235,0.049738,-0.989554,-2.230714,0.008576,-1.016719,-1.092169,0.158836,0.077881,,,12.572873,22.011089,,,,,0.046696,-0.015866,1.138545,,,,,,,,,
128241,,,,,,,,,0.137337,0.652434,,,2.737466,3.187515,0.122745,0.218998,,,,0.049366,-0.989979,-2.227290,,,,,,
128246,,,,,,,,,0.082402,0.652434,,,3.392390,4.860147,0.118032,0.205701,,,,0.048710,-0.990691,-2.224097,,,,,,
128256,,,,,,,,,0.137337,0.652434,,,3.943443,5.722957,0.114247,0.200331,,,,0.047955,-0.991639,-2.217952,,,,,,
128266,,,,,,,,,0.109870,1.304868,,,3.862556,6.448925,0.116798,0.196184,,,,0.047344,-0.992457,-2.211784,,,,,,
128276,,,,,,,,,,,,,,,,,,,,0.046433,-0.993559,-2.202485,,,,,,
128282,,,,,,,,,0.164805,0.000000,,,4.883583,7.059754,0.108126,0.193066,,,,,,,,,,,,
128285,0.046288,-0.993770,-2.204854,0.016425,-1.031687,-1.083463,0.272347,0.137231,,,12.862098,29.061529,,,,,0.048239,-0.001596,1.121391,0.045505,-0.994790,-2.190078,,,,,,
128288,,,,,,,,,0.164805,2.609737,,,4.653589,8.662792,0.114959,0.251619,,,,,,,,,,,,
128296,,,,,,,,,0.192272,1.957303,,,5.004616,10.011588,0.113021,0.241942,,,,0.044646,-0.996015,-2.171362,,,,,,
128306,,,,,,,,,0.219740,2.609737,,,5.299970,11.146465,0.111580,0.234176,,,,0.043626,-0.997342,-2.155658,,,,,,
128316,,,,,,,,,0.192272,1.957303,,,5.548480,12.645894,0.110557,0.222465,,,,0.042631,-0.998772,-2.136731,,,,,,
128326,,,,,,,,,0.192272,3.262171,,,5.213034,13.907513,0.115441,0.212879,,,,0.041408,-1.000538,-2.111409,,,,,,
128335,0.041390,-1.000655,-2.105563,0.027771,-1.052766,-1.070437,0.406428,0.214064,,,15.833836,39.221607,,,,,0.051777,0.014840,1.035126,0.040207,-1.002424,-2.085882,,,,,,
128342,,,,,,,,,0.219740,2.609737,,,5.475332,14.969039,0.144608,0.308715,,,,,,,,,,,,
128346,,,,,,,,,0.302142,3.262171,,,6.240573,16.951294,0.138874,0.293347,,,,0.038967,-1.004325,-2.056833,,,,,,
128356,,,,,,,,,0.274675,3.914605,,,6.339904,18.619162,0.139779,0.280789,,,,0.037642,-1.006399,-2.027686,,,,,,
128366,,,,,,,,,0.302142,4.567039,,,6.423481,20.567049,0.140826,0.265041,,,,0.036364,-1.008583,-1.994915,,,,,,
128376,,,,,,,,,0.302142,3.262171,,,7.038345,21.661457,0.136436,0.257609,,,,0.035106,-1.011029,-1.955140,,,,,,
128385,0.035077,-1.011298,-1.954077,0.043043,-1.080105,-1.052024,0.552327,0.310504,,,23.723703,53.301781,,,,,0.060836,0.033120,0.902052,0.033728,-1.013799,-1.914799,,,,,,
128388,,,,,,,,,0.302142,4.567039,,,7.011149,23.126837,0.218949,0.389791,,,,,,,,,,,,
128396,,,,,,,,,,,,,,,,,,,,0.032364,-1.016652,-1.873857,,,,,,
128401,,,,,,,,,0.357077,3.262171,,,8.077353,24.359806,0.211416,0.383250,,,,,,,,,,,,
128406,,,,,,,,,0.494415,7.829209,,,8.429913,28.664486,0.210950,0.345131,,,,0.031188,-1.019754,-1.828854,,,,,,
128416,,,,,,,,,0.466947,5.871908,,,9.271100,31.197357,0.205428,0.324223,,,,0.030106,-1.023133,-1.782973,,,,,,
128426,,,,,,,,,0.494415,5.219474,,,10.523418,32.783970,0.195545,0.312460,,,,0.028998,-1.026929,-1.736163,,,,,,
128435,0.028982,-1.027624,-1.732553,0.062527,-1.113278,-1.026915,0.699567,0.430324,,,39.562630,71.513290,,,,,0.079133,0.046901,0.705638,0.027918,-1.031147,-1.688623,,,,,,
128442,,,,,,,,,0.412012,4.567039,,,11.032576,34.118946,0.354549,0.488705,,,,,,,,,,,,
128446,,,,,,,,,0.604285,5.219473,,,13.094610,36.875824,0.339222,0.468063,,,,0.027019,-1.035759,-1.643808,,,,,,
128456,,,,,,,,,0.659220,5.219473,,,15.374149,39.740005,0.321264,0.445776,,,,0.026341,-1.040492,-1.594129,,,,,,
128466,,,,,,,,,0.796557,4.567040,,,18.925781,43.239014,0.289875,0.416441,,,,0.025952,-1.045491,-1.543618,,,,,,
128476,,,,,,,,,0.741622,4.567040,,,21.369581,45.638535,0.269076,0.397621,,,,0.025683,-1.051176,-1.493990,,,,,,
128485,0.025814,-1.052308,-1.494852,0.086343,-1.151248,-0.993420,0.836602,0.579593,,,59.968281,89.809525,,,,,0.103247,0.052848,0.501432,0.025592,-1.056795,-1.445496,,,,,,
128488,,,,,,,,,0.824024,5.219474,,,23.970337,48.202034,0.454325,0.563270,,,,,,,,,,,,
128496,,,,,,,,,,,,,,,,,,,,0.025722,-1.063230,-1.394424,,,,,,
128501,,,,,,,,,0.714154,3.914605,,,29.970417,54.170765,0.400323,0.510710,,,,,,,,,,,,
128506,,,,,,,,,1.126167,1.957302,,,31.207081,53.202881,0.393709,0.527710,,,,0.026041,-1.069756,-1.347971,,,,,,
128516,,,,,,,,,1.181102,4.567039,,,36.059410,57.833935,0.349967,0.487795,,,,0.026598,-1.076722,-1.295359,,,,,,
128526,,,,,,,,,1.181102,1.957302,,,40.686703,61.730503,0.307551,0.454445,,,,0.027474,-1.083949,-1.243741,,,,,,
128530,,,,,,,,,,,,,,,,,,,,0.027474,-1.083949,-1.243741,,,,,,
128533,0.028010,-1.086204,-1.256613,0.114420,-1.192397,-0.949265,0.951825,0.767687,,,,,,,,,,,,0.027474,-1.083949,-1.243741,,,,,,
128536,,,,,,,,,,,80.762596,104.470627,,,,,0.127699,0.049363,0.307348,0.028901,-1.091675,-1.189786,,,,,,
128542,,,,,,,,,1.071232,4.567039,,,43.491020,64.464531,0.494905,0.581717,,,,,,,,,,,,
128546,,,,,,,,,1.071232,3.262170,,,45.850574,65.675858,0.478292,0.577362,,,,0.030208,-1.099331,-1.133562,,,,,,
128556,,,,,,,,,1.181102,1.957302,,,49.469532,68.328697,0.448361,0.558062,,,,0.032223,-1.107965,-1.078251,,,,,,
128566,,,,,,,,,1.373374,3.914605,,,53.603607,72.194420,0.412452,0.525861,,,,0.034746,-1.116130,-1.017486,,,,,,
128576,,,,,,,,,1.400841,1.957302,,,58.171104,75.991585,0.371295,0.493585,,,,0.037247,-1.124202,-0.960851,,,,,,
128585,0.038642,-1.126477,-0.977486,0.146463,-1.234600,-0.891288,1.034848,1.008905,,,100.664413,112.545517,,,,,0.149927,0.028941,0.086197,0.040736,-1.132954,-0.898882,,,,,,
128588,,,,,,,,,1.400841,3.262171,,,60.925110,79.186516,0.550721,0.549056,,,,,,,,,,,,
128596,,,,,,,,,,,,,,,,,,,,0.044134,-1.141646,-0.840874,,,,,,
128601,,,,,,,,,1.318439,7.829209,,,61.608700,78.062935,0.551697,0.567188,,,,,,,,,,,,
128606,,,,,,,,,1.263504,-6.524341,,,66.540222,80.384811,0.509206,0.550402,,,,0.048235,-1.150271,-0.777643,,,,,,
128616,,,,,,,,,1.620581,0.652433,,,72.323227,83.972061,0.457044,0.520244,,,,0.052585,-1.158990,-0.718123,,,,,,
128626,,,,,,,,,1.593114,-1.304868,,,77.189049,85.901291,0.413081,0.506281,,,,0.057847,-1.167909,-0.656462,,,,,,
128635,0.059957,-1.169989,-0.688920,0.181936,-1.275383,-0.814979,1.077910,1.324995,,,113.018425,111.303200,,,,,0.161159,-0.003815,-0.126060,0.063383,-1.176766,-0.592462,,,,,,
128642,,,,,,,,,1.648049,-5.219473,,,82.916779,86.435463,0.485364,0.493489,,,,,,,,,,,,
128646,,,,,,,,,1.043764,5.219473,,,78.478859,85.251282,0.536651,0.510541,,,,0.069287,-1.185383,-0.531957,,,,,,
128656,,,,,,,,,,,,,81.279312,86.977623,0.514995,0.498143,,,,0.075861,-1.193642,-0.466193,,,,,,
128659,,,,,,,,,1.565646,-0.652435,,,,,,,,,,,,,,,,,,
128666,,,,,,,,,1.565646,-0.652435,,,84.180153,87.885628,0.491754,0.493747,,,,0.082757,-1.202169,-0.406759,,,,,,
128676,,,,,,,,,1.510712,-1.957302,,,87.165466,88.649620,0.467071,0.490637,,,,0.090362,-1.210222,-0.347592,,,,,,
128685,0.092643,-1.210954,-0.384507,0.220044,-1.312124,-0.713813,1.077275,1.748843,,,114.780769,100.419617,,,,,0.156047,-0.045995,-0.329306,0.097936,-1.217936,-0.285870,,,,,,
128688,,,,,,,,,1.593114,-1.304868,,,89.677307,89.836990,0.464597,0.372044,,,,,,,,,,,,
128696,,,,,,,,,,,,,,,,,,,,0.106392,-1.225350,-0.230164,,,,,,
128701,,,,,,,,,1.236037,-1.957302,,,88.523514,87.024239,0.481387,0.402851,,,,,,,,,,,,
128706,,,,,,,,,1.455776,-1.957302,,,89.186340,86.291222,0.479877,0.413007,,,,0.115016,-1.232393,-0.171786,,,,,,
128716,,,,,,,,,1.428309,-3.914606,,,90.833130,85.674461,0.468199,0.422123,,,,0.123815,-1.238711,-0.118952,,,,,,
128726,,,,,,,,,1.455776,-3.262171,,,92.218735,85.155518,0.458855,0.430366,,,,0.132956,-1.245089,-0.069046,,,,,,
128735,0.135130,-1.244772,-0.109279,0.259733,-1.342316,-0.578448,1.034438,2.328709,,,105.496300,85.491669,,,,,0.134498,-0.083373,-0.469169,0.142805,-1.250888,-0.027674,,,,,,
128738,,,,,,,,,1.345907,-1.957305,,,92.295494,84.174332,0.367883,0.291162,,,,,,,,,,,,
128746,,,,,,,,,1.428309,-3.914606,,,92.904625,83.348763,0.364310,0.299846,,,,0.152496,-1.255828,0.014029,,,,,,
128756,,,,,,,,,,,,,,,,,,,,0.162319,-1.260417,0.052841,,,,,,
128761,,,,,,,,,0.988829,-1.304868,,,93.961693,84.287766,0.356046,0.290697,,,,,,,,,,,,
128766,,,,,,,,,1.236036,-0.652434,,,86.682961,77.454231,0.432596,0.360639,,,,0.172585,-1.264779,0.085929,,,,,,
128776,,,,,,,,,1.208569,-2.609737,,,86.004066,76.605385,0.443284,0.370905,,,,0.182974,-1.268550,0.113519,,,,,,
128785,0.183977,-1.267302,0.083806,0.299708,-1.363820,-0.396363,0.957031,3.128195,,,90.540443,75.886093,,,,,0.107246,-0.105867,-0.480169,0.193091,-1.271405,0.138561,,,,,,
128788,,,,,,,,,1.263504,-2.609736,,,85.432846,75.346626,0.300459,0.287545,,,,,,,,,,,,
128796,,,,,,,,,,,,,,,,,,,,0.203239,-1.274145,0.158057,,,,,,
128801,,,,,,,,,0.961362,-1.957303,,,82.774048,72.653877,0.328600,0.315119,,,,,,,,,,,,
128806,,,,,,,,,,,,,80.536934,72.021828,0.352972,0.322212,,,,0.213807,-1.275908,0.171821,,,,,,
128809,,,,,,,,,1.153634,0.000000,,,,,,,,,,,,,,,,,,
128816,,,,,,,,,1.098699,-1.304869,,,79.199173,70.945480,0.368618,0.333964,,,,0.224380,-1.277567,0.180154,,,,,,
128826,,,,,,,,,1.098699,-1.304869,,,78.073578,70.584381,0.382367,0.338635,,,,0.234722,-1.278077,0.191315,,,,,,
128835,0.235065,-1.276878,0.176767,0.338467,-1.375101,-0.154271,0.859247,4.202590,,,73.876404,75.239563,,,,,0.084519,-0.114875,-0.331038,0.244974,-1.277946,0.194139,,,,,,
128838,,,,,,,,,1.071232,-0.652434,,,77.126503,69.736008,0.224548,0.341754,,,,,,,,,,,,
128846,,,,,,,,,1.098699,-1.304869,,,75.785095,69.022186,0.237580,0.350136,,,,0.255264,-1.277600,0.194087,,,,,,
128856,,,,,,,,,,,,,,,,,,,,0.265767,-1.276539,0.194184,,,,,,
128861,,,,,,,,,0.796557,1.957302,,,71.389175,66.787949,0.282037,0.374169,,,,,,,,,,,,
128866,,,,,,,,,1.208569,0.000000,,,72.046791,68.175323,0.275826,0.361708,,,,0.276104,-1.274859,0.194195,,,,,,
128875,,,,,,,,,,,,,,,,,,,,0.286423,-1.272739,0.202548,,,,,,
128878,,,,,,,,,1.043764,1.304868,,,70.421936,68.253571,0.292766,0.362322,,,,,,,,,,,,
128885,0.286400,-1.272190,0.205838,0.374365,-1.375415,0.152029,0.761264,5.501726,,,54.041058,77.547371,,,,,0.065010,-0.119025,-0.053809,0.296880,-1.270762,0.213351,,,,,,
128888,,,,,,,,,1.071232,0.652434,,,69.599327,68.319412,0.099527,0.386588,,,,,,,,,,,,
128896,,,,,,,,,1.016297,3.262172,,,67.273560,68.919350,0.120138,0.382314,,,,0.307535,-1.268371,0.227271,,,,,,
128906,,,,,,,,,0.988829,5.219473,,,64.227570,69.968681,0.148560,0.373336,,,,0.317754,-1.266007,0.244111,,,,,,
128920,,,,,,,,,1.153634,3.914605,,,63.842846,71.940674,0.150447,0.354738,,,,0.327834,-1.263565,0.269271,,,,,,
128926,,,,,,,,,0.741622,4.567040,,,59.162796,69.243561,0.196223,0.383370,,,,0.337979,-1.260973,0.308418,,,,,,
128935,0.336614,-1.260965,0.318961,0.405699,-1.364914,0.501984,0.685912,6.682049,,,31.215391,71.656265,,,,,0.033004,-0.120370,0.183023,0.348094,-1.258052,0.358776,,,,,,
128938,,,,,,,,,1.016297,5.871907,,,56.858631,70.786018,-0.014120,0.309208,,,,,,,,,,,,
128946,,,,,,,,,0.851492,7.176777,,,53.830818,71.539299,0.011635,0.301699,,,,0.357965,-1.254968,0.418022,,,,,,
128956,,,,,,,,,,,,,,,,,,,,0.367560,-1.251160,0.485981,,,,,,
128962,,,,,,,,,0.714154,9.134078,,,50.738674,75.984909,0.038652,0.256377,,,,,,,,,,,,
128966,,,,,,,,,0.769089,9.134080,,,44.325142,70.468208,0.100165,0.311781,,,,0.376853,-1.247117,0.560489,,,,,,
128976,,,,,,,,,0.796557,9.786511,,,41.106972,71.271889,0.130368,0.303821,,,,0.385844,-1.242713,0.641427,,,,,,
128985,0.384561,-1.242496,0.655403,0.430805,-1.344626,0.853892,0.649928,7.162419,,,10.854860,54.400284,,,,,-0.025584,-0.109153,0.198489,0.394672,-1.237425,0.735254,,,,,,
128988,,,,,,,,,0.769089,9.134080,,,38.399204,71.403564,-0.051668,0.126544,,,,,,,,,,,,
128996,,,,,,,,,0.659220,10.438947,,,34.487259,70.425270,-0.017275,0.133122,,,,0.402797,-1.231832,0.827926,,,,,,
129006,,,,,,,,,0.439480,9.134078,,,29.562119,67.968506,0.028235,0.154976,,,,0.409939,-1.226109,0.916627,,,,,,
129016,,,,,,,,,,,,,,,,,,,,0.416075,-1.221082,1.007237,,,,,,
129021,,,,,,,,,0.302142,7.176775,,,24.873562,63.178665,0.072317,0.201119,,,,,,,,,,,,
129026,,,,,,,,,0.521882,11.091381,,,21.473154,62.960297,0.104197,0.201591,,,,0.421827,-1.216922,1.100514,,,,,,
129035,0.420019,-1.217321,1.109675,0.448181,-1.316350,1.177649,0.653600,6.808008,,,0.736583,37.937328,,,,,-0.076155,-0.069284,0.067974,0.427405,-1.212157,1.186467,,,,,,
129038,,,,,,,,,0.494415,7.829209,,,19.701139,61.142933,0.016942,0.050494,,,,,,,,,,,,
129046,,,,,,,,,0.466947,7.176775,,,18.210165,58.524719,0.028357,0.072558,,,,0.431602,-1.207614,1.267877,,,,,,
129056,,,,,,,,,0.302142,5.871907,,,15.866573,55.232666,0.048766,0.102020,,,,0.435586,-1.202818,1.344729,,,,,,
129066,,,,,,,,,0.302142,5.871907,,,13.894676,51.918190,0.065854,0.132368,,,,0.438940,-1.198402,1.420573,,,,,,
129076,,,,,,,,,,,,,,,,,,,,0.441723,-1.194305,1.483945,,,,,,
129081,,,,,,,,,0.192272,4.567039,,,12.235521,50.763020,0.080146,0.141355,,,,,,,,,,,,
129085,0.440167,-1.195475,1.471691,0.456602,-1.282421,1.470138,0.682542,6.139090,,,2.931509,34.633659,,,,,-0.084893,-0.024957,-0.001554,0.444065,-1.190753,1.548441,,,,,,
129088,,,,,,,,,0.412012,5.871908,,,11.384052,45.979256,0.108919,0.153887,,,,,,,,,,,,
129096,,,,,,,,,0.357077,5.871907,,,10.667626,44.132370,0.114536,0.170456,,,,0.445722,-1.187327,1.605047,,,,,,
129106,,,,,,,,,0.329610,3.914605,,,10.609369,42.578403,0.113583,0.184406,,,,0.446868,-1.184120,1.658626,,,,,,
129116,,,,,,,,,,,,,,,,,,,,0.447248,-1.181021,1.706968,,,,,,
129121,,,,,,,,,0.274675,3.914605,,,10.015808,40.181808,0.118102,0.207263,,,,,,,,,,,,
129126,,,,,,,,,0.412012,5.871908,,,10.060929,40.343487,0.116225,0.204504,,,,0.447212,-1.178174,1.754973,,,,,,
129135,0.446540,-1.177899,1.755828,0.455226,-1.245420,1.739995,0.721600,5.595091,,,11.573076,40.384304,,,,,-0.067967,0.003884,-0.015832,0.446644,-1.175523,1.801476,,,,,,
129138,,,,,,,,,0.357077,4.567039,,,10.098894,39.390438,0.202556,0.271740,,,,,,,,,,,,
129146,,,,,,,,,0.439480,5.219474,,,10.675381,39.133083,0.196970,0.274564,,,,0.445936,-1.172980,1.844183,,,,,,
129156,,,,,,,,,0.412012,3.262171,,,11.704980,38.916546,0.186648,0.277023,,,,0.445296,-1.170611,1.889850,,,,,,
129166,,,,,,,,,0.439480,3.914605,,,12.571284,38.734352,0.177785,0.279174,,,,0.444721,-1.168497,1.931296,,,,,,
129175,,,,,,,,,,,,,,,,,,,,0.444136,-1.166005,1.971870,,,,,,
129181,,,,,,,,,0.412012,3.262171,,,13.300193,38.036510,0.170151,0.286622,,,,,,,,,,,,
129185,0.443876,-1.165337,1.967426,0.443692,-1.207836,1.991168,0.764550,5.213987,,,22.273451,51.258682,,,,,-0.039128,0.016587,0.023742,0.442416,-1.161693,2.004520,,,,,,
129188,,,,,,,,,0.521882,4.567040,,,14.458040,39.082977,0.267139,0.387337,,,,,,,,,,,,
129196,,,,,,,,,0.494415,3.914605,,,15.432253,39.418930,0.258765,0.386345,,,,0.440778,-1.158071,2.043747,,,,,,
129206,,,,,,,,,,,,,16.251955,40.246143,0.251772,0.380275,,,,0.438846,-1.154102,2.082335,,,,,,
129209,,,,,,,,,0.549350,3.914606,,,,,,,,,,,,,,,,,,
129216,,,,,,,,,0.631752,5.871908,,,18.030739,42.031246,0.234833,0.364270,,,,0.436927,-1.150406,2.120856,,,,,,
129226,,,,,,,,,0.604285,3.914605,,,18.982864,43.533234,0.225970,0.350795,,,,0.434598,-1.146325,2.158812,,,,,,
129235,0.434174,-1.145689,2.159174,0.422170,-1.171725,2.217644,0.813675,4.811158,,,32.075619,61.024826,,,,,-0.014996,0.024436,0.058470,,,,,,,,,
129242,,,,,,,,,0.494415,3.914605,,,19.783981,43.163376,0.318439,0.455727,,,,0.431740,-1.141658,2.199357,,,,,,
129246,,,,,,,,,0.714154,5.219474,,,21.547129,45.574894,0.302913,0.434702,,,,0.428705,-1.136959,2.239560,,,,,,
129256,,,,,,,,,0.741622,4.567040,,,23.575184,47.603943,0.284333,0.417096,,,,0.425158,-1.131995,2.282389,,,,,,
129266,,,,,,,,,0.796557,5.871908,,,25.281590,50.400272,0.268627,0.391258,,,,0.421193,-1.127097,2.324851,,,,,,
129276,,,,,,,,,,,,,,,,,,,,0.416883,-1.121916,2.366820,,,,,,
129281,,,,,,,,,0.659220,3.914604,,,28.895531,55.475819,0.233124,0.341612,,,,,,,,,,,,
129285,0.416579,-1.121773,2.365816,0.391389,-1.138461,2.407749,0.873407,4.206012,,,43.680202,68.941490,,,,,0.006297,0.029553,0.041933,0.412215,-1.116835,2.411365,,,,,,
129288,,,,,,,,,0.878959,5.219473,,,28.124498,52.667320,0.359991,0.452118,,,,,,,,,,,,
129296,,,,,,,,,0.796557,4.567040,,,29.653925,54.116055,0.347502,0.440596,,,,0.407099,-1.111574,2.452528,,,,,,
129306,,,,,,,,,0.933894,2.609737,,,33.118958,55.879562,0.314964,0.425573,,,,0.401630,-1.106360,2.499429,,,,,,
129316,,,,,,,,,0.961362,4.567040,,,34.945351,57.907921,0.298447,0.407497,,,,0.395875,-1.101331,2.542942,,,,,,
129326,,,,,,,,,0.906427,4.567039,,,37.026619,59.614582,0.278965,0.392295,,,,0.389336,-1.096097,2.589169,,,,,,
129335,0.388622,-1.095914,2.589578,0.352614,-1.108561,2.551696,0.943469,3.364355,,,57.516380,73.848122,,,,,0.024028,0.029652,-0.037882,0.382352,-1.091271,2.635126,,,,,,
129342,,,,,,,,,1.016297,-0.652434,,,41.500511,60.506023,0.375791,0.435116,,,,,,,,,,,,
129346,,,,,,,,,0.824024,7.829211,,,39.819412,61.800625,0.396142,0.424579,,,,0.375404,-1.086936,2.680889,,,,,,
129356,,,,,,,,,0.988829,2.609737,,,42.216740,63.434444,0.375228,0.410324,,,,0.367751,-1.082236,2.723300,,,,,,
129366,,,,,,,,,1.071232,3.262170,,,44.778393,65.353683,0.352159,0.392830,,,,0.359721,-1.077808,2.768351,,,,,,
129375,,,,,,,,,,,,,,,,,,,,0.351474,-1.073918,2.810657,,,,,,
129378,,,,,,,,,1.071232,3.262170,,,46.933769,66.423988,0.332722,0.383612,,,,,,,,,,,,
129385,0.350576,-1.073744,2.805782,0.307583,-1.081665,2.645149,1.016318,2.379782,,,71.907791,74.860847,,,,,0.037981,0.021647,-0.160633,0.342323,-1.069984,2.844240,,,,,,
129388,,,,,,,,,1.071232,0.652434,,,49.291843,67.324547,0.457579,0.386241,,,,,,,,,,,,
129396,,,,,,,,,,,,,,,,,,,,0.333406,-1.066330,2.880611,,,,,,
129401,,,,,,,,,0.851492,1.957303,,,49.642300,65.904099,0.458527,0.402237,,,,,,,,,,,,
129406,,,,,,,,,1.236036,0.652434,,,53.748974,67.431648,0.421092,0.388447,,,,0.323830,-1.062855,2.914112,,,,,,
129416,,,,,,,,,1.153634,0.000000,,,56.659786,68.716927,0.395034,0.376823,,,,0.313529,-1.059852,2.944582,,,,,,
129426,,,,,,,,,1.181102,-0.652433,,,59.653488,69.253822,0.367548,0.372575,,,,0.303621,-1.057240,2.966886,,,,,,
129435,0.302884,-1.056985,2.950627,0.258411,-1.056639,2.687822,1.079951,1.358413,,,82.624802,72.332260,,,,,0.043730,0.008101,-0.262805,0.293336,-1.054791,2.983656,,,,,,
129443,,,,,,,,,1.098699,0.000000,,,65.439644,73.517365,0.420293,0.304417,,,,,,,,,,,,
129446,,,,,,,,,1.071232,-0.652434,,,61.050880,67.847473,0.468496,0.362013,,,,0.282636,-1.052871,2.997530,,,,,,
129456,,,,,,,,,,,,,63.892696,68.522263,0.443824,0.356027,,,,0.271467,-1.050766,3.008583,,,,,,
129459,,,,,,,,,1.181102,-0.652433,,,,,,,,,,0.271467,-1.050766,3.008583,,,,,,
129466,,,,,,,,,1.208569,-1.304866,,,66.283798,69.090034,0.423181,0.350998,,,,0.259915,-1.049287,3.011367,,,,,,
129476,,,,,,,,,1.263504,-2.609736,,,68.840218,69.567757,0.400374,0.346774,,,,0.248683,-1.047792,3.005747,,,,,,
129485,0.248084,-1.047294,2.990186,0.207454,-1.031822,2.680789,1.123069,0.352533,,,88.843895,68.779419,,,,,0.042499,-0.009167,-0.309397,0.237048,-1.046425,2.997497,,,,,,
129488,,,,,,,,,1.263504,-1.304869,,,71.535728,69.969711,0.439071,0.306988,,,,,,,,,,,,
129496,,,,,,,,,,,,,,,,,,,,0.224505,-1.045150,2.986227,,,,,,
129501,,,,,,,,,0.961362,-1.957303,,,70.536476,68.129738,0.452725,0.325517,,,,,,,,,,,,
129506,,,,,,,,,1.318439,-2.609739,,,73.507507,69.304306,0.426082,0.313667,,,,0.212154,-1.043684,2.966622,,,,,,
129516,,,,,,,,,1.318439,-3.914604,,,76.551872,69.203499,0.398097,0.314590,,,,0.199976,-1.042140,2.941791,,,,,,
129526,,,,,,,,,1.263504,-5.219473,,,78.568863,69.118675,0.379982,0.315370,,,,0.187921,-1.040544,2.911153,,,,,,
129535,0.187856,-1.039710,2.895923,0.157170,-1.005350,2.625154,1.139441,-0.630398,,,91.089165,67.594948,,,,,0.038122,-0.025865,-0.270769,0.175819,-1.038682,2.877809,,,,,,
129542,,,,,,,,,1.153634,-2.609736,,,79.176865,68.502762,0.398737,0.309503,,,,,,,,,,,,
129546,,,,,,,,,1.126167,-1.957302,,,78.599350,67.984535,0.407010,0.314607,,,,0.163259,-1.036290,2.835825,,,,,,
129555,,,,,,,,,,,,,,,,,,,,0.151137,-1.033621,2.796668,,,,,,
129558,,,,,,,,,1.263504,-5.219473,,,80.291611,67.548500,0.392247,0.318977,,,,,,,,,,,,
129566,,,,,,,,,1.318439,-3.914604,,,82.260017,67.726166,0.374329,0.317174,,,,0.138613,-1.030357,2.751422,,,,,,
129576,,,,,,,,,1.236037,-4.567040,,,83.916237,67.875648,0.359201,0.315623,,,,0.126708,-1.026738,2.706361,,,,,,
129585,0.126979,-1.026017,2.703143,0.109957,-0.975506,2.522669,1.130104,-1.589969,,,91.125618,68.574516,,,,,0.036856,-0.038507,-0.180473,0.114413,-1.022665,2.657883,,,,,,
129588,,,,,,,,,1.290972,-4.567039,,,84.765236,67.456886,0.352348,0.329830,,,,,,,,,,,,
129596,,,,,,,,,,,,,,,,,,,,0.102448,-1.018242,2.612232,,,,,,
129602,,,,,,,,,1.016297,-3.262172,,,83.301407,66.015450,0.368551,0.344756,,,,,,,,,,,,
129606,,,,,,,,,1.290972,-3.262171,,,83.703369,66.980797,0.366016,0.335421,,,,0.090726,-1.013278,2.560546,,,,,,
129616,,,,,,,,,1.208569,-3.914605,,,84.586128,66.703957,0.358496,0.338564,,,,0.079323,-1.007887,2.517078,,,,,,
129626,,,,,,,,,1.290972,-3.262171,,,85.328880,67.560112,0.352228,0.330205,,,,0.068217,-1.001945,2.470367,,,,,,
129635,0.068461,-1.001251,2.476250,0.068006,-0.941043,2.377927,1.103091,-2.495022,,,89.968338,68.360146,,,,,0.037525,-0.047085,-0.098323,0.057294,-0.995609,2.426206,,,,,,
129643,,,,,,,,,1.208569,-3.914605,,,85.409286,67.191391,0.340763,0.331983,,,,,,,,,,,,
129646,,,,,,,,,1.098699,-1.304869,,,83.298767,66.881149,0.363202,0.335381,,,,0.046327,-0.988719,2.378631,,,,,,
129656,,,,,,,,,1.263504,-3.914606,,,84.245697,67.164658,0.354877,0.332785,,,,0.035772,-0.981461,2.336754,,,,,,
129666,,,,,,,,,1.290972,-4.567039,,,85.042442,66.858658,0.347895,0.336145,,,,0.025651,-0.973967,2.294317,,,,,,
129676,,,,,,,,,1.208569,-2.609737,,,85.168282,67.145729,0.347597,0.333517,,,,0.015709,-0.965549,2.251482,,,,,,
129685,0.016383,-0.965135,2.259430,0.033170,-0.901405,2.200601,1.070690,-3.262368,,,89.116783,66.165825,,,,,0.038538,-0.053461,-0.058829,0.006628,-0.956707,2.211360,,,,,,
129688,,,,,,,,,1.290972,-4.567039,,,85.818703,67.387268,0.333237,0.308914,,,,,,,,,,,,
129696,,,,,,,,,,,,,,,,,,,,-0.001893,-0.947796,2.170917,,,,,,
129701,,,,,,,,,0.988829,-2.609737,,,83.643250,65.956871,0.356086,0.323260,,,,,,,,,,,,
129707,,,,,,,,,1.345906,-3.262171,,,84.535545,66.931511,0.348079,0.313361,,,,-0.010096,-0.939075,2.130218,,,,,,
129716,,,,,,,,,1.181102,-3.262171,,,84.741776,67.207031,0.346892,0.310397,,,,-0.018020,-0.929712,2.092223,,,,,,
129726,,,,,,,,,1.263504,-5.219473,,,85.459846,66.894310,0.340442,0.313379,,,,-0.025184,-0.919445,2.053570,,,,,,
129735,-0.024525,-0.918795,2.048989,0.006862,-0.856819,2.005006,1.044701,-3.781378,,,88.974121,64.313850,,,,,0.040581,-0.056387,-0.043983,-0.032337,-0.909623,2.017828,,,,,,
129738,,,,,,,,,1.236037,-3.262171,,,85.519485,67.175728,0.339110,0.291472,,,,,,,,,,,,
129746,,,,,,,,,1.181102,-3.262171,,,85.569664,66.867966,0.339289,0.294039,,,,-0.039165,-0.899155,1.978338,,,,,,
129756,,,,,,,,,,,,,,,,,,,,-0.045650,-0.888023,1.934741,,,,,,
129761,,,,,,,,,1.181102,-8.481645,,,82.344627,64.430847,0.372866,0.318387,,,,,,,,,,,,
129766,,,,,,,,,1.098699,2.609736,,,83.987427,66.192055,0.357435,0.300399,,,,-0.051263,-0.877052,1.897473,,,,,,
129776,,,,,,,,,,,,,84.280586,66.040306,0.355442,0.301571,,,,-0.056780,-0.865774,1.856079,,,,,,
129779,,,,,,,,,1.263504,-3.914606,,,,,,,,,,,,,,,,,,
129785,-0.056044,-0.865302,1.855884,-0.010024,-0.808228,1.805948,1.031671,-3.991328,,,89.271873,63.054058,,,,,0.041827,-0.060214,-0.049936,-0.061399,-0.854707,1.814547,,,,,,
129788,,,,,,,,,1.181102,-3.262171,,,84.527252,65.912628,0.356902,0.289679,,,,,,,,,,,,
129796,,,,,,,,,,,,,,,,,,,,-0.065565,-0.843404,1.768520,,,,,,
129802,,,,,,,,,1.071232,-4.567039,,,89.091141,69.617004,0.311299,0.251322,,,,,,,,,,,,
129806,,,,,,,,,,,,,83.129425,64.565712,0.372145,0.301533,,,,-0.069248,-0.832351,1.725347,,,,,,
129809,,,,,,,,,1.263504,-3.914606,,,,,,,,,,,,,,,,,,
129816,,,,,,,,,1.181102,-4.567039,,,83.558670,64.127357,0.368995,0.305702,,,,-0.072855,-0.820836,1.681165,,,,,,
129826,,,,,,,,,1.236037,-4.567040,,,84.464378,64.303070,0.360900,0.303695,,,,-0.075443,-0.808881,1.632290,,,,,,
129835,-0.074701,-0.808506,1.631929,-0.017142,-0.757077,1.614315,1.031212,-3.934575,,,89.801834,65.976234,,,,,0.047816,-0.060594,-0.017613,-0.077927,-0.797288,1.586253,,,,,,
129838,,,,,,,,,1.181102,-4.567039,,,84.681900,63.906372,0.365048,0.337297,,,,,,,,,,,,
129846,,,,,,,,,1.181102,-4.567039,,,85.409462,63.572590,0.358651,0.341116,,,,-0.079852,-0.785231,1.532218,,,,,,
129856,,,,,,,,,,,,,,,,,,,,-0.081264,-0.773114,1.482877,,,,,,
129862,,,,,,,,,1.318439,2.609739,,,83.843460,67.648094,0.375502,0.300027,,,,,,,,,,,,
129866,,,,,,,,,0.988829,-7.829210,,,83.070366,63.453617,0.384580,0.342476,,,,-0.082072,-0.760907,1.434533,,,,,,
129876,,,,,,,,,1.236037,-4.567040,,,84.053520,63.736187,0.375898,0.340098,,,,-0.082464,-0.748891,1.383679,,,,,,
129885,-0.081532,-0.748715,1.385393,-0.014700,-0.705027,1.436469,1.038534,-3.710558,,,89.399635,71.331215,,,,,0.055259,-0.057633,0.051076,-0.082277,-0.737131,1.337557,,,,,,
129888,,,,,,,,,1.236037,-4.567040,,,84.880745,63.973942,0.364507,0.392742,,,,,,,,,,,,
129896,,,,,,,,,1.208569,-2.609737,,,85.032227,64.718529,0.363866,0.386619,,,,-0.081587,-0.725168,1.285254,,,,,,
129906,,,,,,,,,1.318439,-3.914604,,,85.704231,65.345024,0.357885,0.381551,,,,-0.080017,-0.713047,1.237163,,,,,,
129916,,,,,,,,,,,,,,,,,,,,-0.078027,-0.700907,1.190004,,,,,,
129921,,,,,,,,,0.988829,-2.609737,,,88.992371,68.594872,0.325085,0.349600,,,,,,,,,,,,
129926,,,,,,,,,1.290972,-3.262171,,,83.590858,64.794777,0.380262,0.388908,,,,-0.075802,-0.689122,1.147006,,,,,,
129935,-0.074826,-0.688906,1.153367,-0.003420,-0.653617,1.276819,1.048656,-3.389546,,,87.942101,76.571541,,,,,0.061208,-0.050968,0.123452,-0.072981,-0.676884,1.101096,,,,,,
129938,,,,,,,,,1.290972,-3.262171,,,83.946915,65.953728,0.362925,0.431845,,,,,,,,,,,,
129946,,,,,,,,,1.290972,-1.957303,,,84.791046,67.473404,0.355114,0.418468,,,,-0.069263,-0.664803,1.059099,,,,,,
129956,,,,,,,,,,,,,,,,,,,,-0.065332,-0.653154,1.020893,,,,,,
129962,,,,,,,,,1.126167,-1.957302,,,83.323128,67.118431,0.370717,0.423908,,,,,,,,,,,,
129966,,,,,,,,,1.236036,-0.652434,,,82.632561,67.908844,0.378685,0.417737,,,,-0.060864,-0.641824,0.989208,,,,,,
129976,,,,,,,,,1.290972,-1.957303,,,83.140602,69.662987,0.374564,0.401577,,,,-0.055551,-0.630202,0.957893,,,,,,
129985,-0.054698,-0.630308,0.966125,0.015518,-0.603977,1.140413,1.058772,-2.979835,,,85.248795,79.730896,,,,,0.061579,-0.042797,0.174288,-0.050200,-0.619447,0.930104,,,,,,
129988,,,,,,,,,1.345907,-1.957305,,,84.112617,71.138924,0.338138,0.420130,,,,,,,,,,,,
129996,,,,,,,,,1.318439,0.000000,,,83.841385,72.925316,0.341132,0.403627,,,,-0.044126,-0.608096,0.902221,,,,,,
130006,,,,,,,,,1.318439,-2.609739,,,84.157707,73.339302,0.338187,0.400765,,,,-0.037528,-0.597130,0.880655,,,,,,
130016,,,,,,,,,,,,,,,,,,,,-0.030406,-0.586317,0.856213,,,,,,
130021,,,,,,,,,1.043764,0.000000,,,81.701149,72.054001,0.363462,0.415154,,,,,,,,,,,,
130026,,,,,,,,,1.345907,-0.652434,,,82.356918,73.695267,0.357483,0.399948,,,,-0.023225,-0.575706,0.841070,,,,,,
130035,-0.022549,-0.575717,0.848856,0.040563,-0.556635,1.033569,1.067865,-2.454869,,,82.216827,80.511726,,,,,0.056029,-0.034756,0.184713,-0.015095,-0.565438,0.826032,,,,,,
130038,,,,,,,,,1.373374,-1.304869,,,82.908684,74.531677,0.321507,0.400588,,,,,,,,,,,,
130046,,,,,,,,,1.263504,-1.304869,,,82.828392,75.235435,0.322188,0.394606,,,,-0.007080,-0.555279,0.816884,,,,,,
130056,,,,,,,,,1.290972,0.652435,,,82.760834,76.372124,0.322755,0.384067,,,,0.001165,-0.545507,0.804886,,,,,,
130066,,,,,,,,,1.345907,-0.652434,,,83.248535,77.328529,0.317671,0.375140,,,,0.009498,-0.535647,0.801985,,,,,,
130076,,,,,,,,,,,,,,,,,,,,0.018275,-0.525670,0.795927,,,,,,
130081,,,,,,,,,1.016297,0.652434,,,79.847084,75.410538,0.352160,0.395340,,,,,,,,,,,,
130085,0.017636,-0.526642,0.803112,0.069890,-0.511473,0.962701,1.075036,-1.796908,,,79.405136,79.818581,,,,,0.047203,-0.027063,0.159589,0.027643,-0.515645,0.786873,,,,,,
130088,,,,,,,,,1.428309,0.000000,,,80.796906,77.063995,0.314266,0.372425,,,,,,,,,,,,
130096,,,,,,,,,1.290972,-0.652435,,,81.051544,77.910675,0.311391,0.364340,,,,0.036660,-0.505925,0.789928,,,,,,
130106,,,,,,,,,1.290972,0.652435,,,81.265793,78.623070,0.308876,0.357455,,,,0.045545,-0.496426,0.789780,,,,,,
130116,,,,,,,,,,,,,,,,,,,,0.054762,-0.486605,0.792824,,,,,,
130121,,,,,,,,,1.071232,0.652434,,,78.723351,77.044304,0.334437,0.373797,,,,,,,,,,,,
130126,,,,,,,,,1.318439,0.000000,,,79.306854,77.894104,0.328621,0.365684,,,,0.063908,-0.476754,0.792723,,,,,,
130135,0.063870,-0.476963,0.793601,0.101501,-0.467811,0.932653,1.078588,-1.021290,,,74.332657,77.703850,,,,,0.032914,-0.020409,0.139053,0.073197,-0.466658,0.792644,,,,,,
130138,,,,,,,,,1.373374,0.000000,,,79.797813,79.153671,0.271894,0.331651,,,,,,,,,,,,
130146,,,,,,,,,1.290972,0.652435,,,79.666359,79.668922,0.272142,0.326106,,,,0.081841,-0.457020,0.792595,,,,,,
130156,,,,,,,,,1.236037,1.957302,,,79.011215,79.557915,0.277758,0.326845,,,,0.090825,-0.447475,0.798726,,,,,,
130166,,,,,,,,,1.263504,0.000000,,,78.459976,79.464508,0.282444,0.327427,,,,0.099873,-0.437844,0.804833,,,,,,
130176,,,,,,,,,,,,,,,,,,,,0.108682,-0.428090,0.804828,,,,,,
130181,,,,,,,,,0.988829,0.000000,,,80.718880,81.564095,0.258578,0.305659,,,,,,,,,,,,
130185,0.107828,-0.429231,0.803893,0.133344,-0.424620,0.945543,1.076676,-0.173391,,,68.446510,76.617088,,,,,0.021026,-0.015174,0.141650,0.117785,-0.418342,0.810907,,,,,,
130188,,,,,,,,,1.318439,1.304869,,,76.084999,77.340714,0.244528,0.336880,,,,,,,,,,,,
130196,,,,,,,,,1.236036,0.652434,,,75.453316,77.598961,0.249443,0.334102,,,,0.126704,-0.408592,0.819746,,,,,,
130208,,,,,,,,,1.181102,0.652433,,,74.921822,77.816246,0.253463,0.331689,,,,,,,,,,,,
130218,,,,,,,,,1.181102,1.957302,,,74.474617,77.999069,0.256730,0.329584,,,,,,,,,,,,
130226,,,,,,,,,1.236037,1.957302,,,74.098343,78.697441,0.259362,0.322184,,,,0.152518,-0.379412,0.849705,,,,,,
130235,0.152195,-0.379701,0.854071,0.163408,-0.380799,1.000201,1.068803,0.685140,,,61.364956,74.488846,,,,,0.006538,-0.009175,0.146130,0.160930,-0.369930,0.864867,,,,,,
130242,,,,,,,,,1.098699,1.304869,,,72.692657,77.651428,0.200338,0.310730,,,,,,,,,,,,
130246,,,,,,,,,1.126167,0.652435,,,71.509911,76.226768,0.210136,0.324629,,,,0.169168,-0.360175,0.883069,,,,,,
130255,,,,,,,,,,,,,,,,,,,,0.177463,-0.350138,0.898494,,,,,,
130258,,,,,,,,,1.126167,1.957302,,,70.514748,76.661682,0.218258,0.319845,,,,,,,,,,,,
130266,,,,,,,,,1.153634,2.609736,,,69.677422,77.027618,0.224969,0.315678,,,,0.185280,-0.340117,0.920044,,,,,,
130276,,,,,,,,,1.098699,2.609736,,,68.428352,76.790977,0.236047,0.317584,,,,0.192706,-0.330203,0.941947,,,,,,
130285,0.192114,-0.330700,0.945516,0.189838,-0.335442,1.091992,1.056741,1.485642,,,55.119431,72.646545,,,,,-0.005177,-0.000930,0.146477,0.199898,-0.319889,0.966831,,,,,,
130288,,,,,,,,,1.098699,2.609736,,,67.921928,76.591866,0.176095,0.300363,,,,,,,,,,,,
130296,,,,,,,,,,,,,,,,,,,,0.206995,-0.309864,0.995283,,,,,,
130301,,,,,,,,,0.906427,3.262171,,,64.773109,74.790703,0.205653,0.317946,,,,,,,,,,,,
130306,,,,,,,,,1.181102,1.957302,,,65.390953,74.908836,0.197420,0.316312,,,,0.213417,-0.300243,1.020711,,,,,,
130316,,,,,,,,,1.043764,2.609737,,,64.277176,75.008232,0.206726,0.314846,,,,0.219340,-0.291130,1.052433,,,,,,
130326,,,,,,,,,1.098699,3.914604,,,63.340042,75.636406,0.214453,0.307966,,,,0.224770,-0.281925,1.087721,,,,,,
130335,0.224367,-0.282044,1.092201,0.211024,-0.288048,1.213159,1.044069,2.159765,,,51.740017,71.360786,,,,,-0.011474,0.009079,0.120958,0.229869,-0.272786,1.126816,,,,,,
130343,,,,,,,,,0.988829,3.914606,,,61.462452,75.075867,0.197491,0.299971,,,,,,,,,,,,
130346,,,,,,,,,0.988829,1.304868,,,60.971733,73.515144,0.200551,0.315147,,,,0.234705,-0.263376,1.163094,,,,,,
130356,,,,,,,,,1.071232,4.567039,,,60.014297,73.835579,0.208471,0.311448,,,,0.239088,-0.253921,1.199755,,,,,,
130366,,,,,,,,,0.988829,3.914606,,,58.664169,74.105194,0.220587,0.308203,,,,0.242894,-0.244142,1.236745,,,,,,
130376,,,,,,,,,1.043764,3.914604,,,58.072716,73.787506,0.225235,0.310894,,,,0.246549,-0.234647,1.277876,,,,,,
130385,0.246318,-0.234560,1.278710,0.225693,-0.238617,1.353993,1.034566,2.653946,,,51.970615,71.457909,,,,,-0.009824,0.018584,0.075284,0.249754,-0.225017,1.319634,,,,,,
130388,,,,,,,,,0.988829,3.914606,,,57.030521,74.064751,0.236951,0.308572,,,,,,,,,,,,
130396,,,,,,,,,,,,,,,,,,,,0.252604,-0.215465,1.362035,,,,,,
130401,,,,,,,,,0.878959,2.609737,,,55.609077,72.119850,0.250438,0.327888,,,,,,,,,,,,
130408,,,,,,,,,1.071232,0.652434,,,56.591248,71.572495,0.239692,0.333339,,,,,,,,,,,,
130418,,,,,,,,,1.043764,5.219473,,,56.328560,72.201035,0.241447,0.326905,,,,,,,,,,,,
130426,,,,,,,,,,,,,56.107533,72.729889,0.242830,0.321362,,,,0.258263,-0.187008,1.478880,,,,,,
130429,,,,,,,,,1.043764,3.914604,,,,,,,,,,0.258263,-0.187008,1.478880,,,,,,
130435,0.258105,-0.186701,1.478498,0.232980,-0.187622,1.504483,1.030627,2.945649,,,54.481201,72.485062,,,,,-0.003233,0.024933,0.025985,0.259496,-0.177634,1.516690,,,,,,
130443,,,,,,,,,0.961362,3.262171,,,59.733364,72.630325,0.230627,0.332600,,,,,,,,,,,,
130446,,,,,,,,,0.961362,0.652434,,,55.160534,70.912926,0.276220,0.350088,,,,0.260466,-0.168294,1.551379,,,,,,
130456,,,,,,,,,,,,,55.124756,71.646080,0.276449,0.342925,,,,0.260844,-0.159027,1.586081,,,,,,
130459,,,,,,,,,1.071232,4.567039,,,,,,,,,,,,,,,,,,
130466,,,,,,,,,1.043764,2.609737,,,55.094654,71.718407,0.276627,0.342355,,,,0.261159,-0.149981,1.621027,,,,,,
130476,,,,,,,,,0.988829,2.609737,,,55.613869,71.779266,0.271209,0.341887,,,,0.261014,-0.139861,1.658814,,,,,,
130485,0.260866,-0.139644,1.654627,0.232485,-0.135868,1.655400,1.032777,3.043202,,,57.786514,74.763763,,,,,0.006139,0.027966,0.000773,0.260515,-0.129349,1.692107,,,,,,
130488,,,,,,,,,1.043764,3.914604,,,55.506191,71.830475,0.305795,0.364749,,,,,,,,,,,,
130496,,,,,,,,,,,,,,,,,,,,0.259798,-0.118892,1.725254,,,,,,
130502,,,,,,,,,0.851492,1.957303,,,54.326508,70.239929,0.318283,0.381559,,,,,,,,,,,,
130506,,,,,,,,,1.126167,0.652435,,,56.601181,69.990730,0.295774,0.385006,,,,0.258522,-0.108777,1.757695,,,,,,
130516,,,,,,,,,1.043764,2.609737,,,56.881462,70.870140,0.293152,0.376990,,,,0.257301,-0.098888,1.790043,,,,,,
130526,,,,,,,,,1.071232,3.262170,,,57.117290,71.610077,0.290928,0.370222,,,,0.255413,-0.088503,1.818215,,,,,,
130535,0.255131,-0.088361,1.818164,0.224306,-0.084267,1.798304,1.040273,2.965572,,,60.618065,75.868530,,,,,0.011517,0.028884,-0.019860,0.253178,-0.078045,1.846125,,,,,,
130538,,,,,,,,,1.098699,3.914604,,,57.315716,72.232658,0.317919,0.375771,,,,,,,,,,,,
130546,,,,,,,,,1.071232,1.957303,,,58.027214,72.756500,0.311322,0.371155,,,,0.250563,-0.067815,1.877219,,,,,,
130556,,,,,,,,,,,,,,,,,,,,0.247626,-0.057541,1.907875,,,,,,
130562,,,,,,,,,0.988829,2.609737,,,62.982216,76.464516,0.261300,0.333955,,,,,,,,,,,,
130566,,,,,,,,,1.153634,1.304868,,,58.438660,71.416298,0.307171,0.385328,,,,0.244300,-0.047346,1.938292,,,,,,
130576,,,,,,,,,1.098699,2.609736,,,58.972057,72.069611,0.302166,0.379555,,,,0.240851,-0.037072,1.965099,,,,,,
130585,0.240627,-0.036991,1.963711,0.209041,-0.033614,1.925057,1.051868,2.723463,,,63.625736,76.317184,,,,,0.015214,0.027885,-0.038653,0.236838,-0.026673,1.991519,,,,,,
130588,,,,,,,,,1.126167,0.652435,,,59.965401,72.619308,0.323042,0.379284,,,,,,,,,,,,
130596,,,,,,,,,,,,,,,,,,,,0.232379,-0.016212,2.021097,,,,,,
130602,,,,,,,,,0.961362,3.262171,,,59.167572,71.992737,0.331912,0.386414,,,,,,,,,,,,
130606,,,,,,,,,1.181102,0.652433,,,61.218994,72.554626,0.311879,0.381548,,,,0.227897,-0.005969,2.047125,,,,,,
130616,,,,,,,,,1.181102,1.957302,,,62.400517,73.571945,0.300308,0.371924,,,,0.222935,0.004155,2.076163,,,,,,
130626,,,,,,,,,1.153634,2.609736,,,62.850109,74.427917,0.295968,0.363742,,,,0.217571,0.014112,2.101800,,,,,,
130635,0.217363,0.014164,2.101154,0.187761,0.015609,2.027807,1.065895,2.320224,,,66.945137,75.057434,,,,,0.016220,0.024804,-0.073348,0.212232,0.023731,2.124107,,,,,,
130638,,,,,,,,,1.181102,1.957302,,,63.228394,75.148132,0.326122,0.343924,,,,,,,,,,,,
130646,,,,,,,,,1.098699,2.609736,,,63.546684,75.209579,0.323619,0.343279,,,,0.206266,0.033701,2.146209,,,,,,
130656,,,,,,,,,,,,,,,,,,,,0.199812,0.043845,2.171201,,,,,,
130662,,,,,,,,,0.988829,1.304868,,,62.725407,73.627647,0.332676,0.359385,,,,,,,,,,,,
130666,,,,,,,,,1.181102,1.957302,,,63.668015,73.930244,0.323905,0.356584,,,,0.193202,0.053591,2.193036,,,,,,
130676,,,,,,,,,1.153634,1.304868,,,64.461121,74.729393,0.316471,0.348658,,,,0.186460,0.063380,2.208471,,,,,,
130685,0.186456,0.063335,2.204939,0.161942,0.063344,2.099642,1.079876,1.766474,,,69.804619,72.606499,,,,,0.014532,0.019743,-0.105297,0.179793,0.072521,2.227107,,,,,,
130688,,,,,,,,,1.208569,1.304866,,,65.672989,75.401794,0.333773,0.316866,,,,,,,,,,,,
130696,,,,,,,,,1.181102,0.652433,,,66.692650,75.423012,0.324199,0.316090,,,,0.172641,0.081979,2.242540,,,,,,
130706,,,,,,,,,1.153634,0.000000,,,67.550598,74.896317,0.316070,0.320899,,,,0.165130,0.091380,2.254731,,,,,,
130716,,,,,,,,,,,,,,,,,,,,0.157714,0.100616,2.263955,,,,,,
130721,,,,,,,,,0.961362,0.652434,,,66.094299,72.819527,0.331375,0.341625,,,,,,,,,,,,
130726,,,,,,,,,1.181102,-0.652433,,,67.047142,72.705750,0.322398,0.342742,,,,0.150092,0.109586,2.270137,,,,,,
130735,0.150242,0.109722,2.261937,0.133380,0.109942,2.135378,1.090498,1.089495,,,71.939583,69.423378,,,,,0.010917,0.012853,-0.126559,0.142369,0.118387,2.273226,,,,,,
130738,,,,,,,,,1.208569,1.304866,,,67.848862,73.699104,0.336549,0.300123,,,,,,,,,,,,
130746,,,,,,,,,1.208569,0.000000,,,69.612518,73.990364,0.319378,0.296297,,,,0.134267,0.127571,2.276204,,,,,,
130756,,,,,,,,,,,,,,,,,,,,0.126269,0.136772,2.276165,,,,,,
130762,,,,,,,,,1.016297,-0.652434,,,73.274628,76.958145,0.282490,0.265112,,,,,,,,,,,,
130766,,,,,,,,,1.126167,-0.652435,,,68.732323,70.742546,0.328554,0.327004,,,,0.118324,0.145883,2.273127,,,,,,
130776,,,,,,,,,1.208569,-1.304866,,,69.811317,70.958176,0.318190,0.324541,,,,0.110147,0.154604,2.266968,,,,,,
130785,0.110386,0.154831,2.261086,0.104063,0.156062,2.132028,1.094497,0.329917,,,72.745392,65.727562,,,,,0.004975,0.004091,-0.129058,0.102404,0.163344,2.257878,,,,,,
130788,,,,,,,,,1.236036,0.652434,,,71.263725,71.684151,0.312020,0.279131,,,,,,,,,,,,
130796,,,,,,,,,1.153634,-1.304868,,,71.941238,71.750443,0.305406,0.277264,,,,0.094523,0.172212,2.245646,,,,,,
130806,,,,,,,,,1.126167,-1.957302,,,72.511299,70.717133,0.299752,0.286599,,,,0.086967,0.180973,2.233398,,,,,,
130816,,,,,,,,,,,,,,,,,,,,0.079171,0.189903,2.217985,,,,,,
130821,,,,,,,,,0.961362,-1.957303,,,71.357315,68.214081,0.311570,0.311132,,,,,,,,,,,,
130826,,,,,,,,,1.181102,-0.652433,,,72.019989,68.830727,0.305088,0.304345,,,,0.071083,0.199490,2.202269,,,,,,
130835,0.071296,0.199620,2.204479,0.076045,0.202484,2.089002,1.090060,-0.465941,,,72.819969,62.246433,,,,,-0.000504,-0.005523,-0.115477,0.063470,0.208705,2.189674,,,,,,
130838,,,,,,,,,1.181102,-1.957302,,,72.577560,68.805031,0.300307,0.268479,,,,,,,,,,,,
130846,,,,,,,,,1.126167,-0.652435,,,73.046700,68.238861,0.295570,0.272942,,,,0.055890,0.218281,2.170775,,,,,,
130856,,,,,,,,,1.126167,-3.262170,,,73.985977,67.762489,0.285944,0.276603,,,,0.048548,0.228068,2.151788,,,,,,
130866,,,,,,,,,1.126167,-1.957302,,,74.231743,67.361671,0.283204,0.279588,,,,0.041394,0.237667,2.129612,,,,,,
130876,,,,,,,,,,,,,,,,,,,,0.034552,0.247262,2.107255,,,,,,
130881,,,,,,,,,1.153634,-7.829210,,,76.616699,64.846252,0.258595,0.304222,,,,,,,,,,,,
130885,0.035481,0.247600,2.082607,0.051310,0.249887,2.008288,1.077868,-1.248523,,,71.627396,59.495201,,,,,-0.005758,-0.014921,-0.074319,0.028198,0.256795,2.078472,,,,,,
130888,,,,,,,,,0.961362,3.262171,,,72.633430,65.452492,0.286301,0.269456,,,,,,,,,,,,
130896,,,,,,,,,1.126167,-1.957302,,,73.093712,65.418037,0.281405,0.268616,,,,0.021841,0.266765,2.052604,,,,,,
130906,,,,,,,,,,,,,73.480988,65.389046,0.277161,0.267727,,,,0.015752,0.276613,2.029949,,,,,,
130909,,,,,,,,,1.126167,-1.957302,,,,,,,,,,,,,,,,,,
130916,,,,,,,,,1.071232,-1.957303,,,73.806847,64.275566,0.273467,0.277906,,,,0.010180,0.286511,2.007083,,,,,,
130926,,,,,,,,,1.071232,-1.957303,,,73.536476,64.427773,0.275789,0.275397,,,,0.004892,0.296492,1.984152,,,,,,
130935,0.005451,0.296411,1.984221,0.031645,0.298659,1.894558,1.061035,-1.964336,,,72.253197,55.082233,,,,,-0.008464,-0.024890,-0.089663,,,,,,,,,
130942,,,,,,,,,1.153634,0.000000,,,73.308990,65.644928,0.284110,0.216984,,,,-0.000296,0.306345,1.960695,,,,,,
130946,,,,,,,,,0.714154,-1.304868,,,69.305779,61.223610,0.324732,0.259969,,,,-0.005019,0.316372,1.940745,,,,,,
130956,,,,,,,,,,,,,70.293823,60.770771,0.315243,0.263359,,,,-0.009589,0.326627,1.917161,,,,,,
130959,,,,,,,,,1.071232,-3.262170,,,,,,,,,,,,,,,,,,
130966,,,,,,,,,1.126167,-4.567039,,,71.669708,60.934296,0.301601,0.260554,,,,-0.013816,0.336954,1.896792,,,,,,
130976,,,,,,,,,,,,,,,,,,,,-0.017874,0.347078,1.869512,,,,,,
130981,,,,,,,,,0.906427,-1.957303,,,75.550095,64.339142,0.262138,0.224654,,,,,,,,,,,,
130985,-0.017268,0.346381,1.870937,0.018538,0.348764,1.754750,1.043890,-2.561305,,,73.601891,51.330376,,,,,-0.008310,-0.034910,-0.116187,-0.021732,0.357105,1.838345,,,,,,
130988,,,,,,,,,1.181102,-1.957302,,,71.191444,60.124920,0.319694,0.227518,,,,,,,,,,,,
130996,,,,,,,,,1.043764,-2.609737,,,71.335876,59.301792,0.318702,0.234155,,,,-0.025040,0.367284,1.806922,,,,,,
131006,,,,,,,,,1.071232,-4.567039,,,72.546494,59.153755,0.306807,0.234071,,,,-0.028186,0.377237,1.778672,,,,,,
131016,,,,,,,,,,,,,73.565102,58.484653,0.296629,0.239331,,,,-0.031141,0.387299,1.739351,,,,,,
131019,,,,,,,,,1.071232,-4.567039,,,,,,,,,,,,,,,,,,
131026,,,,,,,,,1.043764,-5.219473,,,73.877617,57.377129,0.293448,0.249197,,,,-0.033844,0.397307,1.699253,,,,,,
131035,-0.033224,0.397345,1.691784,0.013102,0.399712,1.596878,1.030265,-3.003799,,,74.929176,51.450977,,,,,-0.003242,-0.046273,-0.094906,-0.036060,0.407450,1.658358,,,,,,
131042,,,,,,,,,1.181102,-8.481645,,,77.952370,56.445255,0.265369,0.258723,,,,,,,,,,,,
131046,,,,,,,,,0.851492,1.957303,,,72.668175,56.750267,0.318663,0.254613,,,,-0.037901,0.417949,1.612756,,,,,,
131056,,,,,,,,,1.016297,-4.567039,,,73.667488,55.917816,0.308922,0.262044,,,,-0.039261,0.428187,1.563079,,,,,,
131066,,,,,,,,,1.016297,-4.567039,,,73.963768,55.217392,0.306153,0.268295,,,,-0.040479,0.438466,1.520597,,,,,,
131076,,,,,,,,,1.043764,-3.914604,,,74.213051,55.172596,0.303803,0.267999,,,,-0.041074,0.448644,1.475332,,,,,,
131085,-0.040511,0.448717,1.477094,0.016029,0.450623,1.428705,1.022383,-3.284959,,,76.956421,54.734932,,,,,0.007188,-0.056114,-0.048389,-0.041132,0.459073,1.427237,,,,,,
131088,,,,,,,,,1.016297,-4.567039,,,74.422798,54.590363,0.322485,0.306690,,,,,,,,,,,,
131101,,,,,,,,,0.824024,-3.914605,,,76.777458,52.466843,0.298974,0.328378,,,,-0.040738,0.469032,1.383833,,,,,,
131106,,,,,,,,,1.208569,-2.609737,,,72.768692,55.036457,0.339899,0.302622,,,,-0.040189,0.479052,1.334248,,,,,,
131116,,,,,,,,,1.043764,-3.914604,,,73.207520,55.020359,0.336261,0.302726,,,,-0.038934,0.489407,1.292112,,,,,,
131126,,,,,,,,,1.016297,-3.262172,,,73.576744,55.006813,0.333244,0.302807,,,,-0.037449,0.499759,1.247306,,,,,,
131135,-0.036942,0.499671,1.252922,0.027572,0.500393,1.257244,1.020994,-3.418961,,,79.516495,59.834538,,,,,0.020850,-0.061056,0.004322,-0.035392,0.510010,1.203394,,,,,,
131143,,,,,,,,,0.988829,-3.914606,,,73.342873,54.450874,0.362419,0.360439,,,,,,,,,,,,
131146,,,,,,,,,1.043764,-1.304868,,,72.601547,55.072193,0.371215,0.355178,,,,-0.032927,0.520163,1.160006,,,,,,
131156,,,,,,,,,1.126167,-4.567039,,,73.611427,55.594971,0.362297,0.350799,,,,-0.029794,0.530352,1.107539,,,,,,
131166,,,,,,,,,1.043764,-3.914604,,,74.461136,56.034836,0.354811,0.347160,,,,-0.026501,0.540100,1.062307,,,,,,
131176,,,,,,,,,1.153634,-3.914605,,,75.720627,56.949482,0.342975,0.338590,,,,-0.022495,0.549907,1.020835,,,,,,
131185,-0.021741,0.550114,1.023913,0.047557,0.547895,1.089437,1.026319,-3.416751,,,81.455757,65.763283,,,,,0.034141,-0.060345,0.065524,-0.018339,0.559950,0.979894,,,,,,
131188,,,,,,,,,1.098699,-2.609736,,,75.691277,57.719063,0.363814,0.391791,,,,,,,,,,,,
131196,,,,,,,,,,,,,,,,,,,,-0.013419,0.569798,0.939342,,,,,,
131201,,,,,,,,,0.961362,-3.262171,,,78.933838,62.178391,0.331893,0.347915,,,,,,,,,,,,
131208,,,,,,,,,1.290972,-0.652435,,,74.583069,58.851410,0.376775,0.382567,,,,,,,,,,,,
131218,,,,,,,,,1.153634,-2.609736,,,75.823219,59.863888,0.365500,0.373622,,,,,,,,,,,,
131226,,,,,,,,,1.181102,-3.262171,,,76.866684,61.260330,0.355983,0.360558,,,,0.003597,0.597967,0.829174,,,,,,
131235,0.004393,0.597954,0.831858,0.075404,0.592203,0.933000,1.038650,-3.269751,,,83.055824,70.622940,,,,,0.043575,-0.056364,0.101142,0.010208,0.607579,0.790038,,,,,,
131242,,,,,,,,,1.318439,-7.829209,,,76.111023,61.346210,0.380930,0.410151,,,,,,,,,,,,
131246,,,,,,,,,0.851492,3.262170,,,76.019753,61.418472,0.383250,0.411269,,,,0.017309,0.616741,0.757069,,,,,,
131255,,,,,,,,,,,,,,,,,,,,0.024764,0.625414,0.724467,,,,,,
131258,,,,,,,,,1.263504,-1.304869,,,77.032043,63.112904,0.374331,0.395827,,,,,,,,,,,,
131266,,,,,,,,,1.208569,-2.609737,,,77.883789,64.538597,0.366848,0.382787,,,,0.032295,0.633906,0.695083,,,,,,
131276,,,,,,,,,1.236037,-1.957302,,,78.600449,65.738174,0.360573,0.371768,,,,0.040502,0.642158,0.662830,,,,,,
131285,0.041167,0.642087,0.668827,0.110172,0.632784,0.796304,1.057813,-2.959354,,,83.557632,74.803635,,,,,0.048369,-0.050087,0.127477,0.049060,0.650639,0.633376,,,,,,
131288,,,,,,,,,1.208569,-2.609737,,,79.203445,66.202957,0.360432,0.410648,,,,,,,,,,,,
131296,,,,,,,,,,,,,,,,,,,,0.057827,0.658687,0.607277,,,,,,
131301,,,,,,,,,1.071232,-1.957303,,,78.077179,65.504936,0.372791,0.419487,,,,,,,,,,,,
131306,,,,,,,,,1.263504,-1.304869,,,78.763168,67.095795,0.366890,0.405120,,,,0.066900,0.666575,0.578444,,,,,,
131316,,,,,,,,,1.263504,-2.609736,,,79.340355,67.889801,0.361961,0.398563,,,,0.076857,0.674388,0.555239,,,,,,
131326,,,,,,,,,1.263504,0.000000,,,79.826004,69.102417,0.357851,0.387577,,,,0.086521,0.681812,0.534966,,,,,,
131335,0.086908,0.681723,0.546215,0.150598,0.669620,0.687223,1.081893,-2.481776,,,82.956238,78.014397,,,,,0.048136,-0.043426,0.141008,0.096844,0.689149,0.512100,,,,,,
131338,,,,,,,,,1.290972,-3.262171,,,80.779167,70.122711,0.342741,0.411060,,,,,,,,,,,,
131346,,,,,,,,,1.263504,0.000000,,,81.036621,71.525734,0.340550,0.398328,,,,0.107116,0.696044,0.495139,,,,,,
131356,,,,,,,,,,,,,,,,,,,,0.117986,0.702871,0.480762,,,,,,
131362,,,,,,,,,1.098699,-1.304869,,,84.520500,75.428955,0.305399,0.359813,,,,,,,,,,,,
131366,,,,,,,,,1.263504,0.000000,,,78.739143,70.544975,0.364056,0.410146,,,,0.129095,0.709286,0.463627,,,,,,
131376,,,,,,,,,1.318439,-2.609739,,,79.864685,71.881027,0.353418,0.398012,,,,0.140064,0.715661,0.446538,,,,,,
131385,0.140501,0.715385,0.443975,0.195155,0.703245,0.611967,1.106498,-1.860729,,,80.253174,80.941231,,,,,0.044141,-0.034439,0.167992,0.151331,0.721920,0.435353,,,,,,
131388,,,,,,,,,1.318439,1.304869,,,80.267174,73.549721,0.322360,0.412072,,,,,,,,,,,,
131396,,,,,,,,,,,,,,,,,,,,0.162918,0.727880,0.432599,,,,,,
131401,,,,,,,,,1.098699,-1.304869,,,78.972198,72.775589,0.335566,0.421447,,,,,,,,,,,,
131406,,,,,,,,,1.290972,-0.652435,,,79.516235,73.757866,0.330273,0.413061,,,,0.174620,0.733707,0.423969,,,,,,
131416,,,,,,,,,1.318439,0.000000,,,79.973984,75.128899,0.325751,0.400513,,,,0.186493,0.739703,0.418314,,,,,,
131426,,,,,,,,,1.318439,1.304869,,,79.814590,76.827026,0.327433,0.384354,,,,0.198609,0.745460,0.418142,,,,,,
131435,0.198666,0.745440,0.425787,0.242105,0.734684,0.574851,1.125396,-1.135408,,,77.637329,81.231216,,,,,0.035118,-0.027737,0.149064,0.210766,0.751155,0.418039,,,,,,
131438,,,,,,,,,1.318439,0.000000,,,80.225021,77.711288,0.296653,0.379115,,,,,,,,,,,,
131446,,,,,,,,,1.345907,1.957305,,,80.025818,78.999847,0.298167,0.366676,,,,0.222759,0.756729,0.420990,,,,,,
131456,,,,,,,,,,,,,,,,,,,,0.234723,0.762530,0.426746,,,,,,
131472,,,,,,,,,-0.000000,0.000000,,,66.276329,66.008163,0.437708,0.500194,,,,0.246541,0.768241,0.432790,,,,,,
131476,,,,,,,,,1.181102,-0.652433,,,67.744843,66.974670,0.425001,0.493380,,,,0.258372,0.774083,0.435554,,,,,,
131485,0.257901,0.773668,0.432006,0.289553,0.765321,0.578889,1.132471,-0.339417,,,73.150887,81.086479,,,,,0.025249,-0.020832,0.146883,0.270013,0.779693,0.441082,,,,,,
131488,,,,,,,,,1.455776,-0.652433,,,71.158623,70.510605,0.346397,0.458688,,,,,,,,,,,,
131496,,,,,,,,,1.400841,3.262171,,,72.941895,74.030281,0.328606,0.424903,,,,0.282029,0.785598,0.449640,,,,,,
131506,,,,,,,,,1.373374,0.000000,,,74.442337,76.447189,0.313344,0.401662,,,,0.294333,0.791486,0.463905,,,,,,
131516,,,,,,,,,,,,,,,,,,,,0.307043,0.797684,0.475008,,,,,,
131521,,,,,,,,,1.098699,2.609736,,,72.982094,76.302605,0.327980,0.404064,,,,,,,,,,,,
131526,,,,,,,,,1.455776,1.957302,,,74.476158,78.903671,0.312774,0.378490,,,,0.319571,0.804103,0.489205,,,,,,
131535,0.319820,0.804357,0.492611,0.335534,0.796701,0.626396,1.124039,0.508726,,,66.679283,78.321411,,,,,0.010225,-0.014178,0.133785,0.331935,0.811039,0.500556,,,,,,
131538,,,,,,,,,1.318439,1.304869,,,75.733269,80.547661,0.233676,0.333954,,,,,,,,,,,,
131546,,,,,,,,,1.345907,1.957305,,,75.701912,81.930916,0.232185,0.319400,,,,0.344071,0.817978,0.523493,,,,,,
131558,,,,,,,,,1.263504,3.914606,,,75.130989,82.550240,0.236204,0.312361,,,,,,,,,,,,
131568,,,,,,,,,1.236036,0.652434,,,75.195152,82.526794,0.233859,0.311754,,,,,,,,,,,,
131581,,,,,,,,,1.483244,3.914604,,,71.981880,80.328896,0.264932,0.333332,,,,0.379197,0.838715,0.584019,,,,,,
131585,0.379413,0.839254,0.592755,0.378083,0.830313,0.718702,1.100715,1.396587,,,58.610298,74.459373,,,,,-0.006098,-0.006673,0.125947,0.390911,0.846113,0.606957,,,,,,
131588,,,,,,,,,0.824024,1.304869,,,72.000954,81.746849,0.181373,0.279074,,,,,,,,,,,,
131596,,,,,,,,,1.126167,3.262170,,,70.927917,81.306282,0.189640,0.282111,,,,0.402485,0.853644,0.629939,,,,,,
131606,,,,,,,,,1.153634,2.609736,,,70.025063,80.935585,0.196385,0.284522,,,,0.413628,0.861673,0.655991,,,,,,
131616,,,,,,,,,,,,,,,,,,,,0.424577,0.870200,0.682178,,,,,,
131621,,,,,,,,,0.933894,2.609737,,,67.087227,78.445511,0.224068,0.308626,,,,,,,,,,,,
131626,,,,,,,,,1.181102,0.652433,,,67.882591,77.983994,0.214260,0.312536,,,,0.435069,0.878714,0.714298,,,,,,
131635,0.434443,0.878266,0.706836,0.415338,0.867372,0.854347,1.068188,2.291904,,,48.903522,71.018219,,,,,-0.021603,0.004124,0.147511,0.444921,0.887105,0.738384,,,,,,
131638,,,,,,,,,1.126167,4.567039,,,66.373642,78.140213,0.128788,0.275138,,,,,,,,,,,,
131646,,,,,,,,,1.043764,2.609737,,,64.559464,77.727112,0.143799,0.277927,,,,0.453315,0.894267,0.768228,,,,,,
131656,,,,,,,,,1.043764,3.914604,,,63.033016,77.379532,0.156237,0.280131,,,,0.461716,0.901219,0.801431,,,,,,
131666,,,,,,,,,0.988829,5.219473,,,61.204121,77.087074,0.172066,0.281842,,,,0.469650,0.908691,0.840368,,,,,,
131676,,,,,,,,,,,,,,,,,,,,0.477168,0.916727,0.880016,,,,,,
131681,,,,,,,,,0.824024,3.914605,,,58.031658,74.662834,0.201965,0.305355,,,,,,,,,,,,
131685,0.475984,0.915987,0.881897,0.445633,0.908631,1.026142,1.036390,3.110491,,,43.883053,70.273521,,,,,-0.024972,0.018753,0.144245,0.484196,0.924913,0.922950,,,,,,
131688,,,,,,,,,1.071232,3.262170,,,58.085064,74.256706,0.148386,0.301173,,,,,,,,,,,,
131696,,,,,,,,,0.961362,4.567040,,,56.496368,73.914993,0.161750,0.303862,,,,0.491159,0.933156,0.966980,,,,,,
131706,,,,,,,,,0.933894,5.219474,,,54.615101,74.172012,0.178416,0.300512,,,,0.497287,0.941433,1.011055,,,,,,
131716,,,,,,,,,0.961362,4.567040,,,53.576744,73.843727,0.186861,0.303080,,,,0.502893,0.949513,1.062118,,,,,,
131726,,,,,,,,,0.933894,5.219474,,,52.158527,73.567513,0.199388,0.305184,,,,0.508148,0.957907,1.110798,,,,,,
131735,0.507534,0.957707,1.113475,0.467611,0.954262,1.219969,1.016505,3.713054,,,43.612556,71.076576,,,,,-0.020719,0.034299,0.106494,,,,,,,,,
131742,,,,,,,,,1.236037,4.567040,,,49.876152,71.701469,0.218254,0.331750,,,,0.512709,0.966248,1.166640,,,,,,
131746,,,,,,,,,0.549350,2.609737,,,50.678478,71.220474,0.208818,0.336531,,,,0.516938,0.974550,1.213995,,,,,,
131756,,,,,,,,,1.016297,5.871907,,,50.264469,71.904846,0.211628,0.329522,,,,0.520758,0.982755,1.268201,,,,,,
131766,,,,,,,,,0.906427,5.871908,,,48.827038,72.480675,0.224959,0.323483,,,,0.523807,0.991478,1.320099,,,,,,
131776,,,,,,,,,0.961362,4.567040,,,48.706669,72.420639,0.225144,0.323814,,,,0.526310,0.999759,1.372986,,,,,,
131785,0.526083,1.000032,1.370359,0.480304,1.003773,1.418569,1.016037,3.979581,,,49.147457,74.645172,,,,,-0.005448,0.045607,0.048209,0.528391,1.008350,1.423630,,,,,,
131788,,,,,,,,,0.988829,5.219473,,,48.605389,72.370125,0.281614,0.360460,,,,,,,,,,,,
131796,,,,,,,,,,,,,,,,,,,,0.530040,1.016522,1.475148,,,,,,
131801,,,,,,,,,0.933894,-1.304869,,,50.698345,70.149445,0.260374,0.383566,,,,,,,,,,,,
131806,,,,,,,,,0.878959,7.829209,,,48.103012,71.003685,0.286537,0.375752,,,,0.531424,1.024827,1.528170,,,,,,
131816,,,,,,,,,1.071232,4.567039,,,49.186558,71.722443,0.275693,0.369149,,,,0.532300,1.032718,1.574059,,,,,,
131826,,,,,,,,,1.043764,3.914604,,,50.098255,72.871750,0.266386,0.358011,,,,0.532871,1.041130,1.624778,,,,,,
131835,0.532730,1.042039,1.619844,0.483215,1.056032,1.608828,1.034469,3.919244,,,58.514668,80.013046,,,,,0.016403,0.048770,-0.011016,0.533137,1.051394,1.665938,,,,,,
131842,,,,,,,,,0.933894,3.914605,,,49.776268,72.205147,0.365026,0.419917,,,,,,,,,,,,
131846,,,,,,,,,0.988829,2.609737,,,50.049892,71.644264,0.363983,0.427200,,,,0.533251,1.061170,1.717608,,,,,,
131856,,,,,,,,,1.071232,4.567039,,,51.369209,72.261421,0.352218,0.422578,,,,0.532486,1.071020,1.760975,,,,,,
131866,,,,,,,,,1.126167,3.262170,,,53.023823,73.325241,0.336770,0.413278,,,,0.531309,1.080432,1.803739,,,,,,
131876,,,,,,,,,1.153634,2.609736,,,54.416016,74.220345,0.323668,0.405485,,,,0.529846,1.089903,1.846013,,,,,,
131885,0.529501,1.090692,1.837972,0.476353,1.109339,1.785972,1.062898,3.675608,,,66.641571,84.050880,,,,,0.032017,0.046340,-0.052000,0.527771,1.100332,1.883616,,,,,,
131888,,,,,,,,,1.043764,2.609737,,,55.587406,74.428940,0.395434,0.445702,,,,,,,,,,,,
131896,,,,,,,,,,,,,,,,,,,,0.525462,1.110587,1.924468,,,,,,
131901,,,,,,,,,0.933894,2.609737,,,54.939384,72.970818,0.404255,0.462499,,,,,,,,,,,,
131906,,,,,,,,,1.290972,1.957303,,,58.205940,74.466675,0.373276,0.449457,,,,0.522640,1.120865,1.964660,,,,,,
131916,,,,,,,,,1.181102,1.957302,,,59.865334,75.725288,0.358038,0.438536,,,,0.519274,1.131189,2.000965,,,,,,
131926,,,,,,,,,1.208569,2.609737,,,61.261547,76.784286,0.345152,0.429400,,,,0.515311,1.141668,2.036823,,,,,,
131935,0.514822,1.142175,2.031072,0.460243,1.161556,1.952652,1.087970,3.419933,,,72.491714,86.490868,,,,,0.041608,0.040291,-0.078420,0.511070,1.151750,2.069242,,,,,,
131942,,,,,,,,,1.126167,3.262170,,,61.347237,77.130783,0.405025,0.452207,,,,,,,,,,,,
131946,,,,,,,,,1.181102,1.957302,,,62.508419,76.877777,0.395410,0.456659,,,,0.506496,1.161858,2.101562,,,,,,
131956,,,,,,,,,,,,,64.029984,78.298531,0.381887,0.444090,,,,0.501222,1.172067,2.133363,,,,,,
131959,,,,,,,,,1.290972,1.957303,,,,,,,,,,,,,,,,,,
131966,,,,,,,,,1.208569,2.609737,,,65.310226,78.949409,0.370521,0.439090,,,,0.495669,1.182335,2.164942,,,,,,
131976,,,,,,,,,1.290972,1.957303,,,66.931969,80.586143,0.355415,0.423903,,,,0.489640,1.192650,2.192984,,,,,,
131985,0.489090,1.193131,2.187597,0.435880,1.210326,2.116126,1.096998,3.272406,,,74.272011,87.705093,,,,,0.044804,0.033459,-0.071470,0.483299,1.202858,2.224067,,,,,,
131988,,,,,,,,,1.318439,1.304869,,,68.296501,81.418747,0.360768,0.428977,,,,,,,,,,,,
131996,,,,,,,,,,,,,,,,,,,,0.476377,1.213123,2.254768,,,,,,
132002,,,,,,,,,1.126167,1.957302,,,68.355530,80.485672,0.361361,0.439752,,,,,,,,,,,,
132006,,,,,,,,,,,,,69.494286,81.334213,0.350929,0.432540,,,,0.468779,1.223436,2.285127,,,,,,
132009,,,,,,,,,1.318439,2.609739,,,,,,,,,,,,,,,,,,
132016,,,,,,,,,,,,,70.452431,82.592720,0.342111,0.420978,,,,0.460945,1.233652,2.315253,,,,,,
132019,,,,,,,,,1.345907,1.957305,,,,,,,,,,,,,,,,,,
132026,,,,,,,,,1.263504,3.914606,,,70.714073,83.651627,0.340206,0.411199,,,,0.453014,1.243378,2.342553,,,,,,
132035,0.452580,1.243177,2.345952,0.404650,1.253267,2.286158,1.081742,3.299626,,,71.843880,86.054153,,,,,0.040750,0.027176,-0.059794,0.444653,1.252694,2.369675,,,,,,
132043,,,,,,,,,1.483244,-3.914604,,,75.835106,83.998047,0.263917,0.391637,,,,,,,,,,,,
132046,,,,,,,,,0.933894,6.524341,,,70.342163,82.655899,0.319146,0.405738,,,,0.435765,1.261888,2.396581,,,,,,
132057,,,,,,,,,1.290972,3.262171,,,70.621292,83.704788,0.316600,0.395719,,,,0.426456,1.271277,2.423105,,,,,,
132066,,,,,,,,,1.318439,2.609739,,,71.400696,84.587318,0.308894,0.387187,,,,0.416955,1.280334,2.452539,,,,,,
132076,,,,,,,,,1.290972,3.262171,,,71.511948,85.329880,0.307848,0.379906,,,,0.407217,1.289067,2.481924,,,,,,
132085,0.406939,1.288773,2.484181,0.368229,1.288198,2.473748,1.040438,3.538587,,,64.178696,82.907097,,,,,0.030290,0.024110,-0.010433,0.397244,1.297119,2.511182,,,,,,
132088,,,,,,,,,1.345907,1.957305,,,72.150093,85.954674,0.223220,0.341578,,,,,,,,,,,,
132096,,,,,,,,,,,,,,,,,,,,0.387343,1.305092,2.543195,,,,,,
132102,,,,,,,,,1.071232,3.262170,,,70.508858,84.302200,0.238367,0.357824,,,,,,,,,,,,
132106,,,,,,,,,1.181102,3.262171,,,69.672462,84.000900,0.245632,0.360618,,,,0.376729,1.312794,2.572011,,,,,,
132116,,,,,,,,,1.263504,3.914606,,,69.513268,84.291924,0.246157,0.357431,,,,0.366089,1.320252,2.600829,,,,,,
132126,,,,,,,,,1.208569,2.609737,,,68.834778,84.536797,0.252011,0.354656,,,,0.355204,1.327358,2.635126,,,,,,
132135,0.355334,1.326945,2.633396,0.328428,1.313378,2.689281,0.978627,4.001602,,,53.182468,78.463570,,,,,0.016904,0.024945,0.055884,0.344149,1.334051,2.672153,,,,,,
132138,,,,,,,,,1.181102,4.567039,,,68.263893,84.742828,0.144741,0.306905,,,,,,,,,,,,
132147,,,,,,,,,1.236037,4.567040,,,67.239006,84.916183,0.152179,0.303881,,,,0.332825,1.340252,2.708988,,,,,,
132156,,,,,,,,,,,,,,,,,,,,0.321403,1.345903,2.748316,,,,,,
132162,,,,,,,,,0.878959,3.914604,,,64.198494,82.339333,0.180380,0.328874,,,,,,,,,,,,
132166,,,,,,,,,1.126167,3.262170,,,63.818382,81.804794,0.182054,0.333551,,,,0.309958,1.351345,2.793316,,,,,,
132176,,,,,,,,,1.098699,5.219474,,,61.864925,81.899582,0.199852,0.331916,,,,0.298155,1.356199,2.840672,,,,,,
132185,0.298676,1.355463,2.845157,0.287075,1.327651,2.937177,0.908898,4.637468,,,42.131527,72.671028,,,,,0.002971,0.029988,0.092020,0.286444,1.360610,2.890587,,,,,,
132188,,,,,,,,,1.071232,7.176776,,,60.221287,81.979332,0.102162,0.271332,,,,,,,,,,,,
132196,,,,,,,,,,,,,,,,,,,,0.274287,1.364313,2.942896,,,,,,
132202,,,,,,,,,0.851492,4.567039,,,57.204700,79.868263,0.129313,0.291003,,,,,,,,,,,,
132206,,,,,,,,,0.988829,5.219473,,,55.755630,78.636551,0.141079,0.302127,,,,0.262730,1.367348,2.995348,,,,,,
132216,,,,,,,,,0.906427,7.176775,,,52.902756,78.144730,0.167453,0.305950,,,,0.252361,1.369903,3.051049,,,,,,
132226,,,,,,,,,1.016297,5.871907,,,51.591434,78.275459,0.178674,0.303522,,,,0.242569,1.371799,3.109564,,,,,,
132235,0.243062,1.371075,3.111988,0.245865,1.330585,-3.075433,0.848667,5.248053,,,34.761311,68.585960,,,,,-0.004000,0.040389,0.095764,0.232664,1.373526,-3.115376,,,,,,
132238,,,,,,,,,0.933894,6.524341,,,50.488087,77.840912,0.112860,0.265166,,,,,,,,,,,,
132246,,,,,,,,,,,,,48.470646,77.475281,0.130293,0.267045,,,,0.222849,1.374444,-3.051531,,,,,,
132249,,,,,,,,,0.906427,5.871908,,,,,,,,,,0.222849,1.374444,-3.051531,,,,,,
132256,,,,,,,,,,,,,,,,,,,,0.212795,1.374871,-2.990502,,,,,,
132262,,,,,,,,,0.714154,5.219474,,,46.228626,74.444923,0.150420,0.296176,,,,,,,,,,,,
132266,,,,,,,,,0.878959,5.219473,,,45.431278,73.528816,0.156259,0.304349,,,,0.203080,1.374621,-2.923637,,,,,,
132276,,,,,,,,,0.824024,6.524341,,,43.671303,72.758003,0.172077,0.311223,,,,0.193723,1.373760,-2.864946,,,,,,
132285,0.194436,1.373081,-2.863295,0.206260,1.322501,-2.808030,0.814331,5.483375,,,35.013081,68.043915,,,,,0.002526,0.051882,0.055265,0.184976,1.372608,-2.800394,,,,,,
132288,,,,,,,,,0.878959,6.524343,,,42.735004,72.653984,0.182413,0.305920,,,,,,,,,,,,
132296,,,,,,,,,0.851492,5.871908,,,41.947201,72.021919,0.188904,0.311445,,,,0.176413,1.371098,-2.735360,,,,,,
132306,,,,,,,,,0.906427,7.176775,,,41.284344,72.034645,0.194279,0.310520,,,,0.168512,1.368880,-2.667264,,,,,,
132316,,,,,,,,,,,,,,,,,,,,0.160869,1.365942,-2.604219,,,,,,
132321,,,,,,,,,0.659220,3.914604,,,39.637531,69.322632,0.209822,0.337384,,,,,,,,,,,,
132326,,,,,,,,,0.933894,5.219474,,,40.430077,69.763458,0.200813,0.332632,,,,0.153771,1.362867,-2.537883,,,,,,
132335,0.153595,1.362149,-2.543312,0.169422,1.304445,-2.571661,0.812444,5.112545,,,42.768658,69.671005,,,,,0.019422,0.056596,-0.028349,0.147021,1.359569,-2.476532,,,,,,
132338,,,,,,,,,0.933894,6.524341,,,40.007835,70.134369,0.283143,0.345101,,,,,,,,,,,,
132346,,,,,,,,,0.851492,5.871908,,,40.197105,70.446457,0.281765,0.341825,,,,0.140535,1.355815,-2.414656,,,,,,
132356,,,,,,,,,,,,,,,,,,,,0.134681,1.351951,-2.351938,,,,,,
132362,,,,,,,,,0.824024,3.914605,,,44.168159,73.976303,0.241775,0.305666,,,,,,,,,,,,
132366,,,,,,,,,0.988829,3.914606,,,41.519428,68.778168,0.268512,0.357826,,,,0.128975,1.347788,-2.294267,,,,,,
132376,,,,,,,,,0.933894,2.609737,,,42.558044,68.216263,0.258168,0.363736,,,,0.122519,1.342448,-2.236260,,,,,,
132385,0.122072,1.341646,-2.251090,0.136178,1.278098,-2.379966,0.834896,4.296208,,,54.559200,71.734825,,,,,0.040529,0.050939,-0.128876,0.115911,1.336315,-2.183792,,,,,,
132388,,,,,,,,,0.906427,5.871908,,,42.887394,68.288017,0.375114,0.384346,,,,,,,,,,,,
132396,,,,,,,,,0.906427,3.262171,,,43.709053,68.348396,0.369067,0.384419,,,,0.110104,1.330278,-2.130382,,,,,,
132406,,,,,,,,,1.071232,3.262170,,,46.034027,68.943741,0.347523,0.379024,,,,0.104717,1.323383,-2.082613,,,,,,
132416,,,,,,,,,,,,,,,,,,,,0.099860,1.316699,-2.033983,,,,,,
132421,,,,,,,,,1.345907,1.957305,,,51.257519,72.711922,0.295948,0.341147,,,,,,,,,,,,
132426,,,,,,,,,0.741622,1.957302,,,49.662586,68.803406,0.312877,0.380818,,,,0.094726,1.308924,-1.988178,,,,,,
132435,0.095216,1.309134,-2.002037,0.106997,1.245586,-2.231755,0.864024,3.379017,,,64.247299,70.621849,,,,,0.052806,0.037266,-0.229718,0.090147,1.300703,-1.951687,,,,,,
132438,,,,,,,,,0.961362,1.957303,,,50.498783,68.782043,0.404145,0.370270,,,,,,,,,,,,
132446,,,,,,,,,1.071232,1.957303,,,52.291447,69.308609,0.388610,0.365267,,,,0.085586,1.292585,-1.914699,,,,,,
132456,,,,,,,,,1.098699,1.304869,,,54.344337,69.751663,0.370062,0.361010,,,,0.081826,1.284014,-1.877256,,,,,,
132466,,,,,,,,,1.071232,-0.652434,,,56.071640,69.035362,0.354424,0.368491,,,,0.077924,1.275162,-1.846169,,,,,,
132476,,,,,,,,,,,,,,,,,,,,0.074250,1.265534,-1.818346,,,,,,
132481,,,,,,,,,1.071232,7.176776,,,55.346817,71.699928,0.363452,0.341630,,,,,,,,,,,,
132485,0.074829,1.264855,-1.803677,0.082056,1.209304,-2.119454,0.881852,2.576480,,,68.714981,65.532021,,,,,0.052384,0.019852,-0.315776,0.071109,1.255900,-1.800747,,,,,,
132488,,,,,,,,,0.988829,-5.219473,,,58.548756,67.951912,0.378143,0.327727,,,,,,,,,,,,
132496,,,,,,,,,1.153634,0.000000,,,60.153778,68.610138,0.363805,0.320530,,,,0.068474,1.246278,-1.782973,,,,,,
132508,,,,,,,,,1.098699,0.000000,,,62.048790,68.619423,0.346188,0.319819,,,,,,,,,,,,
132516,,,,,,,,,,,,,,,,,,,,0.064156,1.225792,-1.761465,,,,,,
132523,,,,,,,,,0.878959,0.000000,,,60.920536,66.449066,0.359029,0.341339,,,,,,,,,,,,
132526,,,,,,,,,1.016297,0.652434,,,61.060310,66.256554,0.359163,0.343120,,,,0.061965,1.215327,-1.757913,,,,,,
132535,0.062132,1.215318,-1.759022,0.061268,1.171667,-2.034837,0.875652,1.943975,,,67.078506,62.451813,,,,,0.043042,0.007319,-0.275815,0.060111,1.204011,-1.761568,,,,,,
132538,,,,,,,,,1.153634,-1.304868,,,62.811546,66.639122,0.326139,0.307654,,,,,,,,,,,,
132546,,,,,,,,,1.126167,-0.652435,,,64.285034,66.961014,0.311963,0.303534,,,,0.058336,1.193268,-1.765154,,,,,,
132556,,,,,,,,,1.071232,-0.652434,,,65.524826,66.687309,0.299875,0.305424,,,,0.056735,1.182439,-1.768625,,,,,,
132566,,,,,,,,,1.126167,-0.652435,,,66.567986,66.457016,0.289546,0.306925,,,,0.054737,1.171075,-1.779450,,,,,,
132576,,,,,,,,,,,,,,,,,,,,0.052751,1.159946,-1.786606,,,,,,
132581,,,,,,,,,0.878959,-1.304869,,,65.267532,64.629616,0.302913,0.324764,,,,,,,,,,,,
132585,0.052741,1.160992,-1.789758,0.044375,1.134946,-1.971238,0.839396,1.462731,,,60.230362,58.294342,,,,,0.027241,-0.002509,-0.181480,0.050747,1.148673,-1.797271,,,,,,
132588,,,,,,,,,1.181102,-0.652433,,,66.896042,65.814758,0.216813,0.269834,,,,,,,,,,,,
132596,,,,,,,,,1.098699,-1.304869,,,67.177185,65.722847,0.212612,0.269267,,,,0.048553,1.137342,-1.807871,,,,,,
132606,,,,,,,,,1.071232,0.652434,,,66.869194,65.645515,0.214364,0.268570,,,,0.046427,1.126436,-1.818419,,,,,,
132616,,,,,,,,,1.016297,-0.652434,,,66.610054,65.580452,0.215680,0.267764,,,,0.044055,1.115854,-1.825406,,,,,,
132626,,,,,,,,,1.016297,-0.652434,,,66.392014,64.981163,0.216628,0.272419,,,,0.041587,1.105020,-1.828889,,,,,,
132635,0.041528,1.105571,-1.828336,0.031000,1.101064,-1.923650,0.772950,1.097803,,,49.614285,50.525597,,,,,0.007039,-0.009032,-0.095315,,,,,,,,,
132642,,,,,,,,,1.181102,-4.567039,,,70.020355,64.476921,0.070103,0.196984,,,,0.038883,1.094001,-1.825409,,,,,,
132646,,,,,,,,,0.824024,6.524341,,,64.360550,65.141739,0.123751,0.187412,,,,0.036398,1.083523,-1.825420,,,,,,
132656,,,,,,,,,0.906427,1.957303,,,62.321106,64.067482,0.141604,0.195447,,,,0.033764,1.072706,-1.818314,,,,,,
132667,,,,,,,,,0.878959,0.000000,,,60.605118,63.163605,0.156566,0.201958,,,,0.031506,1.061874,-1.814692,,,,,,
132676,,,,,,,,,,,,,,,,,,,,0.029090,1.051134,-1.803592,,,,,,
132681,,,,,,,,,0.659220,1.304869,,,57.527657,60.224911,0.185758,0.229405,,,,,,,,,,,,
132685,0.029509,1.053008,-1.800193,0.020702,1.071468,-1.888400,0.680839,0.818213,,,37.772400,38.016094,,,,,-0.015974,-0.012774,-0.088207,0.026722,1.040316,-1.791967,,,,,,
132688,,,,,,,,,0.988829,1.304868,,,57.660999,61.019554,0.062028,0.091763,,,,,,,,,,,,
132696,,,,,,,,,0.659220,1.304869,,,54.505932,58.420906,0.090232,0.113668,,,,0.024849,1.030970,-1.784467,,,,,,
132706,,,,,,,,,0.659220,1.304869,,,51.851257,55.689861,0.113963,0.137444,,,,0.023314,1.023479,-1.771621,,,,,,
132716,,,,,,,,,0.741622,0.652433,,,50.706703,54.481045,0.122822,0.146239,,,,0.021660,1.014841,-1.760642,,,,,,
132726,,,,,,,,,0.686687,0.652435,,,48.654587,52.919407,0.141166,0.158875,,,,0.020186,1.007490,-1.753611,,,,,,
132735,0.020362,1.008493,-1.754781,0.013037,1.047088,-1.862813,0.570633,0.600874,,,25.651958,24.671679,,,,,-0.036604,-0.014262,-0.108032,0.018811,0.999726,-1.746305,,,,,,
132742,,,,,,,,,0.576817,0.652434,,,46.927937,54.328159,0.032973,0.005412,,,,,,,,,,,,
132746,,,,,,,,,0.659220,0.000000,,,46.019680,48.978966,0.037982,0.054042,,,,0.017532,0.992475,-1.735256,,,,,,
132757,,,,,,,,,0.521882,0.652434,,,43.621841,46.656326,0.058367,0.072872,,,,0.016328,0.985623,-1.731148,,,,,,
132766,,,,,,,,,0.466947,0.652434,,,41.059757,43.612972,0.080906,0.099517,,,,0.015243,0.979463,-1.724233,,,,,,
132776,,,,,,,,,0.494415,0.000000,,,39.448563,42.141380,0.094259,0.110739,,,,0.014506,0.973127,-1.723893,,,,,,
132785,0.014622,0.974054,-1.726484,0.007558,1.028240,-1.844800,0.451439,0.429813,,,13.931552,12.609076,,,,,-0.052435,-0.015381,-0.118316,0.013647,0.968053,-1.720159,,,,,,
132788,,,,,,,,,0.439480,0.000000,,,37.548363,39.814098,-0.008667,0.007945,,,,,,,,,,,,
132796,,,,,,,,,,,,,,,,,,,,0.012960,0.963622,-1.720711,,,,,,
132801,,,,,,,,,0.357077,0.652434,,,37.038620,38.945007,-0.008191,0.011369,,,,,,,,,,,,
132806,,,,,,,,,0.384545,0.000000,,,32.797920,34.946495,0.030443,0.046886,,,,0.012334,0.959266,-1.716961,,,,,,
132816,,,,,,,,,0.274675,0.000000,,,30.318882,32.126694,0.051956,0.071181,,,,0.011782,0.954842,-1.716590,,,,,,
132826,,,,,,,,,0.247207,0.652434,,,27.688477,29.754112,0.075509,0.091478,,,,0.011438,0.951161,-1.720021,,,,,,
132835,0.011559,0.952055,-1.717826,0.003901,1.014922,-1.832883,0.332751,0.294373,,,4.004168,2.964561,,,,,-0.061067,-0.016785,-0.115057,0.011066,0.948550,-1.716926,,,,,,
132842,,,,,,,,,0.302142,-1.957302,,,27.108883,27.213280,-0.022590,0.015591,,,,,,,,,,,,
132846,,,,,,,,,0.219740,1.304868,,,23.898497,25.619967,0.005535,0.026993,,,,0.010784,0.946131,-1.716870,,,,,,
132856,,,,,,,,,0.164805,0.000000,,,22.286366,23.190266,0.018000,0.047245,,,,0.010436,0.944198,-1.713752,,,,,,
132866,,,,,,,,,0.137337,0.652434,,,19.840832,21.145916,0.039288,0.064052,,,,0.010187,0.941950,-1.717254,,,,,,
132876,,,,,,,,,0.109870,0.000000,,,17.783159,18.881258,0.057108,0.083515,,,,0.010004,0.939764,-1.717041,,,,,,
132885,0.010067,0.940339,-1.717107,0.001663,1.006456,-1.825625,0.223227,0.187888,,,-3.850136,-4.514666,,,,,-0.064185,-0.017953,-0.108518,0.009722,0.937833,-1.716378,,,,,,
132888,,,,,,,,,0.137337,0.652434,,,16.051834,17.520317,-0.008102,0.017926,,,,,,,,,,,,
132896,,,,,,,,,,,,,,,,,,,,0.009619,0.937089,-1.713099,,,,,,
132901,,,,,,,,,0.082402,-0.652434,,,14.595098,15.286136,0.002777,0.036307,,,,,,,,,,,,
132906,,,,,,,,,0.082402,0.652434,,,12.824856,13.950839,0.017144,0.045967,,,,0.009549,0.936366,-1.709539,,,,,,
132916,,,,,,,,,0.027467,0.652434,,,10.790832,12.282777,0.034556,0.059288,,,,0.009426,0.935804,-1.706110,,,,,,
132926,,,,,,,,,-0.000000,0.000000,,,9.079404,10.334726,0.049084,0.075799,,,,0.009401,0.935144,-1.705877,,,,,,
132935,0.009457,0.935580,-1.706820,0.000499,1.001951,-1.821857,0.130292,0.106338,,,-9.834089,-10.292456,,,,,-0.064543,-0.017876,-0.115037,0.009355,0.935089,-1.698580,,,,,,
132942,,,,,,,,,0.027467,0.652434,,,7.639409,9.240181,0.000150,0.025060,,,,,,,,,,,,
132946,,,,,,,,,-0.000000,0.000000,,,6.427798,7.774687,0.009014,0.036101,,,,0.009347,0.935334,-1.694993,,,,,,
132956,,,,,,,,,-0.000000,0.000000,,,5.408348,6.541620,0.016160,0.045065,,,,0.009412,0.935706,-1.695374,,,,,,
132966,,,,,,,,,-0.000000,0.000000,,,4.550583,5.504118,0.021861,0.052281,,,,0.009439,0.936125,-1.695446,,,,,,
132976,,,,,,,,,-0.000000,0.000000,,,3.828860,4.631165,0.026345,0.058026,,,,0.009511,0.936621,-1.695633,,,,,,
132985,0.009506,0.936533,-1.696571,0.000061,1.000240,-1.820443,0.059594,0.047859,,,-13.623744,-13.869538,,,,,-0.062019,-0.017362,-0.123871,0.009629,0.937222,-1.695823,,,,,,
132988,,,,,,,,,-0.000000,0.000000,,,3.221602,3.896661,-0.008848,0.026047,,,,,,,,,,,,
132996,,,,,,,,,,,,,,,,,,,,0.009659,0.937850,-1.695881,,,,,,
133001,,,,,,,,,-0.000000,0.000000,,,2.710656,3.278650,-0.007005,0.028797,,,,,,,,,,,,
133006,,,,,,,,,-0.000000,0.000000,,,2.280746,2.758656,-0.005887,0.030671,,,,0.009691,0.938654,-1.696054,,,,,,
133016,,,,,,,,,,,,,1.919019,2.321133,-0.005378,0.031809,,,,0.009797,0.939422,-1.696106,,,,,,
133019,,,,,,,,,-0.000000,0.000000,,,,,,,,,,,,,,,,,,
133026,,,,,,,,,-0.000000,0.000000,,,1.614662,1.953001,-0.005382,0.032325,,,,0.009838,0.940306,-1.696134,,,,,,
133035,0.009810,0.939989,-1.696170,0.000000,1.000000,-1.820245,0.015251,0.012174,,,-15.422951,-15.486376,,,,,-0.058313,-0.017237,-0.124074,0.009895,0.941256,-1.696017,,,,,,
133038,,,,,,,,,-0.000000,0.000000,,,1.358577,1.643255,-0.024170,0.015828,,,,,,,,,,,,
133046,,,,,,,,,-0.000000,0.000000,,,1.143106,1.382634,-0.025328,0.015061,,,,0.009929,0.941341,-1.696084,,,,,,
133057,,,,,,,,,,,,,,,,,,,,0.009975,0.941243,-1.696125,,,,,,
133062,,,,,,,,,-0.000000,0.000000,,,0.961809,1.163348,-0.026792,0.013924,,,,,,,,,,,,
133066,,,,,,,,,-0.000000,0.000000,,,0.809266,0.978841,-0.028513,0.012476,,,,0.010001,0.941257,-1.696138,,,,,,
133076,,,,,,,,,-0.000000,0.000000,,,0.680917,0.823597,-0.030451,0.010766,,,,0.010002,0.941251,-1.699833,,,,,,
133085,0.009985,0.941145,-1.699525,0.000000,1.000000,-1.820245,0.015251,0.012174,,,-15.079001,-15.139325,,,,,-0.057086,-0.017458,-0.120720,0.010000,0.941595,-1.696125,,,,,,
133088,,,,,,,,,-0.000000,0.000000,,,0.572923,0.692974,-0.029062,0.012377,,,,,,,,,,,,
