ts,x,y,yaw,x_des,y_des,yaw_des,v_ff,w_ff,v_actual,w_actual,omega_l_cmd,omega_r_cmd,omega_l_meas,omega_r_meas,duty_l,duty_r,x_err,y_err,yaw_err,x_raw,y_raw,yaw_raw,acc_x,acc_y,acc_z,gyro_x,gyro_y,gyro_z
206917,,,,,,,,,,,,,,,,,,,,0.030183,-1.122288,-2.444080,,,,,,
206921,,,,,,,,,-0.000000,0.000000,,,0.000000,0.000000,0.000000,0.000000,,,,,,,,,,,,
206927,,,,,,,,,,,,,,,,,,,,0.030182,-1.122290,-2.444080,,,,,,
206931,,,,,,,,,-0.000000,0.000000,,,0.000000,0.000000,0.000000,0.000000,,,,,,,,,,,,
206937,,,,,,,,,,,,,,,,,,,,0.030181,-1.122290,-2.444080,,,,,,
206941,,,,,,,,,-0.000000,0.000000,,,0.000000,0.000000,0.000000,0.000000,,,,,,,,,,,,
206947,,,,,,,,,,,,,,,,,,,,0.030186,-1.122291,-2.444080,,,,,,
206951,,,,,,,,,-0.000000,0.000000,,,0.000000,0.000000,0.000000,0.000000,,,,,,,,,,,,
206957,,,,,,,,,,,,,,,,,,,,0.030187,-1.122290,-2.444080,,,,,,
206961,,,,,,,,,-0.000000,0.000000,,,0.000000,0.000000,0.000000,0.000000,,,,,,,,,,,,
206964,0.030187,-1.122290,-2.444080,0.001110,-1.002185,-1.100233,0.018589,0.008938,,,-15.730667,-14.604830,,,,,-0.054859,-0.110730,1.343848,,,,,,,,,
206967,,,,,,,,,,,,,,,,,,,,0.030184,-1.122286,-2.444080,,,,,,
206972,,,,,,,,,-0.000000,0.000000,,,0.000000,0.000000,-0.160453,-0.148969,,,,,,,,,,,,
206977,,,,,,,,,,,,,,,,,,,,0.030182,-1.122290,-2.444080,,,,,,
206981,,,,,,,,,-0.027467,0.652434,,,-0.544543,0.000000,-0.158045,-0.151890,,,,,,,,,,,,
206987,,,,,,,,,,,,,,,,,,,,0.030183,-1.122284,-2.444080,,,,,,
206992,,,,,,,,,-0.109870,0.000000,,,-1.547265,-1.089086,-0.150854,-0.143703,,,,,,,,,,,,
206997,,,,,,,,,,,,,,,,,,,,0.030157,-1.122277,-2.441135,,,,,,
207002,,,,,,,,,-0.027467,0.652434,,,-1.846412,-0.916357,-0.150639,-0.148167,,,,,,,,,,,,
207007,,,,,,,,,,,,,,,,,,,,0.030037,-1.122317,-2.435297,,,,,,
207011,,,,,,,,,-0.082402,0.652434,,,-2.642657,-1.315566,-0.145295,-0.146833,,,,,,,,,,,,
207014,0.030310,-1.122091,-2.433310,0.003684,-1.007228,-1.097477,0.072641,0.035112,,,-16.474281,-12.068088,,,,,-0.054500,-0.104557,1.335833,,,,,,,,,
207017,,,,,,,,,,,,,,,,,,,,0.029924,-1.122333,-2.426481,,,,,,
207022,,,,,,,,,-0.082402,0.652434,,,-3.312618,-1.651460,-0.148663,-0.120190,,,,,,,,,,,,
207027,,,,,,,,,,,,,,,,,,,,0.029862,-1.122394,-2.420593,,,,,,
207033,,,,,,,,,-0.082402,0.652434,,,-3.876323,-1.934082,-0.145546,-0.119391,,,,,,,,,,,,
207038,,,,,,,,,,,,,,,,,,,,0.029720,-1.122525,-2.414395,,,,,,
207042,,,,,,,,,-0.137337,1.957303,,,-4.895167,-2.171879,-0.137673,-0.118992,,,,,,,,,,,,
207047,,,,,,,,,,,,,,,,,,,,0.029653,-1.122580,-2.402399,,,,,,
207052,,,,,,,,,-0.082402,0.652434,,,-5.752422,-2.371962,-0.131245,-0.118930,,,,,,,,,,,,
207057,,,,,,,,,,,,,,,,,,,,0.029636,-1.122622,-2.387497,,,,,,
207062,0.030033,-1.122267,-2.385867,0.008576,-1.016719,-1.092169,0.158836,0.077881,-0.109870,1.304868,,,-6.473717,-2.540312,-0.126032,-0.119153,,,,,,,,,,,,
207065,,,,,,,,,,,-18.050207,-8.451547,,,,,-0.056770,-0.091531,1.293697,0.029931,-1.122177,-2.378455,,,,,,
207072,,,,,,,,,-0.054935,1.304868,,,-6.536071,-2.137418,-0.143471,-0.088279,,,,,,,,,,,,
207077,,,,,,,,,,,,,,,,,,,,0.030861,-1.121234,-2.363732,,,,,,
207081,,,,,,,,,-0.054935,1.304868,,,-6.588536,-1.798423,-0.145239,-0.092999,,,,,,,,,,,,
207087,,,,,,,,,,,,,,,,,,,,0.031719,-1.120453,-2.351857,,,,,,
207093,,,,,,,,,-0.027467,0.652434,,,-6.088136,-1.513193,-0.152635,-0.097239,,,,,,,,,,,,
207097,,,,,,,,,,,,,,,,,,,,0.032623,-1.119454,-2.336898,,,,,,
207102,,,,,,,,,-0.109870,2.609737,,,-7.300730,-1.273201,-0.142659,-0.101075,,,,,,,,,,,,
207107,,,,,,,,,,,,,,,,,,,,0.033462,-1.118544,-2.321740,,,,,,
207111,,,,,,,,,-0.082402,1.957303,,,-7.776463,-1.071271,-0.139956,-0.104570,,,,,,,,,,,,
207114,0.033415,-1.118608,-2.318908,0.016425,-1.031687,-1.083463,0.272347,0.137231,,,-17.239820,-0.892544,,,,,-0.052153,-0.071582,1.235445,,,,,,,,,
207117,,,,,,,,,,,,,,,,,,,,0.034301,-1.117445,-2.300618,,,,,,
207122,,,,,,,,,-0.109870,1.304868,,,-8.176744,-1.445910,-0.129662,-0.025123,,,,,,,,,,,,
207127,,,,,,,,,,,,,,,,,,,,0.035052,-1.116471,-2.285385,,,,,,
207131,,,,,,,,,-0.082402,1.957303,,,-8.513541,-1.216589,-0.128040,-0.027352,,,,,,,,,,,,
207137,,,,,,,,,,,,,,,,,,,,0.035922,-1.115339,-2.261064,,,,,,
207141,,,,,,,,,-0.082402,1.957303,,,-8.796922,-1.023638,-0.126894,-0.029255,,,,,,,,,,,,
207147,,,,,,,,,,,,,,,,,,,,0.036669,-1.114283,-2.242738,,,,,,
207152,,,,,,,,,-0.054935,1.304868,,,-8.490815,-0.861288,-0.131705,-0.030885,,,,,,,,,,,,
207157,,,,,,,,,,,,,,,,,,,,0.037506,-1.113062,-2.221142,,,,,,
207162,0.037522,-1.113076,-2.215658,0.027771,-1.052766,-1.070437,0.406428,0.214064,-0.137337,3.262171,,,-9.866887,-0.724688,-0.119419,-0.032284,,,,,,,,,,,,
207165,,,,,,,,,,,-13.389461,10.548402,,,,,-0.042338,-0.044044,1.145221,0.038372,-1.111807,-2.199471,,,,,,
207172,,,,,,,,,-0.082402,1.957303,,,-9.935627,-0.609752,-0.080919,0.083207,,,,,,,,,,,,
207177,,,,,,,,,,,,,,,,,,,,0.039167,-1.110470,-2.177652,,,,,,
207182,,,,,,,,,-0.054935,1.304868,,,-9.448921,-0.513046,-0.086574,0.084453,,,,,,,,,,,,
207187,,,,,,,,,,,,,,,,,,,,0.039934,-1.109153,-2.155720,,,,,,
207193,,,,,,,,,-0.054935,1.304868,,,-9.583951,-0.431677,-0.085985,0.085835,,,,,,,,,,,,
207197,,,,,,,,,,,,,,,,,,,,0.040481,-1.108113,-2.133670,,,,,,
207202,,,,,,,,,-0.109870,2.609737,,,-9.697565,-0.363213,-0.085587,0.087333,,,,,,,,,,,,
207207,,,,,,,,,,,,,,,,,,,,0.040857,-1.107391,-2.114679,,,,,,
207211,,,,,,,,,-0.082402,1.957303,,,-9.793159,-0.305607,-0.085350,0.088927,,,,,,,,,,,,
207214,0.040771,-1.107582,-2.114940,0.043043,-1.080105,-1.052024,0.552327,0.310504,,,-6.102767,25.793961,,,,,-0.024685,-0.012280,1.062916,,,,,,,,,
207217,,,,,,,,,,,,,,,,,,,,0.041226,-1.106666,-2.101944,,,,,,
207222,,,,,,,,,-0.054935,1.304868,,,-9.329049,-0.257138,-0.016479,0.246109,,,,,,,,,,,,
207227,,,,,,,,,,,,,,,,,,,,0.041504,-1.106008,-2.085961,,,,,,
207232,,,,,,,,,0.000000,2.609737,,,-8.938547,0.328188,-0.019817,0.245348,,,,,,,,,,,,
207237,,,,,,,,,,,,,,,,,,,,0.041934,-1.105135,-2.069896,,,,,,
207241,,,,,,,,,0.000000,1.304868,,,-8.065435,0.820680,-0.028156,0.245418,,,,,,,,,,,,
207247,,,,,,,,,,,,,,,,,,,,0.042139,-1.104551,-2.053733,,,,,,
207252,,,,,,,,,0.027467,1.957303,,,-7.330800,2.324150,-0.035257,0.235077,,,,,,,,,,,,
207257,,,,,,,,,,,,,,,,,,,,0.042076,-1.104602,-2.040756,,,,,,
207261,,,,,,,,,0.000000,1.304868,,,-6.712677,2.500082,-0.041316,0.237977,,,,,,,,,,,,
207264,0.041966,-1.104852,-2.041506,0.062527,-1.113278,-1.026915,0.699567,0.430324,,,2.437517,42.709808,,,,,-0.001816,0.022146,1.014591,,,,,,,,,
207267,,,,,,,,,,,,,,,,,,,,0.041805,-1.104992,-2.024506,,,,,,
207272,,,,,,,,,0.082402,1.957303,,,-5.648046,3.737199,0.035058,0.402559,,,,,,,,,,,,
207277,,,,,,,,,,,,,,,,,,,,0.041521,-1.105433,-2.004860,,,,,,
207281,,,,,,,,,0.137337,3.262171,,,-4.752265,5.867195,0.027538,0.388627,,,,,,,,,,,,
207287,,,,,,,,,,,,,,,,,,,,0.041232,-1.105940,-1.988394,,,,,,
207292,,,,,,,,,0.219740,5.219473,,,-3.998555,9.293002,0.021288,0.361053,,,,,,,,,,,,
207297,,,,,,,,,,,,,,,,,,,,0.040775,-1.106788,-1.965192,,,,,,
207301,,,,,,,,,0.247207,5.871908,,,-3.364384,12.720019,0.016107,0.332780,,,,,,,,,,,,
207312,0.040160,-1.108239,-1.933414,,,,,,0.137337,3.262171,,,-2.830792,15.603512,0.011825,0.309367,,,,0.040236,-1.107969,-1.938454,,,,,,
207315,,,,0.086343,-1.151248,-0.993420,0.836602,0.579593,,,13.912016,61.170002,,,,,0.023830,0.058436,0.939994,0.039585,-1.109307,-1.901273,,,,,,
207322,,,,,,,,,0.302142,7.176775,,,-2.381828,16.940596,0.125339,0.489444,,,,,,,,,,,,
207327,,,,,,,,,,,,,,,,,,,,0.038900,-1.110888,-1.853238,,,,,,
207332,,,,,,,,,0.302142,7.176775,,,-2.004070,20.243790,0.124744,0.464597,,,,,,,,,,,,
207337,,,,,,,,,,,,,,,,,,,,0.038133,-1.112800,-1.804316,,,,,,
207341,,,,,,,,,0.384545,9.134078,,,-1.686224,24.656727,0.124685,0.427770,,,,,,,,,,,,
207347,,,,,,,,,,,,,,,,,,,,0.037436,-1.115027,-1.754426,,,,,,
207352,,,,,,,,,0.247207,5.871908,,,-1.418789,25.647057,0.125077,0.424972,,,,,,,,,,,,
207357,,,,,,,,,,,,,,,,,,,,0.036784,-1.117604,-1.696118,,,,,,
207362,0.036954,-1.119584,-1.655809,0.114420,-1.192397,-0.949265,0.951825,0.767687,0.659219,14.353551,,,-0.649225,34.103924,0.120294,0.345816,,,,,,,,,,,,
207365,,,,,,,,,,,41.018837,86.586830,,,,,0.065973,0.083369,0.706544,0.036114,-1.120525,-1.628675,,,,,,
207371,,,,,,,,,0.412012,9.786511,,,-0.546258,36.863186,0.398645,0.582336,,,,,,,,,,,,
207377,,,,,,,,,,,,,,,,,,,,0.035557,-1.123563,-1.555262,,,,,,
207382,,,,,,,,,0.521882,8.481645,,,1.174008,39.729370,0.389412,0.563046,,,,,,,,,,,,
207387,,,,,,,,,,,,,,,,,,,,0.035272,-1.127172,-1.471633,,,,,,
207392,,,,,,,,,0.796557,7.176775,,,5.888700,44.319153,0.349291,0.525602,,,,,,,,,,,,
207397,,,,,,,,,,,,,,,,,,,,0.035089,-1.130855,-1.387267,,,,,,
207401,,,,,,,,,0.988829,7.829210,,,11.489269,50.359165,0.299191,0.472447,,,,,,,,,,,,
207407,,,,,,,,,,,,,,,,,,,,0.035011,-1.135125,-1.305813,,,,,,
207412,0.034987,-1.137044,-1.335189,0.146463,-1.234600,-0.891288,1.034848,1.008905,0.769089,0.000000,,,17.290674,49.995800,0.245923,0.483399,,,,,,,,,,,,
207415,,,,,,,,,,,74.321472,110.494461,,,,,0.120883,0.085623,0.443901,0.035222,-1.139832,-1.223474,,,,,,
207422,,,,,,,,,1.071232,12.396250,,,19.993803,57.313667,0.562783,0.659933,,,,,,,,,,,,
207427,,,,,,,,,,,,,,,,,,,,0.035720,-1.144767,-1.140127,,,,,,
207432,,,,,,,,,1.071232,5.871908,,,24.990931,61.292747,0.522678,0.629982,,,,,,,,,,,,
207437,,,,,,,,,,,,,,,,,,,,0.036699,-1.149820,-1.052500,,,,,,
207441,,,,,,,,,1.373374,5.219473,,,32.462776,67.363464,0.456331,0.577901,,,,,,,,,,,,
207447,,,,,,,,,,,,,,,,,,,,0.037741,-1.155260,-0.967043,,,,,,
207451,,,,,,,,,1.538179,2.609734,,,40.927757,73.015907,0.378360,0.528873,,,,,,,,,,,,
207457,,,,,,,,,,,,,,,,,,,,0.039337,-1.161106,-0.883545,,,,,,
207462,0.040815,-1.164549,-0.910518,0.181936,-1.275383,-0.814979,1.077910,1.324995,1.373374,2.609737,,,47.505646,76.682785,0.317945,0.498966,,,,,,,,,,,,
207465,,,,,,,,,,,108.552917,123.499054,,,,,0.174094,0.043482,0.095539,0.041169,-1.167176,-0.798626,,,,,,
207472,,,,,,,,,0.769089,2.609737,,,51.406651,78.134468,0.632678,0.623568,,,,,,,,,,,,
207477,,,,,,,,,,,,,,,,,,,,0.043820,-1.173593,-0.709272,,,,,,
207481,,,,,,,,,1.785386,3.262171,,,54.688957,79.355911,0.610628,0.620182,,,,,,,,,,,,
207487,,,,,,,,,,,,,,,,,,,,0.046446,-1.179979,-0.627232,,,,,,
207492,,,,,,,,,1.538179,-1.304869,,,61.262489,82.017265,0.554351,0.601865,,,,,,,,,,,,
207497,,,,,,,,,,,,,,,,,,,,0.049695,-1.186399,-0.540545,,,,,,
207501,,,,,,,,,1.730451,-0.652434,,,68.971634,85.345612,0.485176,0.576213,,,,,,,,,,,,
207507,,,,,,,,,,,,,,,,,,,,0.053712,-1.192866,-0.446305,,,,,,
207512,0.055321,-1.193803,-0.488029,0.220044,-1.312124,-0.713813,1.077275,1.748843,1.016297,-0.652434,,,68.923584,82.156105,0.493582,0.616376,,,,,,,,,,,,
207515,,,,,,,,,,,125.621376,118.667099,,,,,0.200972,-0.027272,-0.225784,0.057980,-1.199088,-0.358756,,,,,,
207522,,,,,,,,,1.922724,0.000000,,,77.051308,88.185150,0.592703,0.513863,,,,,,,,,,,,
207527,,,,,,,,,,,,,,,,,,,,0.062690,-1.205501,-0.269123,,,,,,
207532,,,,,,,,,1.648049,-2.609737,,,82.256340,89.446182,0.549326,0.507096,,,,,,,,,,,,
207537,,,,,,,,,,,,,,,,,,,,0.068043,-1.211517,-0.174384,,,,,,
207542,,,,,,,,,1.812854,-3.914606,,,87.724945,91.596298,0.502219,0.491009,,,,,,,,,,,,
207547,,,,,,,,,,,,,,,,,,,,0.073626,-1.217662,-0.082822,,,,,,
207551,,,,,,,,,1.593114,-2.609737,,,91.781685,91.227234,0.468420,0.500188,,,,,,,,,,,,
207557,,,,,,,,,,,,,,,,,,,,0.079963,-1.223458,0.008371,,,,,,
207561,,,,,,,,,1.593114,-5.219473,,,94.650482,90.372162,0.445926,0.514398,,,,,,,,,,,,
207564,0.083565,-1.224531,-0.055263,0.259733,-1.342316,-0.578448,1.034438,2.328709,,,119.259071,95.351501,,,,,0.182405,-0.107874,-0.523185,,,,,,,,,
207567,,,,,,,,,,,,,,,,,,,,0.086373,-1.228531,0.102786,,,,,,
207573,,,,,,,,,0.933894,-1.304869,,,89.985222,85.296356,0.434810,0.334011,,,,,,,,,,,,
207577,,,,,,,,,,,,,,,,,,,,0.093141,-1.233336,0.194278,,,,,,
207581,,,,,,,,,1.648049,-2.609737,,,93.138939,86.471008,0.408497,0.324040,,,,,,,,,,,,
207587,,,,,,,,,,,,,,,,,,,,0.100587,-1.237851,0.280491,,,,,,
207592,,,,,,,,,1.263504,-5.219473,,,93.069756,83.647560,0.414427,0.354616,,,,,,,,,,,,
207597,,,,,,,,,,,,,,,,,,,,0.107925,-1.241694,0.370283,,,,,,
207602,,,,,,,,,1.263504,-3.914606,,,92.467003,81.271912,0.425813,0.381188,,,,,,,,,,,,
207607,,,,,,,,,,,,,,,,,,,,0.115512,-1.245123,0.455189,,,,,,
207611,,,,,,,,,1.208569,-3.914605,,,91.415306,78.728500,0.441898,0.409947,,,,,,,,,,,,
207614,0.117885,-1.243899,0.395852,0.299708,-1.363820,-0.396363,0.957031,3.128195,,,92.196442,60.171021,,,,,0.121521,-0.180758,-0.792215,,,,,,,,,
207617,,,,,,,,,,,,,,,,,,,,0.123106,-1.247825,0.529287,,,,,,
207622,,,,,,,,,1.236037,-3.262171,,,90.530403,76.588470,0.180454,0.076259,,,,,,,,,,,,
207627,,,,,,,,,,,,,,,,,,,,0.130702,-1.250281,0.607212,,,,,,
207632,,,,,,,,,0.604285,-2.609737,,,83.251328,69.886963,0.255034,0.141331,,,,,,,,,,,,
207637,,,,,,,,,,,,,,,,,,,,0.138138,-1.251955,0.683087,,,,,,
207641,,,,,,,,,1.098699,-3.914604,,,82.572151,68.060120,0.263751,0.158021,,,,,,,,,,,,
207647,,,,,,,,,,,,,,,,,,,,0.145676,-1.253120,0.748131,,,,,,
207652,,,,,,,,,0.714154,-2.609737,,,77.644348,62.711208,0.315939,0.211002,,,,,,,,,,,,
207657,,,,,,,,,,,,,,,,,,,,0.152620,-1.253624,0.801937,,,,,,
207661,,,,,,,,,0.631752,-1.957303,,,72.409004,58.755177,0.372250,0.250846,,,,,,,,,,,,
207664,0.152164,-1.251810,0.759600,0.338467,-1.375101,-0.154271,0.859247,4.202590,,,60.290104,33.531837,,,,,0.050188,-0.217694,-0.913871,,,,,,,,,
207667,,,,,,,,,,,,,,,,,,,,0.159228,-1.254116,0.850327,,,,,,
207672,,,,,,,,,0.631752,1.957303,,,66.370361,52.703857,0.112357,0.041133,,,,,,,,,,,,
207677,,,,,,,,,,,,,,,,,,,,0.165329,-1.253937,0.887138,,,,,,
207682,,,,,,,,,0.796557,-8.481646,,,67.279419,52.513165,0.101869,0.039244,,,,,,,,,,,,
207687,,,,,,,,,,,,,,,,,,,,0.171333,-1.253273,0.917814,,,,,,
207692,,,,,,,,,0.384545,-2.609737,,,61.509781,46.907284,0.159321,0.092627,,,,,,,,,,,,
207697,,,,,,,,,,,,,,,,,,,,0.177159,-1.251987,0.939231,,,,,,
207701,,,,,,,,,0.357077,-0.652434,,,55.566124,42.735043,0.219703,0.132509,,,,,,,,,,,,
207707,,,,,,,,,,,,,,,,,,,,0.182373,-1.250328,0.948444,,,,,,
207712,0.181123,-1.249295,0.924357,0.374365,-1.375415,0.152029,0.761264,5.501726,0.412012,-1.957303,,,51.654217,39.224518,0.260549,0.166476,,,,,,,,,,,,
207715,,,,,,,,,,,43.566757,33.439667,,,,,0.015726,-0.230220,-0.772328,0.187075,-1.248197,0.951392,,,,,,
207722,,,,,,,,,0.412012,-1.957303,,,48.362740,36.270763,0.125271,0.194525,,,,,,,,,,,,
207727,,,,,,,,,,,,,,,,,,,,0.190866,-1.245699,0.945121,,,,,,
207743,,,,,,,,,-0.000000,0.000000,,,36.529476,27.968916,0.245041,0.278678,,,,,,,,,,,,
207747,,,,,,,,,,,,,,,,,,,,0.196818,-1.240403,0.923484,,,,,,
207752,,,,,,,,,0.824024,-1.304869,,,39.448589,31.156647,0.216674,0.247257,,,,,,,,,,,,
207757,,,,,,,,,,,,,,,,,,,,0.198990,-1.237513,0.914315,,,,,,
207761,,,,,,,,,0.466947,-0.652434,,,38.092926,30.571545,0.231325,0.253682,,,,,,,,,,,,
207764,0.198694,-1.236956,0.912410,0.405699,-1.364914,0.501984,0.685912,6.682049,,,40.144848,52.784557,,,,,0.025442,-0.242027,-0.410426,,,,,,,,,
207767,,,,,,,,,,,,,,,,,,,,0.200873,-1.234647,0.911571,,,,,,
207819,0.201911,-1.233308,0.908904,0.430805,-1.344626,0.853892,0.649928,7.162419,-0.000000,0.000000,40.265594,70.591782,39.674988,33.346497,0.182611,0.604902,0.052870,-0.248976,-0.055011,,,,,,,,,
207822,,,,,,,,,0.494415,0.000000,,,16.731274,14.062496,0.427970,0.847873,,,,,,,,,,,,
207832,,,,,,,,,0.824024,2.609737,,,20.612209,21.089417,0.393091,0.787504,,,,,,,,,,,,
207837,,,,,,,,,,,,,,,,,,,,0.221377,-1.206779,0.871488,,,,,,
207842,,,,,,,,,1.153634,9.134078,,,25.511257,32.447300,0.347052,0.681555,,,,,,,,,,,,
207847,,,,,,,,,,,,,,,,,,,,0.224743,-1.202457,0.868784,,,,,,
207852,,,,,,,,,0.769089,6.524341,,,31.811489,43.637451,0.285740,0.575044,,,,,,,,,,,,
207857,,,,,,,,,,,,,,,,,,,,0.228794,-1.197320,0.862568,,,,,,
207861,,,,,,,,,1.840321,12.396250,,,34.389786,54.141930,0.261132,0.473289,,,,,,,,,,,,
207864,0.229575,-1.193230,0.918424,0.448181,-1.316350,1.177649,0.653600,6.808008,,,28.653248,69.932938,,,,,0.034873,-0.248457,0.259225,,,,,,,,,
207867,,,,,,,,,,,,,,,,,,,,0.232820,-1.192146,0.859678,,,,,,
207872,,,,,,,,,1.153634,10.438947,,,36.014622,61.891308,0.127288,0.390815,,,,,,,,,,,,
207877,,,,,,,,,,,,,,,,,,,,0.237271,-1.186765,0.856356,,,,,,
207882,,,,,,,,,1.098699,10.438947,,,36.837215,66.778008,0.117425,0.342579,,,,,,,,,,,,
207887,,,,,,,,,,,,,,,,,,,,0.242058,-1.180945,0.862629,,,,,,
207892,,,,,,,,,0.878959,6.524343,,,36.984802,68.166954,0.114283,0.329043,,,,,,,,,,,,
207897,,,,,,,,,,,,,,,,,,,,0.246907,-1.175361,0.880876,,,,,,
207901,,,,,,,,,0.741622,4.567040,,,36.564438,66.612900,0.116905,0.345247,,,,,,,,,,,,
207907,,,,,,,,,,,,,,,,,,,,0.252012,-1.169349,0.914436,,,,,,
207912,0.251167,-1.169829,0.925714,0.456602,-1.282421,1.470138,0.682542,6.139090,0.439480,2.609737,,,34.032574,61.493515,0.141147,0.398129,,,,,,,,,,,,
207915,,,,,,,,,,,21.111492,70.745674,,,,,0.033554,-0.231851,0.544424,0.256892,-1.163357,0.964130,,,,,,
207922,,,,,,,,,1.071232,8.481646,,,35.714066,65.898758,0.045994,0.363173,,,,,,,,,,,,
207927,,,,,,,,,,,,,,,,,,,,0.261532,-1.157225,1.017460,,,,,,
207932,,,,,,,,,0.769089,7.829210,,,34.406155,66.338074,0.056415,0.359662,,,,,,,,,,,,
207937,,,,,,,,,,,,,,,,,,,,0.265810,-1.150996,1.078283,,,,,,
207942,,,,,,,,,0.714154,7.829210,,,32.761135,66.163170,0.070535,0.362327,,,,,,,,,,,,
207947,,,,,,,,,,,,,,,,,,,,0.269683,-1.144628,1.156718,,,,,,
207952,,,,,,,,,0.466947,5.871908,,,29.743387,62.748745,0.098986,0.398071,,,,,,,,,,,,
207957,,,,,,,,,,,,,,,,,,,,0.273185,-1.138228,1.240624,,,,,,
207962,0.272764,-1.137229,1.263447,0.455226,-1.245420,1.739995,0.721600,5.595091,0.933894,11.743816,,,29.382427,66.954910,0.100941,0.356767,,,,,,,,,,,,
207965,,,,,,,,,,,3.778100,49.417202,,,,,-0.047920,-0.206643,0.476548,0.276322,-1.131803,1.330452,,,,,,
207972,,,,,,,,,0.741622,11.091380,,,27.445086,67.771263,-0.057753,0.131648,,,,,,,,,,,,
207977,,,,,,,,,,,,,,,,,,,,0.279132,-1.124884,1.431015,,,,,,
207982,,,,,,,,,0.549350,9.134079,,,24.725922,66.824509,-0.034750,0.137635,,,,,,,,,,,,
207987,,,,,,,,,,,,,,,,,,,,0.281441,-1.118094,1.532218,,,,,,
207992,,,,,,,,,0.439480,10.438947,,,20.804386,64.938828,0.001060,0.153387,,,,,,,,,,,,
207997,,,,,,,,,,,,,,,,,,,,0.283064,-1.110891,1.635727,,,,,,
208002,,,,,,,,,0.466947,11.091381,,,17.504808,63.352211,0.031310,0.166466,,,,,,,,,,,,
208007,,,,,,,,,,,,,,,,,,,,0.283903,-1.103597,1.738707,,,,,,
208013,0.283115,-1.105509,1.720720,0.443692,-1.207836,1.991168,0.764550,5.213987,0.219740,5.219473,-7.591676,29.281939,14.728543,62.561775,0.056883,0.171742,-0.125164,-0.143492,0.270448,,,,,,,,,
208017,,,,,,,,,,,,,,,,,,,,0.283844,-1.096333,1.836567,,,,,,
208022,,,,,,,,,0.549350,13.048682,,,12.392594,59.173988,-0.037452,-0.001712,,,,,,,,,,,,
208027,,,,,,,,,,,,,,,,,,,,0.283054,-1.089362,1.933793,,,,,,
208031,,,,,,,,,0.302142,7.176775,,,10.427127,55.778961,-0.021402,0.026939,,,,,,,,,,,,
208037,,,,,,,,,,,,,,,,,,,,0.282087,-1.084050,2.015695,,,,,,
208041,,,,,,,,,0.164805,3.914605,,,8.773383,49.655128,-0.008137,0.084103,,,,,,,,,,,,
208047,,,,,,,,,,,,,,,,,,,,0.282084,-1.080418,2.105022,,,,,,
208051,,,,,,,,,0.219740,5.219473,,,7.381923,46.680706,0.002783,0.110367,,,,,,,,,,,,
208057,,,,,,,,,,,,,,,,,,,,0.281640,-1.076135,2.183841,,,,,,
208062,0.281448,-1.077612,2.169609,0.422170,-1.171725,2.217644,0.813675,4.811158,0.247207,5.871908,,,6.211149,44.178028,0.011730,0.132415,,,,,,,,,,,,
208065,,,,,,,,,,,-6.457587,19.704927,,,,,-0.157057,-0.063189,0.048035,0.280388,-1.073078,2.248799,,,,,,
208072,,,,,,,,,0.137337,3.262171,,,5.226060,39.894104,0.030585,0.075446,,,,,,,,,,,,
208077,,,,,,,,,,,,,,,,,,,,0.278724,-1.070065,2.306121,,,,,,
208082,,,,,,,,,0.329610,7.829210,,,4.397206,40.101414,0.036703,0.069294,,,,,,,,,,,,
208087,,,,,,,,,,,,,,,,,,,,0.277672,-1.067840,2.363905,,,,,,
208092,,,,,,,,,0.219740,5.219473,,,3.699809,38.097672,0.041645,0.085653,,,,,,,,,,,,
208097,,,,,,,,,,,,,,,,,,,,0.276355,-1.066012,2.414444,,,,,,
208101,,,,,,,,,0.192272,4.567039,,,3.113019,35.322636,0.045599,0.110280,,,,,,,,,,,,
208107,,,,,,,,,,,,,,,,,,,,0.275011,-1.064889,2.464636,,,,,,
208112,0.275338,-1.065684,2.448090,0.391389,-1.138461,2.407749,0.873407,4.206012,0.082402,1.957303,,,2.619293,33.532265,0.048721,0.125418,,,,,,,,,,,,
208115,,,,,,,,,,,6.655668,26.062975,,,,,-0.135766,-0.018218,-0.040341,0.273312,-1.063753,2.508461,,,,,,
208122,,,,,,,,,0.247207,5.871908,,,2.203873,31.481302,0.184898,0.208424,,,,,,,,,,,,
208127,,,,,,,,,,,,,,,,,,,,0.271945,-1.062918,2.546234,,,,,,
208131,,,,,,,,,0.247207,3.262171,,,2.943425,30.300165,0.178245,0.219388,,,,,,,,,,,,
208137,,,,,,,,,,,,,,,,,,,,0.270601,-1.062148,2.583761,,,,,,
208141,,,,,,,,,0.247207,3.262171,,,3.565684,29.306356,0.172640,0.228678,,,,,,,,,,,,
208147,,,,,,,,,,,,,,,,,,,,0.269398,-1.061609,2.618836,,,,,,
208152,,,,,,,,,0.247207,3.262171,,,4.089252,28.470167,0.167918,0.236558,,,,,,,,,,,,
208157,,,,,,,,,,,,,,,,,,,,0.268701,-1.060980,2.651046,,,,,,
208162,0.268218,-1.060650,2.647702,0.352614,-1.108561,2.551696,0.943469,3.364355,0.302142,3.262171,,,5.074326,28.311140,0.158383,0.237699,,,,,,,,,,,,
208165,,,,,,,,,,,25.378481,37.436974,,,,,-0.097022,0.002177,-0.096006,0.268149,-1.060440,2.682763,,,,,,
208172,,,,,,,,,0.164805,1.304868,,,6.447710,28.177336,0.335664,0.354629,,,,,,,,,,,,
208177,,,,,,,,,,,,,,,,,,,,0.267786,-1.060145,2.711971,,,,,,
208182,,,,,,,,,0.576817,3.262172,,,8.692362,28.609295,0.316554,0.352075,,,,,,,,,,,,
208187,,,,,,,,,,,,,,,,,,,,0.266403,-1.059287,2.737818,,,,,,
208191,,,,,,,,,0.631752,0.652435,,,13.303727,30.606375,0.272856,0.333470,,,,,,,,,,,,
208197,,,,,,,,,,,,,,,,,,,,0.263234,-1.058005,2.757094,,,,,,
208202,,,,,,,,,0.521882,0.652434,,,16.094643,31.197632,0.246803,0.328805,,,,,,,,,,,,
208207,,,,,,,,,,,,,,,,,,,,0.260987,-1.056988,2.788326,,,,,,
208211,,,,,,,,,0.439480,2.609737,,,16.809290,31.695116,0.241371,0.324979,,,,,,,,,,,,
208214,0.259916,-1.056530,2.787475,0.307583,-1.081665,2.645149,1.016318,2.379782,,,46.028782,49.674770,,,,,-0.053425,0.007046,-0.142326,,,,,,,,,
208217,,,,,,,,,,,,,,,,,,,,0.257681,-1.055719,2.807938,,,,,,
208222,,,,,,,,,0.521882,1.957302,,,18.499680,32.658241,0.436476,0.441129,,,,,,,,,,,,
208227,,,,,,,,,,,,,,,,,,,,0.254164,-1.054429,2.827656,,,,,,
208232,,,,,,,,,0.357077,0.652434,,,22.100147,35.102245,0.405257,0.419603,,,,,,,,,,,,
208237,,,,,,,,,,,,,,,,,,,,0.250315,-1.053134,2.847243,,,,,,
208241,,,,,,,,,1.043764,0.000000,,,25.129580,36.069542,0.379142,0.412651,,,,,,,,,,,,
208247,,,,,,,,,,,,,,,,,,,,0.245937,-1.051754,2.863804,,,,,,
208252,,,,,,,,,0.796557,0.652434,,,29.312172,37.972511,0.340660,0.395962,,,,,,,,,,,,
208257,,,,,,,,,,,,,,,,,,,,0.241287,-1.050317,2.883482,,,,,,
208261,,,,,,,,,0.824024,-1.304869,,,33.375950,40.118214,0.302552,0.376416,,,,,,,,,,,,
208264,0.239632,-1.049574,2.869952,0.258411,-1.056639,2.687822,1.079951,1.358413,,,63.331200,58.187634,,,,,-0.019986,0.001767,-0.182129,,,,,,,,,
208267,,,,,,,,,,,,,,,,,,,,0.236161,-1.048795,2.905748,,,,,,
208272,,,,,,,,,0.494415,0.000000,,,32.983410,38.656349,0.485572,0.480070,,,,,,,,,,,,
208277,,,,,,,,,,,,,,,,,,,,0.230546,-1.047208,2.922380,,,,,,
208282,,,,,,,,,1.181102,-0.652433,,,39.187645,43.960854,0.428358,0.429870,,,,,,,,,,,,
208287,,,,,,,,,,,,,,,,,,,,0.224665,-1.045624,2.941900,,,,,,
208292,,,,,,,,,0.961362,-0.652434,,,43.318802,46.245892,0.391049,0.409408,,,,,,,,,,,,
208297,,,,,,,,,,,,,,,,,,,,0.218363,-1.044097,2.958624,,,,,,
208302,,,,,,,,,1.016297,-1.957302,,,47.339298,48.168522,0.354042,0.392186,,,,,,,,,,,,
208307,,,,,,,,,,,,,,,,,,,,0.211660,-1.042601,2.977941,,,,,,
208311,,,,,,,,,1.016297,-0.652434,,,50.177601,50.330765,0.328290,0.372135,,,,,,,,,,,,
208314,0.209905,-1.042020,2.966143,0.207454,-1.031822,2.680789,1.123069,0.352533,,,77.757904,59.307957,,,,,0.004194,-0.009613,-0.285354,,,,,,,,,
208317,,,,,,,,,,,,,,,,,,,,0.204375,-1.041139,2.994649,,,,,,
208322,,,,,,,,,0.906427,-0.652435,,,51.476662,51.060989,0.464823,0.377685,,,,,,,,,,,,
208327,,,,,,,,,,,,,,,,,,,,0.196486,-1.039657,3.014012,,,,,,
208333,,,,,,,,,0.549350,0.000000,,,48.757889,48.408142,0.497810,0.406393,,,,,,,,,,,,
208337,,,,,,,,,,,,,,,,,,,,0.188821,-1.038513,3.027909,,,,,,
208340,,,,,,,,,1.483244,-2.609737,,,56.272091,53.799641,0.426965,0.353580,,,,0.188821,-1.038513,3.027909,,,,,,
208344,,,,,,,,,,,,,,,,,,,,0.188821,-1.038513,3.027909,,,,,,
208347,,,,,,,,,,,,,,,,,,,,0.180609,-1.037587,3.036349,,,,,,
208352,,,,,,,,,1.098699,-3.914604,,,60.416367,55.068787,0.388991,0.341737,,,,,,,,,,,,
208357,,,,,,,,,,,,,,,,,,,,0.172052,-1.036786,3.044662,,,,,,
208361,,,,,,,,,1.043764,-2.609737,,,62.269730,55.592106,0.373555,0.337247,,,,,,,,,,,,
208364,0.170958,-1.036251,3.027133,0.157170,-1.005350,2.625154,1.139441,-0.630398,,,86.642227,54.125000,,,,,0.017227,-0.029124,-0.401978,,,,,,,,,
208367,,,,,,,,,,,,,,,,,,,,0.163223,-1.035796,3.044543,,,,,,
208372,,,,,,,,,0.604285,-1.304869,,,58.928261,52.220623,0.501356,0.319513,,,,,,,,,,,,
208377,,,,,,,,,,,,,,,,,,,,0.153749,-1.035043,3.041794,,,,,,
208381,,,,,,,,,1.400841,-0.652435,,,63.740356,57.007462,0.457815,0.271068,,,,,,,,,,,,
208391,,,,,,,,,1.126167,-5.871908,,,66.700165,57.223305,0.432205,0.268290,,,,,,,,,,,,
208402,,,,,,,,,1.043764,-3.914604,,,68.646004,56.860371,0.416346,0.271372,,,,,,,,,,,,
208407,,,,,,,,,,,,,,,,,,,,0.124712,-1.032799,2.986352,,,,,,
208411,,,,,,,,,1.071232,-4.567039,,,70.283234,56.010456,0.403246,0.279494,,,,,,,,,,,,
208414,0.124200,-1.032135,2.970633,0.109957,-0.975506,2.522669,1.130104,-1.589969,,,90.910934,49.728111,,,,,0.023670,-0.053380,-0.447964,,,,,,,,,
208417,,,,,,,,,,,,,,,,,,,,0.114320,-1.031777,2.947420,,,,,,
208421,,,,,,,,,1.043764,-5.219473,,,71.660797,55.839882,0.436007,0.236009,,,,,,,,,,,,
208427,,,,,,,,,,,,,,,,,,,,0.104026,-1.030523,2.905639,,,,,,
208433,,,,,,,,,0.659220,-3.914604,,,68.463531,51.884560,0.472469,0.275130,,,,,,,,,,,,
208437,,,,,,,,,,,,,,,,,,,,0.093511,-1.029041,2.858193,,,,,,
208442,,,,,,,,,1.428309,-6.524341,,,74.486046,55.091068,0.415529,0.241993,,,,,,,,,,,,
208447,,,,,,,,,,,,,,,,,,,,0.083133,-1.027074,2.802217,,,,,,
208452,,,,,,,,,1.098699,-6.524342,,,75.741585,53.977222,0.406008,0.252281,,,,,,,,,,,,
208457,,,,,,,,,,,,,,,,,,,,0.072714,-1.024818,2.737490,,,,,,
208460,,,,,,,,,1.071232,-8.481646,,,78.431625,53.040031,0.381603,0.260991,,,,0.072714,-1.024818,2.737490,,,,,,
208464,0.072840,-1.023816,2.721507,0.068006,-0.941043,2.377927,1.103091,-2.495022,,,95.229332,56.069916,,,,,0.038172,-0.073604,-0.343580,,,,,,,,,
208467,,,,,,,,,,,,,,,,,,,,0.062198,-1.021926,2.666702,,,,,,
208473,,,,,,,,,0.686687,-4.567039,,,74.705048,49.528763,0.466158,0.360830,,,,,,,,,,,,
208477,,,,,,,,,,,,,,,,,,,,0.051723,-1.018860,2.595226,,,,,,
208481,,,,,,,,,1.428309,-6.524341,,,79.737656,52.564358,0.418930,0.331175,,,,,,,,,,,,
208487,,,,,,,,,,,,,,,,,,,,0.041181,-1.014956,2.516910,,,,,,
208492,,,,,,,,,1.153634,-7.829210,,,81.793922,52.940334,0.401055,0.328041,,,,,,,,,,,,
208497,,,,,,,,,,,,,,,,,,,,0.030730,-1.010397,2.434740,,,,,,
208502,,,,,,,,,1.181102,-8.481645,,,83.524063,52.712139,0.386094,0.330995,,,,,,,,,,,,
208507,,,,,,,,,,,,,,,,,,,,0.020777,-1.005791,2.357548,,,,,,
208512,0.020979,-1.004622,2.363503,0.033170,-0.901405,2.200601,1.070690,-3.262368,1.181102,-5.871908,,,84.435257,53.609222,0.379141,0.322516,,,,,,,,,,,,
208515,,,,,,,,,,,99.420914,68.512230,,,,,0.063767,-0.082074,-0.162902,0.011044,-1.000464,2.279122,,,,,,
208522,,,,,,,,,1.126167,-5.871908,,,85.201935,53.819485,0.416234,0.447775,,,,,,,,,,,,
208527,,,,,,,,,,,,,,,,,,,,0.001671,-0.994237,2.198988,,,,,,
208535,,,,,,,,,0.714154,-3.914605,,,80.401588,50.729137,0.468041,0.482235,,,,-0.007039,-0.988129,2.120808,,,,,,
208542,,,,,,,,,1.318439,-1.304869,,,81.263466,54.663441,0.463054,0.445662,,,,,,,,,,,,
208547,,,,,,,,,,,,,,,,,,,,-0.015857,-0.981388,2.047087,,,,,,
208551,,,,,,,,,1.318439,-3.914604,,,83.077736,57.973763,0.448180,0.414666,,,,,,,,,,,,
208557,,,,,,,,,,,,,,,,,,,,-0.024126,-0.974093,1.971575,,,,,,
208562,-0.023977,-0.972036,1.985379,0.006862,-0.856819,2.005006,1.044701,-3.781378,1.400841,-4.567040,,,85.148804,60.759068,0.430324,0.388364,,,,,,,,,,,,
208565,,,,,,,,,,,101.980392,80.913712,,,,,0.093034,-0.074636,0.019628,-0.032060,-0.966365,1.894317,,,,,,
208572,,,,,,,,,1.345906,-3.262171,,,86.891403,63.102623,0.441510,0.492505,,,,,,,,,,,,
208577,,,,,,,,,,,,,,,,,,,,-0.039563,-0.958505,1.825373,,,,,,
208581,,,,,,,,,1.373374,-3.914605,,,88.357628,65.074486,0.429573,0.475955,,,,,,,,,,,,
208593,,,,,,,,,0.906427,-0.652435,,,83.601334,63.466354,0.480811,0.495525,,,,,,,,,,,,
208601,,,,,,,,,1.620581,-1.957303,,,87.222992,68.647789,0.447546,0.446164,,,,,,,,,,,,
208607,,,,,,,,,,,,,,,,,,,,-0.060579,-0.931768,1.609503,,,,,,
208612,-0.059489,-0.929125,1.627470,-0.010024,-0.808228,1.805948,1.031671,-3.991328,1.510711,-3.262170,,,89.181168,71.373817,0.430524,0.420812,,,,,,,,,,,,
208615,,,,,,,,,,,102.249763,90.979866,,,,,0.117901,-0.056233,0.178479,-0.066535,-0.922153,1.540107,,,,,,
208622,,,,,,,,,1.483244,-1.304866,,,90.828773,74.212044,0.419026,0.496445,,,,,,,,,,,,
208627,,,,,,,,,,,,,,,,,,,,-0.072101,-0.912087,1.471706,,,,,,
208632,,,,,,,,,1.428309,-2.609736,,,91.125984,75.511040,0.418279,0.486549,,,,,,,,,,,,
208637,,,,,,,,,,,,,,,,,,,,-0.077444,-0.901786,1.405295,,,,,,
208641,,,,,,,,,1.345907,0.652434,,,90.286972,76.604019,0.429061,0.478494,,,,,,,,,,,,
208647,,,,,,,,,,,,,,,,,,,,-0.081808,-0.891647,1.337399,,,,,,
208652,,,,,,,,,0.824024,-1.304869,,,89.581024,77.523651,0.438655,0.471989,,,,,,,,,,,,
208657,,,,,,,,,,,,,,,,,,,,-0.085736,-0.881523,1.271396,,,,,,
208662,-0.083878,-0.877800,1.304167,-0.017142,-0.757077,1.614315,1.031212,-3.934575,1.840321,0.652435,,,88.442497,78.297424,0.452801,0.466788,,,,,,,,,,,,
208665,,,,,,,,,,,100.020447,98.129196,,,,,0.134041,-0.032569,0.310148,-0.089332,-0.871091,1.206998,,,,,,
208672,,,,,,,,,1.400841,-1.957302,,,89.118172,79.493019,0.425932,0.530052,,,,,,,,,,,,
208677,,,,,,,,,,,,,,,,,,,,-0.092309,-0.860321,1.140340,,,,,,
208682,,,,,,,,,1.565646,0.652435,,,89.686684,82.132622,0.422314,0.506856,,,,,,,,,,,,
208687,,,,,,,,,,,,,,,,,,,,-0.094894,-0.849655,1.078664,,,,,,
208693,,,,,,,,,0.906427,0.652435,,,89.620491,84.353584,0.425056,0.487401,,,,,,,,,,,,
208697,,,,,,,,,,,,,,,,,,,,-0.096400,-0.838726,1.014545,,,,,,
208701,,,,,,,,,1.757919,1.304868,,,87.386620,83.499588,0.449921,0.498867,,,,,,,,,,,,
208707,,,,,,,,,,,,,,,,,,,,-0.097276,-0.827571,0.957740,,,,,,
208712,-0.094635,-0.825865,0.995151,-0.014700,-0.705027,1.436469,1.038534,-3.710558,1.455776,1.957302,,,87.140671,85.503754,0.454956,0.481350,,,,,,,,,,,,
208715,,,,,,,,,,,95.214432,103.658676,,,,,0.144879,-0.001271,0.441318,-0.098206,-0.816647,0.898959,,,,,,
208722,,,,,,,,,1.483244,0.000000,,,87.478271,86.100975,0.405068,0.534185,,,,,,,,,,,,
208727,,,,,,,,,,,,,,,,,,,,-0.098616,-0.806251,0.841274,,,,,,
208732,,,,,,,,,1.455776,0.652433,,,87.762329,87.148018,0.403717,0.527016,,,,,,,,,,,,
208737,,,,,,,,,,,,,,,,,,,,-0.097951,-0.795684,0.783931,,,,,,
208741,,,,,,,,,1.510711,3.262170,,,88.001335,89.662628,0.402770,0.504669,,,,,,,,,,,,
208747,,,,,,,,,,,,,,,,,,,,-0.097004,-0.785136,0.727369,,,,,,
208752,,,,,,,,,0.851492,0.652435,,,87.113350,89.055702,0.413270,0.513659,,,,,,,,,,,,
208757,,,,,,,,,,,,,,,,,,,,-0.095738,-0.774403,0.671479,,,,,,
208761,,,,,,,,,1.702984,2.609736,,,84.188026,88.545036,0.444728,0.521789,,,,,,,,,,,,
208764,-0.091947,-0.772602,0.709752,-0.003420,-0.653617,1.276819,1.048656,-3.389546,,,86.568985,105.381920,,,,,0.144686,0.032565,0.567067,,,,,,,,,
208767,,,,,,,,,,,,,,,,,,,,-0.093509,-0.764053,0.618841,,,,,,
208772,,,,,,,,,1.483244,2.609737,,,84.449371,89.748993,0.356084,0.530108,,,,,,,,,,,,
208777,,,,,,,,,,,,,,,,,,,,-0.090731,-0.753695,0.566758,,,,,,
208782,,,,,,,,,1.455776,3.262171,,,84.124725,91.306541,0.359820,0.517348,,,,,,,,,,,,
208787,,,,,,,,,,,,,,,,,,,,-0.087914,-0.744178,0.518092,,,,,,
208791,,,,,,,,,1.428309,5.219473,,,82.762482,93.161606,0.374204,0.501241,,,,,,,,,,,,
208797,,,,,,,,,,,,,,,,,,,,-0.084234,-0.734467,0.466702,,,,,,
208802,,,,,,,,,1.455776,3.262171,,,82.160835,94.177917,0.381102,0.493319,,,,,,,,,,,,
208807,,,,,,,,,,,,,,,,,,,,-0.080247,-0.725014,0.418614,,,,,,
208812,-0.078907,-0.726933,0.451326,0.015518,-0.603977,1.140413,1.058772,-2.979835,0.741622,1.957302,,,76.209175,87.953979,0.442690,0.559044,,,,,,,,,,,,
208815,,,,,,,,,,,75.478394,104.631813,,,,,0.138598,0.069460,0.689087,-0.075466,-0.715704,0.378814,,,,,,
208822,,,,,,,,,1.757919,3.914604,,,79.369598,92.518936,0.299402,0.508316,,,,,,,,,,,,
208827,,,,,,,,,,,,,,,,,,,,-0.070487,-0.707053,0.336464,,,,,,
208832,,,,,,,,,1.345907,4.567038,,,78.761520,93.637177,0.304826,0.499332,,,,,,,,,,,,
208837,,,,,,,,,,,,,,,,,,,,-0.065250,-0.698450,0.294522,,,,,,
208841,,,,,,,,,1.345907,5.871908,,,77.160797,94.578064,0.320497,0.491934,,,,,,,,,,,,
208847,,,,,,,,,,,,,,,,,,,,-0.059249,-0.690168,0.252628,,,,,,
208852,,,,,,,,,1.318439,5.219473,,,75.269402,94.825180,0.339452,0.491424,,,,,,,,,,,,
208857,,,,,,,,,,,,,,,,,,,,-0.053202,-0.682661,0.219178,,,,,,
208861,,,,,,,,,1.290972,5.871907,,,74.222527,95.033104,0.350172,0.491265,,,,,,,,,,,,
208864,-0.050762,-0.683502,0.263401,0.040563,-0.556635,1.033569,1.067865,-2.454869,,,63.315239,100.677368,,,,,0.121208,0.098714,0.770168,,,,,,,,,
208867,,,,,,,,,,,,,,,,,,,,-0.046597,-0.675268,0.188646,,,,,,
208872,,,,,,,,,0.741622,3.262171,,,68.440796,88.673531,0.285333,0.517717,,,,,,,,,,,,
208877,,,,,,,,,,,,,,,,,,,,-0.039553,-0.668439,0.158092,,,,,,
208882,,,,,,,,,1.538179,5.219473,,,70.655113,92.035278,0.261722,0.485828,,,,,,,,,,,,
208887,,,,,,,,,,,,,,,,,,,,-0.032157,-0.662056,0.133053,,,,,,
208892,,,,,,,,,1.263504,6.524341,,,69.250984,92.685677,0.274576,0.480922,,,,,,,,,,,,
208897,,,,,,,,,,,,,,,,,,,,-0.024803,-0.656209,0.113646,,,,,,
208902,,,,,,,,,1.181102,5.871908,,,67.525002,92.143837,0.290994,0.488047,,,,,,,,,,,,
208907,,,,,,,,,,,,,,,,,,,,-0.017066,-0.650724,0.094306,,,,,,
208912,-0.016843,-0.652418,0.124972,,,,,,0.769089,3.914606,,,62.805504,86.787048,0.338291,0.544393,,,,,,,,,,,,
208915,,,,0.069890,-0.511473,0.962701,1.075036,-1.796908,,,51.417988,96.791458,,,,,0.103625,0.129035,0.837729,-0.008857,-0.645599,0.088708,,,,,,
208922,,,,,,,,,1.620581,5.871908,,,66.458122,90.992538,0.179784,0.464639,,,,,,,,,,,,
208927,,,,,,,,,,,,,,,,,,,,-0.000495,-0.640823,0.080367,,,,,,
208932,,,,,,,,,1.236037,7.176775,,,65.175087,91.808319,0.189863,0.457478,,,,,,,,,,,,
208937,,,,,,,,,,,,,,,,,,,,0.008358,-0.636722,0.074829,,,,,,
208942,,,,,,,,,1.071232,7.176776,,,62.461914,91.405632,0.214786,0.462582,,,,,,,,,,,,
208947,,,,,,,,,,,,,,,,,,,,0.017011,-0.633077,0.083039,,,,,,
208951,,,,,,,,,1.126167,7.176778,,,60.723595,90.522270,0.230308,0.472669,,,,,,,,,,,,
208957,,,,,,,,,,,,,,,,,,,,0.025969,-0.630103,0.094122,,,,,,
208961,,,,,,,,,1.071232,5.871908,,,59.260971,89.779007,0.243366,0.481504,,,,,,,,,,,,
208964,0.026736,-0.630876,0.121389,0.101501,-0.467811,0.932653,1.078588,-1.021290,,,48.233822,97.456078,,,,,0.093961,0.152811,0.811264,,,,,,,,,
208967,,,,,,,,,,,,,,,,,,,,0.035163,-0.627373,0.127468,,,,,,
208973,,,,,,,,,0.659220,2.609737,,,55.307606,83.163651,0.249643,0.557163,,,,,,,,,,,,
208977,,,,,,,,,,,,,,,,,,,,0.044553,-0.625096,0.160761,,,,,,
208982,,,,,,,,,1.455776,5.871908,,,58.515762,86.854721,0.215505,0.522372,,,,,,,,,,,,
208987,,,,,,,,,,,,,,,,,,,,0.053893,-0.623455,0.202602,,,,,,
208992,,,,,,,,,1.153634,7.829210,,,57.403301,87.782219,0.224796,0.515032,,,,,,,,,,,,
208997,,,,,,,,,,,,,,,,,,,,0.063987,-0.621593,0.255759,,,,,,
209001,,,,,,,,,1.098699,7.829211,,,55.378193,88.018074,0.243618,0.514561,,,,,,,,,,,,
209007,,,,,,,,,,,,,,,,,,,,0.074125,-0.619547,0.314231,,,,,,
209011,,,,,,,,,1.126167,8.481645,,,54.763351,88.216522,0.248460,0.514424,,,,,,,,,,,,
209014,0.074641,-0.619032,0.333623,0.133344,-0.424620,0.945543,1.076676,-0.173391,,,66.718933,110.455124,,,,,0.119130,0.164469,0.611920,,,,,,,,,
209017,,,,,,,,,,,,,,,,,,,,0.084296,-0.617052,0.384513,,,,,,
209022,,,,,,,,,1.098699,7.829211,,,53.701481,88.928040,0.446534,0.641605,,,,,,,,,,,,
209027,,,,,,,,,,,,,,,,,,,,0.094875,-0.614271,0.460987,,,,,,
209032,,,,,,,,,0.714154,5.219474,,,50.085308,84.081276,0.486022,0.695348,,,,,,,,,,,,
209037,,,,,,,,,,,,,,,,,,,,0.105194,-0.610928,0.538043,,,,,,
209041,,,,,,,,,1.757919,5.219474,,,57.388981,90.349533,0.414851,0.636686,,,,,,,,,,,,
209047,,,,,,,,,,,,,,,,,,,,0.115454,-0.606978,0.621947,,,,,,
209052,,,,,,,,,1.510711,7.176776,,,60.267033,93.990013,0.387361,0.603574,,,,,,,,,,,,
209057,,,,,,,,,,,,,,,,,,,,0.125840,-0.602529,0.709904,,,,,,
209061,,,,,,,,,1.675516,8.481645,,,63.777710,98.686737,0.352843,0.558961,,,,,,,,,,,,
209064,0.127569,-0.600292,0.713850,0.163408,-0.380799,1.000201,1.068803,0.685140,,,98.379532,125.856216,,,,,0.170801,0.142438,0.286351,,,,,,,,,
209067,,,,,,,,,,,,,,,,,,,,0.136636,-0.597380,0.802132,,,,,,
209073,,,,,,,,,0.933894,3.914605,,,61.286160,94.470413,0.701783,0.761412,,,,,,,,,,,,
209077,,,,,,,,,,,,,,,,,,,,0.147245,-0.591956,0.893411,,,,,,
209082,,,,,,,,,1.867789,6.524342,,,67.357918,100.724579,0.647270,0.703897,,,,,,,,,,,,
209092,,,,,,,,,1.895256,1.957303,,,74.100327,104.353203,0.584701,0.671911,,,,,,,,,,,,
209101,,,,,,,,,1.977659,2.609736,,,80.317932,108.495415,0.526138,0.633961,,,,,,,,,,,,
209107,,,,,,,,,,,,,,,,,,,,0.178527,-0.572462,1.180178,,,,,,
209111,,,,,,,,,2.142463,2.609734,,,88.272141,113.069756,0.448617,0.590775,,,,,,,,,,,,
209114,0.180493,-0.568324,1.151865,0.189838,-0.335442,1.091992,1.056741,1.485642,,,123.480690,130.181854,,,,,0.216545,0.086196,-0.059872,,,,,,,,,
209117,,,,,,,,,,,,,,,,,,,,0.188444,-0.564773,1.281875,,,,,,
209122,,,,,,,,,1.950191,1.957302,,,92.786636,115.829521,0.660623,0.609304,,,,,,,,,,,,
209127,,,,,,,,,,,,,,,,,,,,0.198508,-0.556713,1.376598,,,,,,
209133,,,,,,,,,1.428309,7.829210,,,89.506073,114.339783,0.700223,0.627370,,,,,,,,,,,,
209137,,,,,,,,,,,,,,,,,,,,0.208011,-0.548150,1.479250,,,,,,
209142,,,,,,,,,1.950191,-4.567040,,,96.547585,113.630859,0.635195,0.637769,,,,,,,,,,,,
209148,,,,,,,,,,,,,,,,,,,,0.216813,-0.539398,1.578364,,,,,,
209152,,,,,,,,,2.087528,-2.609736,,,103.016853,115.212547,0.574595,0.624946,,,,,,,,,,,,
209157,,,,,,,,,,,,,,,,,,,,0.225605,-0.530399,1.677493,,,,,,
209161,,,,,,,,,2.197398,-5.219471,,,109.549187,117.087921,0.512058,0.608811,,,,0.225605,-0.530399,1.677493,,,,,,
209164,0.226172,-0.525434,1.611301,0.211024,-0.288048,1.213159,1.044069,2.159765,,,134.040359,120.025551,,,,,0.237805,0.005523,-0.398142,,,,,,,,,
209167,,,,,,,,,,,,,,,,,,,,0.233810,-0.520420,1.782899,,,,,,
209173,,,,,,,,,1.318439,0.000000,,,110.689140,116.487686,0.610925,0.513958,,,,,,,,,,,,
209177,,,,,,,,,,,,,,,,,,,,0.241555,-0.510709,1.880651,,,,,,
209181,,,,,,,,,2.087528,-1.304869,,,110.014664,113.259933,0.622475,0.547589,,,,,,,,,,,,
209187,,,,,,,,,,,,,,,,,,,,0.248818,-0.500385,1.981611,,,,,,
209192,,,,,,,,,1.922724,-3.914605,,,113.258965,112.722275,0.594188,0.554426,,,,,,,,,,,,
209197,,,,,,,,,,,,,,,,,,,,0.255615,-0.490060,2.085748,,,,,,
209202,,,,,,,,,1.950191,-5.871907,,,116.533264,111.725349,0.564947,0.566055,,,,,,,,,,,,
209207,,,,,,,,,,,,,,,,,,,,0.262043,-0.479551,2.190088,,,,,,
209212,0.258807,-0.475094,2.130308,0.225693,-0.238617,1.353993,1.034566,2.653946,1.977659,-2.609736,,,119.288261,111.431076,0.540347,0.570717,,,,,,,,,,,,
209215,,,,,,,,,,,124.942276,89.949554,,,,,0.217994,-0.097451,-0.776314,0.267463,-0.468842,2.294574,,,,,,
209222,,,,,,,,,1.922724,-3.914605,,,121.061768,111.183472,0.432407,0.268186,,,,,,,,,,,,
209227,,,,,,,,,,,,,,,,,,,,0.272530,-0.457909,2.396648,,,,,,
209232,,,,,,,,,1.016297,-4.567039,,,113.841309,102.806992,0.506832,0.349380,,,,,,,,,,,,
209237,,,,,,,,,,,,,,,,,,,,0.277024,-0.447497,2.502609,,,,,,
209242,,,,,,,,,1.812854,-7.829211,,,115.934158,101.204453,0.487705,0.363154,,,,,,,,,,,,
209247,,,,,,,,,,,,,,,,,,,,0.281124,-0.436779,2.606731,,,,,,
209252,,,,,,,,,1.400841,-7.176776,,,115.516914,95.499733,0.493763,0.419091,,,,,,,,,,,,
209257,,,,,,,,,,,,,,,,,,,,0.284414,-0.426511,2.706545,,,,,,
209262,0.279875,-0.425071,2.619648,0.232980,-0.187622,1.504483,1.030627,2.945649,1.428309,-9.134078,,,114.621300,91.244324,0.504783,0.461386,,,,,,,,,,,,
209265,,,,,,,,,,,97.513077,48.632767,,,,,0.159036,-0.182452,-1.115164,0.287322,-0.416785,2.805275,,,,,,
209272,,,,,,,,,1.373374,-6.524341,,,113.323189,87.663826,0.240310,0.076217,,,,,,,,,,,,
209277,,,,,,,,,,,,,,,,,,,,0.289735,-0.406915,2.905947,,,,,,
209281,,,,,,,,,1.208569,-7.829209,,,110.597328,81.928482,0.264952,0.126912,,,,,,,,,,,,
209287,,,,,,,,,,,,,,,,,,,,0.291431,-0.397358,3.006002,,,,,,
209292,,,,,,,,,0.494415,-5.219474,,,100.135635,72.201874,0.369044,0.219464,,,,,,,,,,,,
209297,,,,,,,,,,,,,,,,,,,,0.292650,-0.388286,3.100140,,,,,,
209301,,,,,,,,,0.961362,-8.481646,,,97.323151,66.740623,0.397207,0.270455,,,,,,,,,,,,
209307,,,,,,,,,,,,,,,,,,,,0.293484,-0.379665,-3.091801,,,,,,
209312,0.289820,-0.381636,3.113178,0.232485,-0.135868,1.655400,1.032777,3.043202,0.741622,-7.176776,,,92.234009,60.511898,0.449154,0.330366,,,,,,,,,,,,
209315,,,,,,,,,,,53.735970,-3.011077,,,,,0.064294,-0.244040,-1.457778,0.294246,-0.371596,-3.005885,,,,,,
209322,,,,,,,,,0.824024,-7.829211,,,89.041092,55.815590,0.036251,-0.150874,,,,,,,,,,,,
209327,,,,,,,,,,,,,,,,,,,,0.294976,-0.364291,-2.928042,,,,,,
209333,,,,,,,,,0.439480,-5.219474,,,81.453682,49.141403,0.106582,-0.094563,,,,,,,,,,,,
209337,,,,,,,,,,,,,,,,,,,,0.295244,-0.357372,-2.849877,,,,,,
209342,,,,,,,,,0.384545,-9.134078,,,76.158722,41.347569,0.155047,-0.025496,,,,,,,,,,,,
209347,,,,,,,,,,,,,,,,,,,,0.294904,-0.350755,-2.774205,,,,,,
209351,,,,,,,,,0.109870,-2.609737,,,66.258110,34.789837,0.251549,0.032521,,,,,,,,,,,,
209357,,,,,,,,,,,,,,,,,,,,0.294935,-0.345246,-2.715027,,,,,,
209361,,,,,,,,,0.109870,-2.609737,,,57.927738,29.272163,0.334014,0.081241,,,,,,,,,,,,
209364,0.294044,-0.348278,-2.764173,0.224306,-0.084267,1.798304,1.040273,2.965572,,,10.286981,-47.968826,,,,,-0.032464,-0.271130,-1.720708,,,,,,,,,
209367,,,,,,,,,,,,,,,,,,,,0.295394,-0.340228,-2.666735,,,,,,
209372,,,,,,,,,0.192272,-4.567039,,,52.552193,24.629595,-0.055173,-0.336431,,,,,,,,,,,,
209377,,,,,,,,,,,,,,,,,,,,0.296069,-0.335546,-2.623826,,,,,,
209382,,,,,,,,,0.000000,-5.219473,,,46.395580,18.545164,-0.000829,-0.288889,,,,,,,,,,,,
209387,,,,,,,,,,,,,,,,,,,,0.296266,-0.331631,-2.589436,,,,,,
209393,,,,,,,,,-0.109870,-2.609737,,,39.037235,13.425726,0.067004,-0.249974,,,,,,,,,,,,
209397,,,,,,,,,,,,,,,,,,,,0.296688,-0.328190,-2.566375,,,,,,
209402,,,,,,,,,-0.192272,-4.567039,,,32.845924,7.484601,0.124406,-0.201653,,,,,,,,,,,,
209407,,,,,,,,,,,,,,,,,,,,0.297251,-0.325545,-2.563534,,,,,,
209412,0.297641,-0.327242,-2.596787,0.209041,-0.033614,1.925057,1.051868,2.723463,-0.164805,-3.914605,,,27.636557,3.030283,0.173030,-0.167310,,,,,,,,,,,,
209415,,,,,,,,,,,-3.560401,-64.316780,,,,,-0.076400,-0.297036,-1.761341,0.298545,-0.323289,-2.580852,,,,,,
209422,,,,,,,,,-0.164805,-3.914605,,,23.253395,-0.173036,0.073025,-0.311585,,,,,,,,,,,,
209427,,,,,,,,,,,,,,,,,,,,0.300102,-0.321381,-2.606708,,,,,,
209432,,,,,,,,,-0.164805,-3.914605,,,19.565403,-3.957395,0.105279,-0.285813,,,,,,,,,,,,
209437,,,,,,,,,,,,,,,,,,,,0.301929,-0.320025,-2.638146,,,,,,
209441,,,,,,,,,-0.219740,-5.219473,,,16.462328,-7.686097,0.132306,-0.259852,,,,,,,,,,,,
209447,,,,,,,,,,,,,,,,,,,,0.303222,-0.319283,-2.683777,,,,,,
209452,,,,,,,,,-0.137337,-3.262171,,,13.851400,-9.189797,0.154932,-0.255841,,,,,,,,,,,,
209457,,,,,,,,,,,,,,,,,,,,0.304764,-0.318769,-2.734794,,,,,,
209462,0.305242,-0.319064,-2.756059,0.187761,0.015609,2.027807,1.065895,2.320224,-0.274675,-7.829209,,,12.199110,-13.722269,0.168303,-0.220635,,,,,,,,,,,,
209465,,,,,,,,,,,33.403564,-33.449398,,,,,-0.016998,-0.354287,-1.499319,0.306288,-0.318548,-2.796899,,,,,,
209472,,,,,,,,,-0.192272,-7.176776,,,11.353416,-16.446804,0.550810,0.111884,,,,,,,,,,,,
209477,,,,,,,,,,,,,,,,,,,,0.308070,-0.318332,-2.861336,,,,,,
209482,,,,,,,,,0.027467,-8.481645,,,13.364565,-17.105598,0.534706,0.115203,,,,,,,,,,,,
209487,,,,,,,,,,,,,,,,,,,,0.309899,-0.318166,-2.933887,,,,,,
209493,,,,,,,,,0.137337,-7.176776,,,15.601289,-15.481734,0.515900,0.095371,,,,,,,,,,,,
209497,,,,,,,,,,,,,,,,,,,,0.312174,-0.317898,-3.011567,,,,,,
209501,,,,,,,,,0.741622,-17.615723,,,27.829590,-13.570872,0.394731,0.072286,,,,,,,,,,,,
209507,,,,,,,,,,,,,,,,,,,,0.314308,-0.317722,-3.083072,,,,,,
209512,0.310781,-0.317915,-3.121337,0.161942,0.063344,2.099642,1.079876,1.766474,0.659220,-15.658421,,,36.484852,-11.418530,0.307563,0.046357,,,,,,,,,,,,
209515,,,,,,,,,,,104.229027,40.862190,,,,,0.141086,-0.384196,-1.062206,0.313800,-0.317790,3.127641,,,,,,
209522,,,,,,,,,0.521882,-13.701117,,,41.589214,-10.152092,0.977301,0.787011,,,,,,,,,,,,
209527,,,,,,,,,,,,,,,,,,,,0.314112,-0.317501,3.061386,,,,,,
209532,,,,,,,,,0.714154,-13.048681,,,47.517654,-6.908339,0.929359,0.764128,,,,,,,,,,,,
209537,,,,,,,,,,,,,,,,,,,,0.313841,-0.317279,2.994757,,,,,,
209541,,,,,,,,,1.593114,-11.743815,,,60.673988,4.533646,0.806507,0.656974,,,,,,,,,,,,
209547,,,,,,,,,,,,,,,,,,,,0.312938,-0.317015,2.933635,,,,,,
209552,,,,,,,,,1.236037,-8.481646,,,66.842842,13.071844,0.752296,0.577150,,,,,,,,,,,,
209557,,,,,,,,,,,,,,,,,,,,0.311862,-0.316723,2.872399,,,,,,
209562,0.302553,-0.314732,2.852863,0.133380,0.109942,2.135378,1.090498,1.089495,2.252333,-10.438947,,,82.924179,28.968575,0.595743,0.420561,,,,,,,,,,,,
209565,,,,,,,,,,,156.923645,105.020279,,,,,0.283090,-0.358926,-0.717485,0.309847,-0.316143,2.813462,,,,,,
209572,,,,,,,,,1.950191,-9.786513,,,93.187752,39.076820,1.000000,0.974248,,,,,,,,,,,,
209577,,,,,,,,,,,,,,,,,,,,0.307810,-0.315526,2.760045,,,,,,
209581,,,,,,,,,2.169931,-11.091381,,,104.546234,50.304615,0.929692,0.872913,,,,,,,,,,,,
209587,,,,,,,,,,,,,,,,,,,,0.305376,-0.314555,2.703476,,,,,,
209592,,,,,,,,,2.719280,-8.481643,,,118.459610,65.197113,0.798251,0.731953,,,,,,,,,,,,
209597,,,,,,,,,,,,,,,,,,,,0.302492,-0.313554,2.649484,,,,,,
209602,,,,,,,,,2.691813,-9.134075,,,130.166321,78.272202,0.686535,0.606552,,,,,,,,,,,,
209612,0.292572,-0.308259,2.628196,0.104063,0.156062,2.132028,1.094497,0.329917,,,,,130.759109,83.828148,0.685840,0.555231,,,,,,,,,,,,
209615,,,,,,,,,2.197398,-5.219471,191.451126,149.505249,,,,,0.392252,-0.311877,-0.496168,0.295604,-0.310648,2.540262,,,,,,
209622,,,,,,,,,1.785386,-4.567039,,,132.346970,87.958374,1.000000,0.971088,,,,,,,,,,,,
209627,,,,,,,,,,,,,,,,,,,,0.291573,-0.308851,2.487897,,,,,,
209632,,,,,,,,,2.636878,-6.524342,,,140.217514,97.423523,0.958598,0.886852,,,,,,,,,,,,
209637,,,,,,,,,,,,,,,,,,,,0.287270,-0.306516,2.435122,,,,,,
209641,,,,,,,,,2.884085,-5.871907,,,149.017960,107.565674,0.879080,0.793819,,,,,,,,,,,,
209647,,,,,,,,,,,,,,,,,,,,0.282516,-0.304320,2.381659,,,,,,
209653,,,,,,,,,1.730451,-4.567039,,,144.442703,106.297501,0.934235,0.815142,,,,,,,,,,,,
209657,,,,,,,,,,,,,,,,,,,,0.277871,-0.301617,2.330780,,,,,,
209662,0.268837,-0.293976,2.328401,0.076045,0.202484,2.089002,1.090060,-0.465941,3.131293,-6.524339,,,155.295746,117.754951,0.832935,0.706918,,,,,,,,,,,,
209665,,,,,,,,,,,217.733368,192.037216,,,,,0.493154,-0.201098,-0.239399,,,,,,,,,
209668,,,,,,,,,,,,,,,,,,,,0.272468,-0.298545,2.282354,,,,,,
209672,,,,,,,,,2.774215,-5.871910,,,160.615692,124.127983,1.000000,1.000000,,,,,,,,,,,,
209677,,,,,,,,,,,,,,,,,,,,0.267053,-0.295083,2.227106,,,,,,
209682,,,,,,,,,2.939020,-7.176778,,,167.270081,130.579346,0.997531,1.000000,,,,,,,,,,,,
209687,,,,,,,,,,,,,,,,,,,,0.261306,-0.291393,2.174380,,,,,,
209692,,,,,,,,,3.351032,-5.219474,,,176.136337,140.908401,0.917187,0.936802,,,,,,,,,,,,
209697,,,,,,,,,,,,,,,,,,,,0.255588,-0.287308,2.124091,,,,,,
209701,,,,,,,,,3.460902,-3.914606,,,184.140945,151.232895,0.843860,0.841718,,,,,,,,,,,,
209707,,,,,,,,,,,,,,,,,,,,0.249333,-0.282445,2.072916,,,,,,
209713,0.244558,-0.277105,2.105363,0.051310,0.249887,2.008288,1.077868,-1.248523,2.142463,2.609734,230.601456,213.955627,175.084259,149.573608,0.942957,0.866804,0.551925,-0.102198,-0.097075,,,,,,,,,
209717,,,,,,,,,,,,,,,,,,,,0.243166,-0.277544,2.021012,,,,,,
209722,,,,,,,,,2.636878,-5.219477,,,175.632126,149.811111,1.000000,1.000000,,,,,,,,,,,,
209727,,,,,,,,,,,,,,,,,,,,0.236737,-0.271999,1.965078,,,,,,
209732,,,,,,,,,3.488370,-4.567042,,,183.716705,158.723633,1.000000,1.000000,,,,,,,,,,,,
209737,,,,,,,,,,,,,,,,,,,,0.230295,-0.265983,1.911314,,,,,,
209742,,,,,,,,,3.433435,-1.957303,,,189.974518,166.767181,0.951231,0.947365,,,,,,,,,,,,
209747,,,,,,,,,,,,,,,,,,,,0.223703,-0.259579,1.853059,,,,,,
209751,,,,,,,,,3.460902,-2.609739,,,195.239838,173.535019,0.905650,0.887771,,,,,,,,,,,,
209757,,,,,,,,,,,,,,,,,,,,0.217280,-0.253016,1.800708,,,,,,
209762,0.212813,-0.241792,1.818240,0.031645,0.298659,1.894558,1.061035,-1.964336,3.543305,-1.957303,,,200.214630,180.318558,0.861979,0.826663,,,,,,,,,,,,
209765,,,,,,,,,,,227.862823,224.084122,,,,,0.568362,0.043279,0.076318,0.210666,-0.245683,1.743571,,,,,,
209772,,,,,,,,,1.565646,-1.957302,,,184.796860,166.422668,0.997384,1.000000,,,,,,,,,,,,
209777,,,,,,,,,,,,,,,,,,,,0.203881,-0.237877,1.688585,,,,,,
209782,,,,,,,,,3.351032,-2.609733,,,189.794281,172.156067,0.955024,1.000000,,,,,,,,,,,,
209787,,,,,,,,,,,,,,,,,,,,0.197507,-0.229755,1.632384,,,,,,
209792,,,,,,,,,3.515837,-3.914606,,,193.999100,178.069229,0.919748,0.981562,,,,,,,,,,,,
209797,,,,,,,,,,,,,,,,,,,,0.191175,-0.221118,1.571348,,,,,,
209802,,,,,,,,,3.460902,1.304868,,,199.170670,184.678192,0.873771,0.923353,,,,,,,,,,,,
209807,,,,,,,,,,,,,,,,,,,,0.184891,-0.211817,1.509665,,,,,,
209813,0.185322,-0.205429,1.532984,0.018538,0.348764,1.754750,1.043890,-2.561305,2.169931,-0.652433,214.024994,221.229736,193.720245,182.070816,0.935104,0.957830,0.547492,0.187615,0.221766,,,,,,,,,
209817,,,,,,,,,,,,,,,,,,,,0.178700,-0.202339,1.449636,,,,,,
209822,,,,,,,,,2.993955,1.957300,,,187.500626,178.243347,0.864226,0.976158,,,,,,,,,,,,
209827,,,,,,,,,,,,,,,,,,,,0.173017,-0.192517,1.380372,,,,,,
209832,,,,,,,,,3.515837,0.000000,,,191.524673,184.824692,0.828486,0.917625,,,,,,,,,,,,
209837,,,,,,,,,,,,,,,,,,,,0.167284,-0.181876,1.316870,,,,,,
209842,,,,,,,,,3.433435,4.567036,,,194.365967,189.817688,0.804005,0.873978,,,,,,,,,,,,
209847,,,,,,,,,,,,,,,,,,,,0.162042,-0.171286,1.244227,,,,,,
209851,,,,,,,,,3.186228,1.304871,,,194.578461,193.474258,0.805769,0.842963,,,,,,,,,,,,
209857,,,,,,,,,,,,,,,,,,,,0.157261,-0.160411,1.176981,,,,,,
209862,0.159887,-0.150700,1.215410,0.013102,0.399712,1.596878,1.030265,-3.003799,3.213695,1.957300,,,194.757248,195.461807,0.807835,0.828241,,,,,,,,,,,,
209865,,,,,,,,,,,180.968216,200.088730,,,,,0.464944,0.329130,0.381468,0.152466,-0.148870,1.108007,,,,,,
209872,,,,,,,,,1.648049,1.304868,,,179.660477,181.342377,0.628496,0.761775,,,,,,,,,,,,
209877,,,,,,,,,,,,,,,,,,,,0.148352,-0.137058,1.027553,,,,,,
209882,,,,,,,,,3.103825,0.652435,,,181.116180,183.620407,0.613910,0.742288,,,,,,,,,,,,
209887,,,,,,,,,,,,,,,,,,,,0.144571,-0.125239,0.955100,,,,,,
209892,,,,,,,,,2.774215,3.262171,,,179.073746,183.358978,0.634713,0.748249,,,,,,,,,,,,
209897,,,,,,,,,,,,,,,,,,,,0.141023,-0.112705,0.880990,,,,,,
209901,,,,,,,,,2.691813,3.914609,,,175.177063,182.594467,0.674838,0.759392,,,,,,,,,,,,
209907,,,,,,,,,,,,,,,,,,,,0.138157,-0.100183,0.802161,,,,,,
209911,,,,,,,,,2.581943,5.219471,,,171.353851,181.406662,0.714993,0.775007,,,,,,,,,,,,
209914,0.142910,-0.093978,0.859069,0.016029,0.450623,1.428705,1.022383,-3.284959,,,130.427490,162.545425,,,,,0.329519,0.451781,0.569636,,,,,,,,,
209917,,,,,,,,,,,,,,,,,,,,0.135775,-0.087564,0.727477,,,,,,
209922,,,,,,,,,2.334736,4.567036,,,165.414291,177.139984,0.261984,0.439322,,,,,,,,,,,,
209927,,,,,,,,,,,,,,,,,,,,0.134229,-0.074954,0.645134,,,,,,
209933,,,,,,,,,1.428309,1.304868,,,152.793137,164.292770,0.383722,0.567445,,,,,,,,,,,,
209937,,,,,,,,,,,,,,,,,,,,0.132785,-0.062381,0.564068,,,,,,
209942,,,,,,,,,2.224866,5.871907,,,148.163681,162.195816,0.426470,0.588484,,,,,,,,,,,,
209947,,,,,,,,,,,,,,,,,,,,0.131850,-0.049855,0.481113,,,,,,
209952,,,,,,,,,1.785386,5.871908,,,139.912109,157.164185,0.507089,0.639876,,,,,,,,,,,,
209957,,,,,,,,,,,,,,,,,,,,0.131593,-0.037273,0.398643,,,,,,
209961,,,,,,,,,1.840321,7.176778,,,132.969238,153.475113,0.576009,0.678581,,,,,,,,,,,,
209964,0.136866,-0.035615,0.467662,0.027572,0.500393,1.257244,1.020994,-3.418961,,,63.052696,107.854675,,,,,0.144074,0.527723,0.789582,,,,,,,,,
209967,,,,,,,,,,,,,,,,,,,,0.132045,-0.024753,0.316984,,,,,,
209972,,,,,,,,,1.098699,3.914604,,,121.137535,141.658432,0.008961,0.243080,,,,,,,,,,,,
209977,,,,,,,,,,,,,,,,,,,,0.133047,-0.012764,0.230344,,,,,,
209982,,,,,,,,,1.812854,6.524342,,,117.172318,139.884033,0.037789,0.254418,,,,,,,,,,,,
209987,,,,,,,,,,,,,,,,,,,,0.134160,-0.001543,0.144379,,,,,,
209992,,,,,,,,,1.126167,8.481645,,,106.212379,132.401077,0.138757,0.324338,,,,,,,,,,,,
209997,,,,,,,,,,,,,,,,,,,,0.135611,0.009343,0.058594,,,,,,
210001,,,,,,,,,0.878959,9.134077,,,94.267975,123.382202,0.251958,0.411421,,,,,,,,,,,,
210008,,,,,,,,,,,,,,,,,,,,0.137772,0.020311,-0.021870,,,,,,
210012,0.140666,0.017403,0.041242,0.047557,0.547895,1.089437,1.026319,-3.416751,0.824024,5.219474,,,85.307037,114.704636,0.337116,0.496827,,,,,,,,,,,,
210015,,,,,,,,,,,-15.736512,39.744926,,,,,-0.071157,0.533880,1.048194,0.140309,0.030442,-0.093970,,,,,,
210022,,,,,,,,,0.961362,5.871906,,,78.856392,107.947876,-0.405188,-0.130343,,,,,,,,,,,,
210027,,,,,,,,,,,,,,,,,,,,0.142563,0.039774,-0.157814,,,,,,
210032,,,,,,,,,0.357077,3.262171,,,68.527931,96.272758,-0.318756,-0.024898,,,,,,,,,,,,
210037,,,,,,,,,,,,,,,,,,,,0.145027,0.048887,-0.218957,,,,,,
210041,,,,,,,,,0.109870,9.134078,,,54.936676,85.904778,-0.196978,0.069550,,,,,,,,,,,,
210047,,,,,,,,,,,,,,,,,,,,0.147988,0.057233,-0.277789,,,,,,
210051,,,,,,,,,-0.109870,2.609737,,,44.045540,72.280266,-0.100023,0.199288,,,,,,,,,,,,
210057,,,,,,,,,,,,,,,,,,,,0.150760,0.064867,-0.317279,,,,,,
210062,0.149683,0.060874,-0.281724,0.075404,0.592203,0.933000,1.038650,-3.269751,-0.054935,1.304868,,,35.970825,60.816605,-0.029618,0.309710,,,,,,,,,,,,
210065,,,,,,,,,,,-69.148247,-8.817911,,,,,-0.219066,0.489732,1.214724,0.153359,0.071519,-0.345818,,,,,,
210072,,,,,,,,,0.054935,1.304868,,,30.265846,52.260170,-0.526568,-0.102569,,,,,,,,,,,,
210077,,,,,,,,,,,,,,,,,,,,0.155642,0.077549,-0.363010,,,,,,
210082,,,,,,,,,0.000000,5.219473,,,23.287506,46.149872,-0.475272,-0.052460,,,,,,,,,,,,
210087,,,,,,,,,,,,,,,,,,,,0.157576,0.083131,-0.377446,,,,,,
210092,,,,,,,,,-0.302142,7.176775,,,13.604130,38.830498,-0.394989,0.011204,,,,,,,,,,,,
210097,,,,,,,,,,,,,,,,,,,,0.159195,0.087969,-0.375074,,,,,,
210102,,,,,,,,,-0.329610,7.829210,,,4.911994,32.671974,-0.322879,0.064492,,,,,,,,,,,,
210107,,,,,,,,,,,,,,,,,,,,0.160786,0.092329,-0.361431,,,,,,
210111,,,,,,,,,-0.329610,7.829210,,,-2.401568,27.490194,-0.263093,0.109048,,,,,,,,,,,,
210114,0.158481,0.089859,-0.321924,0.110172,0.632784,0.796304,1.057813,-2.959354,,,-62.888508,-1.694398,,,,,-0.217605,0.499750,1.118228,,,,,,,,,
210117,,,,,,,,,,,,,,,,,,,,0.161253,0.096483,-0.339062,,,,,,
210122,,,,,,,,,-0.302142,7.176775,,,-8.010654,23.130245,-0.155380,0.218917,,,,,,,,,,,,
210127,,,,,,,,,,,,,,,,,,,,0.160509,0.100765,-0.307708,,,,,,
210133,,,,,,,,,-0.082402,3.262171,,,-8.918337,20.006329,-0.157097,0.245816,,,,,,,,,,,,
210137,,,,,,,,,,,,,,,,,,,,0.160155,0.104471,-0.268601,,,,,,
210141,,,,,,,,,-0.082402,8.481645,,,-11.860233,19.556038,-0.137884,0.246069,,,,,,,,,,,,
210147,,,,,,,,,,,,,,,,,,,,0.158912,0.107374,-0.218185,,,,,,
210151,,,,,,,,,-0.027467,7.176776,,,-13.246458,19.177164,-0.133950,0.245684,,,,,,,,,,,,
210157,,,,,,,,,,,,,,,,,,,,0.158098,0.109869,-0.168000,,,,,,
210162,0.158130,0.108190,-0.148066,0.150598,0.669620,0.687223,1.081893,-2.481776,0.000000,7.829210,,,-14.412827,19.402922,-0.131982,0.239207,,,,,,,,,,,,
210165,,,,,,,,,,,-8.285730,48.244759,,,,,-0.090275,0.554176,0.835289,0.156248,0.111491,-0.103661,,,,,,
210172,,,,,,,,,0.000000,6.524341,,,-14.849668,19.048332,0.419727,0.747983,,,,,,,,,,,,
210177,,,,,,,,,,,,,,,,,,,,0.154886,0.112493,-0.042629,,,,,,
210181,,,,,,,,,0.412012,7.176776,,,-11.405422,23.106327,0.385909,0.712431,,,,,,,,,,,,
210187,,,,,,,,,,,,,,,,,,,,0.152983,0.112845,0.030067,,,,,,
210192,,,,,,,,,0.384545,5.219473,,,-5.240175,25.431635,0.323647,0.693741,,,,,,,,,,,,
210197,,,,,,,,,,,,,,,,,,,,0.150912,0.112542,0.102952,,,,,,
210202,,,,,,,,,1.373374,13.048682,,,1.036349,40.457188,0.259017,0.545043,,,,,,,,,,,,
210207,,,,,,,,,,,,,,,,,,,,0.150671,0.112446,0.169904,,,,,,
210212,0.157120,0.112903,0.195266,0.195155,0.703245,0.611967,1.106498,-1.860729,1.400841,12.396250,,,9.040132,52.555145,0.175514,0.423201,,,,,,,,,,,,
210215,,,,,,,,,,,86.715073,125.180107,,,,,0.151855,0.571743,0.416701,0.151885,0.112944,0.221920,,,,,,
210222,,,,,,,,,1.016297,12.396250,,,13.051798,60.011646,1.000000,1.000000,,,,,,,,,,,,
210227,,,,,,,,,,,,,,,,,,,,0.152247,0.113499,0.286398,,,,,,
210233,,,,,,,,,0.576817,7.176776,,,13.704497,59.206482,1.000000,1.000000,,,,,,,,,,,,
210237,,,,,,,,,,,,,,,,,,,,0.153801,0.114237,0.342269,,,,,,
210242,,,,,,,,,2.224866,3.262171,,,31.679062,73.231682,0.939475,1.000000,,,,,,,,,,,,
210247,,,,,,,,,,,,,,,,,,,,0.155654,0.115248,0.395821,,,,,,
210252,,,,,,,,,2.444606,4.567042,,,49.525574,87.755203,0.768448,0.884657,,,,,,,,,,,,
210257,,,,,,,,,,,,,,,,,,,,0.157612,0.116275,0.446744,,,,,,
210262,0.168760,0.118758,0.431126,0.242105,0.734684,0.574851,1.125396,-1.135408,2.746748,1.304868,,,68.353424,101.608917,0.583842,0.750834,,,,,,,,,,,,
210265,,,,,,,,,,,149.244675,172.243546,,,,,0.324025,0.528916,0.143725,0.159935,0.117558,0.497926,,,,,,
210272,,,,,,,,,2.554476,1.957303,,,81.472458,111.631805,1.000000,1.000000,,,,,,,,,,,,
210277,,,,,,,,,,,,,,,,,,,,0.162644,0.118863,0.543739,,,,,,
210282,,,,,,,,,2.691813,2.609733,,,94.688988,121.698685,0.970248,1.000000,,,,,,,,,,,,
210287,,,,,,,,,,,,,,,,,,,,0.165488,0.120594,0.595756,,,,,,
210293,,,,,,,,,2.197398,7.829207,,,98.185768,125.812614,0.945492,1.000000,,,,,,,,,,,,
210297,,,,,,,,,,,,,,,,,,,,0.169236,0.122769,0.639302,,,,,,
210302,,,,,,,,,3.048890,-4.567039,,,114.741547,135.808594,0.786835,0.918276,,,,,,,,,,,,
210307,,,,,,,,,,,,,,,,,,,,0.172995,0.125148,0.686143,,,,,,
210311,,,,,,,,,3.268630,-0.652430,,,128.127029,146.397385,0.657203,0.817557,,,,,,,,,,,,
210314,0.185069,0.130419,0.662008,0.289553,0.765321,0.578889,1.132471,-0.339417,,,199.535278,207.421982,,,,,0.472688,0.436558,-0.083119,,,,,,,,,
210317,,,,,,,,,,,,,,,,,,,,0.177060,0.127798,0.733351,,,,,,
210322,,,,,,,,,2.884085,3.262171,,,136.122314,153.128616,1.000000,1.000000,,,,,,,,,,,,
210327,,,,,,,,,,,,,,,,,,,,0.181172,0.130683,0.778009,,,,,,
210332,,,,,,,,,3.213695,1.957300,,,145.572266,161.514984,1.000000,1.000000,,,,,,,,,,,,
210338,,,,,,,,,,,,,,,,,,,,0.185818,0.133962,0.819999,,,,,,
210342,,,,,,,,,3.323565,-0.652435,,,155.701614,168.571274,0.916605,0.975413,,,,,,,,,,,,
210362,,,,,,,,,-0.000000,0.000000,,,129.473038,134.918732,1.000000,1.000000,,,,0.190645,0.137546,0.859394,,,,,,
210365,0.190176,0.136950,0.842829,0.335534,0.796701,0.626396,1.124039,0.508726,,,234.755432,233.917511,,,,,0.589238,0.330454,-0.216433,0.195582,0.141517,0.905294,,,,,,
210368,,,,,,,,,,,,,,,,,,,,0.200838,0.145737,0.948557,,,,,,
210372,,,,,,,,,2.581943,7.829213,,,131.264862,140.747757,1.000000,1.000000,,,,,,,,,,,,
210377,,,,,,,,,,,,,,,,,,,,0.206363,0.150477,0.992310,,,,,,
210382,,,,,,,,,3.543305,-1.957303,,,146.386093,152.731369,1.000000,1.000000,,,,,,,,,,,,
210387,,,,,,,,,,,,,,,,,,,,0.211879,0.155577,1.036633,,,,,,
210393,,,,,,,,,2.307268,-2.609736,,,147.129135,151.923508,1.000000,1.000000,,,,,,,,,,,,
210397,,,,,,,,,,,,,,,,,,,,0.217702,0.161029,1.081569,,,,,,
210402,,,,,,,,,3.405967,-3.914604,,,159.189743,159.956467,1.000000,1.000000,,,,,,,,,,,,
210407,,,,,,,,,,,,,,,,,,,,0.223590,0.167082,1.120533,,,,,,
210412,0.231768,0.175427,1.080719,0.378083,0.830313,0.718702,1.100715,1.396587,3.680642,-3.914604,,,172.060257,169.438110,1.000000,1.000000,,,,,,,,,,,,
210415,,,,,,,,,,,251.733475,240.691833,,,,,0.646674,0.179158,-0.362017,0.229493,0.173492,1.166706,,,,,,
210422,,,,,,,,,3.103825,-3.262174,,,176.899536,171.970535,1.000000,1.000000,,,,,,,,,,,,
210427,,,,,,,,,,,,,,,,,,,,0.235691,0.180295,1.210117,,,,,,
210431,,,,,,,,,3.790512,-6.524342,,,187.505814,179.546753,1.000000,1.000000,,,,,,,,,,,,
210437,,,,,,,,,,,,,,,,,,,,0.241603,0.187347,1.257810,,,,,,
210441,,,,,,,,,3.708110,-1.957300,,,196.974472,187.010468,1.000000,1.000000,,,,,,,,,,,,
210447,,,,,,,,,,,,,,,,,,,,0.247934,0.195061,1.306221,,,,,,
210453,,,,,,,,,2.499541,-8.481646,,,194.050537,178.587769,1.000000,1.000000,,,,,,,,,,,,
210457,,,,,,,,,,,,,,,,,,,,0.254172,0.202911,1.344617,,,,,,
210462,0.259810,0.213970,1.314136,0.415338,0.867372,0.854347,1.068188,2.291904,3.653175,-1.957303,,,198.669403,184.025406,1.000000,1.000000,,,,,,,,,,,,
210465,,,,,,,,,,,257.358307,240.005783,,,,,0.671480,0.015434,-0.459789,0.260119,0.211439,1.391164,,,,,,
210472,,,,,,,,,3.158760,-3.262168,,,201.466629,186.422455,1.000000,1.000000,,,,,,,,,,,,
210477,,,,,,,,,,,,,,,,,,,,0.266295,0.220346,1.438570,,,,,,
210482,,,,,,,,,3.845447,-5.219474,,,209.810196,192.795685,1.000000,1.000000,,,,,,,,,,,,
210487,,,,,,,,,,,,,,,,,,,,0.272439,0.229921,1.482999,,,,,,
210492,,,,,,,,,3.845447,-3.914604,,,216.285919,197.613571,1.000000,1.000000,,,,,,,,,,,,
210497,,,,,,,,,,,,,,,,,,,,0.278374,0.240016,1.532580,,,,,,
210501,,,,,,,,,3.735577,-5.219474,,,221.190048,200.578247,1.000000,1.000000,,,,,,,,,,,,
210507,,,,,,,,,,,,,,,,,,,,0.284420,0.250216,1.586204,,,,,,
210512,0.285106,0.255497,1.546848,0.445633,0.908631,1.026142,1.036390,3.110491,2.087528,-3.914604,,,208.435547,189.459152,1.000000,1.000000,,,,,,,,,,,,
210515,,,,,,,,,,,251.377518,230.446701,,,,,0.656791,-0.144842,-0.520707,0.289985,0.260916,1.636087,,,,,,
210522,,,,,,,,,3.296098,-2.609736,,,209.139328,190.994415,1.000000,1.000000,,,,,,,,,,,,
210527,,,,,,,,,,,,,,,,,,,,0.295339,0.272001,1.684829,,,,,,
210532,,,,,,,,,3.790512,-5.219471,,,215.721451,196.097992,1.000000,1.000000,,,,,,,,,,,,
210537,,,,,,,,,,,,,,,,,,,,0.300818,0.283728,1.732692,,,,,,
210542,,,,,,,,,3.845448,-6.524345,,,222.348740,200.392136,1.000000,1.000000,,,,,,,,,,,,
210547,,,,,,,,,,,,,,,,,,,,0.305798,0.295922,1.790085,,,,,,
210552,,,,,,,,,2.224866,-3.262171,,,210.499557,189.302551,1.000000,1.000000,,,,,,,,,,,,
210557,,,,,,,,,,,,,,,,,,,,0.310658,0.308201,1.842795,,,,,,
210562,0.310108,0.319498,1.798489,0.467611,0.954262,1.219969,1.016505,3.713054,3.763045,-4.567039,,,216.321411,194.674454,1.000000,1.000000,,,,,,,,,,,,
210565,,,,,,,,,,,229.654907,204.571793,,,,,0.582827,-0.296723,-0.578520,0.314890,0.321300,1.901168,,,,,,
210572,,,,,,,,,3.296098,-2.609736,,,215.774490,195.382568,0.869948,0.926759,,,,,,,,,,,,
210577,,,,,,,,,,,,,,,,,,,,0.319024,0.334018,1.958489,,,,,,
210582,,,,,,,,,3.708110,-5.871910,,,220.759735,198.701080,0.821874,0.894748,,,,,,,,,,,,
210587,,,,,,,,,,,,,,,,,,,,0.322710,0.347348,2.017947,,,,,,
210592,,,,,,,,,3.625707,-5.219471,,,223.865234,200.948746,0.791977,0.872996,,,,,,,,,,,,
210597,,,,,,,,,,,,,,,,,,,,0.326085,0.361098,2.079443,,,,,,
210601,,,,,,,,,3.460902,-3.914606,,,224.300034,201.750839,0.788700,0.865539,,,,,,,,,,,,
210607,,,,,,,,,,,,,,,,,,,,0.329134,0.375112,2.143115,,,,,,
210612,0.326870,0.379541,2.078418,0.480304,1.003773,1.418569,1.016037,3.979581,2.169931,-8.481643,,,213.775009,187.723053,0.897127,1.000000,,,,,,,,,,,,
210615,,,,,,,,,,,198.835068,166.409576,,,,,0.470934,-0.437526,-0.659849,0.331589,0.389199,2.208770,,,,,,
210622,,,,,,,,,2.664345,3.262171,,,204.919250,185.721848,0.676269,0.643714,,,,,,,,,,,,
210627,,,,,,,,,,,,,,,,,,,,0.333462,0.403683,2.279345,,,,,,
210632,,,,,,,,,3.158760,-3.262168,,,205.091614,186.216217,0.673294,0.634809,,,,,,,,,,,,
210637,,,,,,,,,,,,,,,,,,,,0.335181,0.418056,2.351954,,,,,,
210642,,,,,,,,,2.856618,-3.914606,,,202.513931,183.364914,0.698335,0.659931,,,,,,,,,,,,
210647,,,,,,,,,,,,,,,,,,,,0.336075,0.432615,2.426354,,,,,,
210651,,,,,,,,,2.719280,-5.871907,,,199.800522,178.787659,0.725276,0.703228,,,,,,,,,,,,
210657,,,,,,,,,,,,,,,,,,,,0.336581,0.447305,2.508492,,,,,,
210662,0.331181,0.451704,2.450151,0.483215,1.056032,1.608828,1.034469,3.919244,2.636878,-5.219477,,,196.428375,173.847275,0.759479,0.751145,,,,,,,,,,,,
210665,,,,,,,,,,,141.756119,95.306107,,,,,0.268233,-0.562474,-0.841323,0.336359,0.462165,2.586567,,,,,,
210672,,,,,,,,,1.208569,-3.914605,,,178.888382,157.165939,0.356663,0.194551,,,,,,,,,,,,
210677,,,,,,,,,,,,,,,,,,,,0.335533,0.476279,2.669619,,,,,,
210682,,,,,,,,,2.499541,-7.176775,,,178.288361,154.021133,0.355357,0.214256,,,,,,,,,,,,
210687,,,,,,,,,,,,,,,,,,,,0.334514,0.490472,2.754758,,,,,,
210692,,,,,,,,,1.950191,-8.481646,,,172.882614,145.385117,0.403189,0.290601,,,,,,,,,,,,
210697,,,,,,,,,,,,,,,,,,,,0.332614,0.504697,2.838956,,,,,,
210702,,,,,,,,,1.593114,-9.134080,,,165.066971,134.306961,0.476683,0.393582,,,,,,,,,,,,
210707,,,,,,,,,,,,,,,,,,,,0.330088,0.518742,2.919751,,,,,,
210712,0.327517,0.515679,2.858305,0.476353,1.109339,1.785972,1.062898,3.675608,0.878959,-5.219473,,,154.134537,124.441269,0.583532,0.486412,,,,,,,,,,,,
210715,,,,,,,,,,,68.305977,8.168498,,,,,0.023033,-0.611599,-1.072332,0.327347,0.531930,2.997533,,,,,,
210722,,,,,,,,,1.812854,-6.524342,,,145.480530,115.051186,-0.079864,-0.312440,,,,,,,,,,,,
210727,,,,,,,,,,,,,,,,,,,,0.324512,0.544861,3.075185,,,,,,
210732,,,,,,,,,1.016297,-9.786514,,,136.565430,102.794029,-0.004365,-0.208793,,,,,,,,,,,,
210737,,,,,,,,,,,,,,,,,,,,0.321122,0.556806,-3.133291,,,,,,
210741,,,,,,,,,0.329610,-7.829210,,,121.440651,86.490883,0.136256,-0.061426,,,,,,,,,,,,
210747,,,,,,,,,,,,,,,,,,,,0.317556,0.568406,-3.058547,,,,,,
210751,,,,,,,,,0.164805,-3.914605,,,105.991951,72.773415,0.283205,0.062827,,,,,,,,,,,,
210757,,,,,,,,,,,,,,,,,,,,0.313707,0.579383,-3.000460,,,,,,
210761,,,,,,,,,0.219740,-5.219473,,,93.537956,61.231541,0.402699,0.167633,,,,,,,,,,,,
210764,0.314002,0.574362,-3.058017,0.460243,1.161556,1.952652,1.087970,3.419933,,,-1.112081,-68.468071,,,,,-0.194749,-0.572936,-1.272516,,,,,,,,,
210767,,,,,,,,,,,,,,,,,,,,0.310210,0.589245,-2.956074,,,,,,
210772,,,,,,,,,0.192272,-3.262171,,,81.970085,52.064751,-0.192419,-0.531171,,,,,,,,,,,,
210777,,,,,,,,,,,,,,,,,,,,0.306868,0.598371,-2.922751,,,,,,
210782,,,,,,,,,0.302142,-9.786513,,,76.048683,42.718185,-0.148638,-0.459942,,,,,,,,,,,,
210787,,,,,,,,,,,,,,,,,,,,0.303895,0.606810,-2.897685,,,,,,
210792,,,,,,,,,-0.302142,-5.871907,,,63.442810,31.042187,-0.035490,-0.363084,,,,,,,,,,,,
210797,,,,,,,,,,,,,,,,,,,,0.301159,0.614801,-2.883693,,,,,,
210802,,,,,,,,,-0.274675,-5.219473,,,52.836227,20.673460,0.059786,-0.277226,,,,,,,,,,,,
210807,,,,,,,,,,,,,,,,,,,,0.298447,0.621865,-2.883796,,,,,,
210811,,,,,,,,,-0.219740,-5.219473,,,44.456394,13.038301,0.134471,-0.217175,,,,,,,,,,,,
210814,0.300675,0.617866,-2.920285,0.435880,1.210326,2.116126,1.096998,3.272406,,,-18.124691,-85.567123,,,,,-0.261955,-0.548332,-1.246773,,,,,,,,,
210817,,,,,,,,,,,,,,,,,,,,0.295934,0.628177,-2.892470,,,,,,
210822,,,,,,,,,-0.109870,-5.219473,,,38.494690,7.703165,0.012638,-0.353468,,,,,,,,,,,,
210827,,,,,,,,,,,,,,,,,,,,0.293497,0.633761,-2.917632,,,,,,
210832,,,,,,,,,-0.109870,-2.609737,,,32.389427,4.303269,0.063588,-0.337444,,,,,,,,,,,,
210837,,,,,,,,,,,,,,,,,,,,0.291338,0.638883,-2.946054,,,,,,
210842,,,,,,,,,-0.329610,-9.134079,,,27.797003,-3.458292,0.100328,-0.276250,,,,,,,,,,,,
210847,,,,,,,,,,,,,,,,,,,,0.290411,0.643663,-2.976647,,,,,,
210852,,,,,,,,,-0.219740,-7.829210,,,24.477480,-8.355239,0.125003,-0.242723,,,,,,,,,,,,
210857,,,,,,,,,,,,,,,,,,,,0.290813,0.647945,-3.010027,,,,,,
210862,0.292099,0.645469,-3.024386,0.404650,1.253267,2.286158,1.081742,3.299626,-0.109870,-5.219473,,,21.684435,-9.752813,0.144971,-0.243910,,,,,,,,,,,,
210865,,,,,,,,,,,16.271896,-42.983204,,,,,-0.182853,-0.590466,-0.972641,0.290706,0.652062,-3.054336,,,,,,
210873,,,,,,,,,0.000000,-3.914605,,,19.878910,-10.384189,0.506271,0.181723,,,,,,,,,,,,
210877,,,,,,,,,,,,,,,,,,,,0.291144,0.654937,-3.104481,,,,,,
210882,,,,,,,,,0.082402,-9.786512,,,21.627001,-12.004515,0.487719,0.191731,,,,,,,,,,,,
210887,,,,,,,,,,,,,,,,,,,,0.291148,0.657421,3.123242,,,,,,
210892,,,,,,,,,0.412012,-9.786511,,,26.365103,-10.100597,0.438319,0.166115,,,,,,,,,,,,
210897,,,,,,,,,,,,,,,,,,,,0.291793,0.659246,3.065119,,,,,,
210902,,,,,,,,,0.494415,-11.743815,,,31.440828,-8.498641,0.384528,0.143199,,,,,,,,,,,,
210907,,,,,,,,,,,,,,,,,,,,0.292554,0.660546,3.007568,,,,,,
210912,0.290574,0.659549,2.982089,0.368229,1.288198,2.473748,1.040438,3.538587,0.466947,-11.091381,,,36.256088,-7.150755,0.332379,0.122553,,,,,,,,,,,,
210915,,,,,,,,,,,80.400383,46.247040,,,,,0.023178,-0.633003,-0.508341,0.293861,0.661204,2.947454,,,,,,
210922,,,,,,,,,0.494415,-11.743815,,,39.763103,-6.016644,0.946721,1.000000,,,,,,,,,,,,
210927,,,,,,,,,,,,,,,,,,,,0.294354,0.661294,2.892531,,,,,,
210933,,,,,,,,,0.466947,-5.871908,,,41.080276,-2.884231,0.941413,0.992470,,,,,,,,,,,,
210937,,,,,,,,,,,,,,,,,,,,0.291450,0.661850,2.827470,,,,,,
210942,,,,,,,,,2.224866,-5.871907,,,58.524841,17.176764,0.771343,0.797674,,,,,,,,,,,,
210947,,,,,,,,,,,,,,,,,,,,0.289849,0.662684,2.774304,,,,,,
210951,,,,,,,,,2.114996,-3.262168,,,72.113609,33.511536,0.637112,0.636873,,,,,,,,,,,,
210957,,,,,,,,,,,,,,,,,,,,0.287999,0.663729,2.714936,,,,,,
210961,,,,,,,,,2.060061,-4.567036,,,82.458107,46.711071,0.533256,0.504785,,,,,,,,,,,,
210964,0.279900,0.665741,2.718173,0.328428,1.313378,2.689281,0.978627,4.001602,,,123.330452,123.742706,,,,,0.221859,-0.610383,-0.028892,,,,,,,,,
210967,,,,,,,,,,,,,,,,,,,,0.285337,0.664905,2.661116,,,,,,
210973,,,,,,,,,1.290972,-1.957303,,,83.538368,51.827183,0.959712,1.000000,,,,,,,,,,,,
210977,,,,,,,,,,,,,,,,,,,,0.282336,0.666309,2.603916,,,,,,
210981,,,,,,,,,2.389671,-3.262171,,,95.338158,64.844574,0.847313,1.000000,,,,,,,,,,,,
210987,,,,,,,,,,,,,,,,,,,,0.278897,0.667630,2.554952,,,,,,
210992,,,,,,,,,2.499541,-1.957306,,,105.811043,79.609200,0.746088,0.985750,,,,,,,,,,,,
210997,,,,,,,,,,,,,,,,,,,,0.274956,0.669608,2.502529,,,,,,
211001,,,,,,,,,2.691813,2.609733,,,114.622932,93.665787,0.659711,0.851199,,,,,,,,,,,,
211007,,,,,,,,,,,,,,,,,,,,0.271202,0.671754,2.452840,,,,,,
211012,0.260879,0.675597,2.488812,0.287075,1.327651,2.937177,0.908898,4.637468,2.829150,3.262171,,,122.581795,108.760254,0.580272,0.703251,,,,,,,,,,,,
211015,,,,,,,,,,,139.747284,173.710907,,,,,0.375246,-0.533902,0.448364,0.266943,0.673829,2.405760,,,,,,
211022,,,,,,,,,2.389671,4.567042,,,125.466576,117.648941,0.718448,1.000000,,,,,,,,,,,,
211027,,,,,,,,,,,,,,,,,,,,0.262223,0.676823,2.351921,,,,,,
211032,,,,,,,,,1.565646,3.262170,,,125.171112,120.226990,0.724318,1.000000,,,,,,,,,,,,
211037,,,,,,,,,,,,,,,,,,,,0.257200,0.679914,2.303637,,,,,,
211041,,,,,,,,,2.856618,5.219471,,,124.922516,127.297050,0.729769,1.000000,,,,,,,,,,,,
211047,,,,,,,,,,,,,,,,,,,,0.252234,0.683283,2.258063,,,,,,
211052,,,,,,,,,2.884085,11.091381,,,130.158768,140.324860,0.679324,0.925156,,,,,,,,,,,,
211057,,,,,,,,,,,,,,,,,,,,0.246684,0.686922,2.208823,,,,,,
211062,0.236274,0.691426,2.278904,0.245865,1.330585,-3.075433,0.848667,5.248053,3.048890,11.091378,,,135.109100,152.920090,0.630749,0.803362,,,,,,,,,,,,
211065,,,,,,,,,,,136.948029,196.155640,,,,,0.479263,-0.422993,0.928848,0.240964,0.691281,2.161894,,,,,,
211073,,,,,,,,,1.593114,5.219473,,,127.294357,146.636871,0.682834,1.000000,,,,,,,,,,,,
211077,,,,,,,,,,,,,,,,,,,,0.234890,0.695900,2.117585,,,,,,
211082,,,,,,,,,2.527008,10.438947,,,127.798096,151.696487,0.679627,1.000000,,,,,,,,,,,,
211087,,,,,,,,,,,,,,,,,,,,0.229353,0.700680,2.066624,,,,,,
211092,,,,,,,,,2.829150,11.091378,,,130.944656,161.399078,0.649362,0.968766,,,,,,,,,,,,
211097,,,,,,,,,,,,,,,,,,,,0.223264,0.706138,2.014630,,,,,,
211102,,,,,,,,,3.048890,13.701117,,,134.136719,170.107391,0.618004,0.886893,,,,,,,,,,,,
211107,,,,,,,,,,,,,,,,,,,,0.216970,0.711865,1.968466,,,,,,
211111,,,,,,,,,2.691813,13.048684,,,134.644348,176.890015,0.613388,0.822920,,,,,,,,,,,,
211114,0.209310,0.716645,2.049293,0.206260,1.322501,-2.808030,0.814331,5.483375,,,122.685768,195.324631,,,,,0.539216,-0.276256,1.425863,,,,,,,,,
211117,,,,,,,,,,,,,,,,,,,,0.210644,0.718287,1.917983,,,,,,
211122,,,,,,,,,2.472073,9.134081,,,133.982376,177.151489,0.475126,0.815629,,,,,,,,,,,,
211127,,,,,,,,,,,,,,,,,,,,0.204568,0.724889,1.863537,,,,,,
211132,,,,,,,,,1.867789,1.304868,,,125.257248,168.114258,0.561863,0.911444,,,,,,,,,,,,
211137,,,,,,,,,,,,,,,,,,,,0.198393,0.732010,1.814821,,,,,,
211141,,,,,,,,,2.417138,18.268160,,,127.173157,173.034821,0.541806,0.866696,,,,,,,,,,,,
211147,,,,,,,,,,,,,,,,,,,,0.192061,0.739654,1.768671,,,,,,
211152,,,,,,,,,2.554476,17.615721,,,124.973404,177.174988,0.563346,0.828924,,,,,,,,,,,,
211157,,,,,,,,,,,,,,,,,,,,0.186066,0.748013,1.714243,,,,,,
211161,,,,,,,,,2.472073,13.048684,,,123.667076,180.113968,0.576213,0.802577,,,,,,,,,,,,
211164,0.181089,0.753142,1.797138,0.169422,1.304445,-2.571661,0.812444,5.112545,,,98.565125,170.894852,,,,,0.539859,-0.112351,1.914386,,,,,,,,,
211167,,,,,,,,,,,,,,,,,,,,0.179918,0.756416,1.669752,,,,,,
211172,,,,,,,,,2.252333,14.353556,,,120.934303,178.775024,0.357861,0.570092,,,,,,,,,,,,
211177,,,,,,,,,,,,,,,,,,,,0.174075,0.765418,1.616765,,,,,,
211182,,,,,,,,,2.169931,12.396250,,,118.090401,178.192978,0.382395,0.574453,,,,,,,,,,,,
211187,,,,,,,,,,,,,,,,,,,,0.168963,0.774553,1.567196,,,,,,
211192,,,,,,,,,1.290972,8.481643,,,108.618484,166.267838,0.475103,0.694630,,,,,,,,,,,,
211197,,,,,,,,,,,,,,,,,,,,0.163812,0.784196,1.513105,,,,,,
211202,,,,,,,,,2.032593,7.829210,,,108.272415,163.313095,0.476623,0.725694,,,,,,,,,,,,
211207,,,,,,,,,,,,,,,,,,,,0.158773,0.794326,1.467977,,,,,,
211211,,,,,,,,,1.950191,9.786513,,,105.803062,160.826981,0.499868,0.752569,,,,,,,,,,,,
211214,0.157390,0.798397,1.536713,0.136178,1.278098,-2.379966,0.834896,4.296208,,,67.111404,127.604866,,,,,0.478699,0.037547,2.366506,,,,,,,,,
211217,,,,,,,,,,,,,,,,,,,,0.154630,0.804707,1.419932,,,,,,
211222,,,,,,,,,1.922724,9.134081,,,104.269890,158.190613,0.193231,0.339915,,,,,,,,,,,,
211227,,,,,,,,,,,,,,,,,,,,0.150642,0.815060,1.380456,,,,,,
211232,,,,,,,,,1.153634,7.829210,,,101.346252,152.705109,0.215621,0.389750,,,,,,,,,,,,
211237,,,,,,,,,,,,,,,,,,,,0.147303,0.826213,1.333831,,,,,,
211242,,,,,,,,,1.757919,6.524342,,,95.074501,143.733261,0.272746,0.476243,,,,,,,,,,,,
211247,,,,,,,,,,,,,,,,,,,,0.144282,0.837465,1.298934,,,,,,
211252,,,,,,,,,1.290972,5.871907,,,90.341995,136.184357,0.315425,0.550016,,,,,,,,,,,,
211257,,,,,,,,,,,,,,,,,,,,0.142213,0.848289,1.271189,,,,,,
211261,,,,,,,,,1.373374,6.524341,,,86.904610,130.377258,0.345840,0.607533,,,,,,,,,,,,
211264,0.143005,0.849851,1.320901,0.106997,1.245586,-2.231755,0.864024,3.379017,,,34.232517,77.438942,,,,,0.374538,0.132755,2.730529,,,,,,,,,
211267,,,,,,,,,,,,,,,,,,,,0.140549,0.859063,1.257679,,,,,,
211272,,,,,,,,,1.400841,5.871905,,,84.556938,126.580246,0.030463,0.134015,,,,,,,,,,,,
211277,,,,,,,,,,,,,,,,,,,,0.139390,0.870165,1.240508,,,,,,
211281,,,,,,,,,1.208569,7.829209,,,79.858887,121.207268,0.068318,0.178991,,,,,,,,,,,,
211287,,,,,,,,,,,,,,,,,,,,0.138857,0.881093,1.233581,,,,,,
211293,,,,,,,,,0.549350,2.609737,,,71.549599,109.062843,0.143947,0.294111,,,,,,,,,,,,
211297,,,,,,,,,,,,,,,,,,,,0.138877,0.892306,1.233573,,,,,,
211302,,,,,,,,,1.153634,3.914605,,,70.003601,104.289955,0.152253,0.336470,,,,,,,,,,,,
211307,,,,,,,,,,,,,,,,,,,,0.139598,0.903411,1.247016,,,,,,
211312,0.140517,0.902550,1.269678,0.082056,1.209304,-2.119454,0.881852,2.576480,0.878959,3.914604,,,65.980080,98.095879,0.186139,0.394279,,,,,,,,,,,,
211315,,,,,,,,,,,8.434612,39.726021,,,,,0.275613,0.146810,2.894054,0.140973,0.914242,1.270949,,,,,,
211322,,,,,,,,,0.988829,3.914606,,,63.139236,93.973267,-0.054373,0.047526,,,,,,,,,,,,
211327,,,,,,,,,,,,,,,,,,,,0.142989,0.925032,1.302160,,,,,,
211331,,,,,,,,,0.686687,3.262170,,,59.115318,87.781784,-0.024270,0.099830,,,,,,,,,,,,
211337,,,,,,,,,,,,,,,,,,,,0.145325,0.935359,1.341501,,,,,,
211342,,,,,,,,,0.631752,3.262170,,,54.640511,81.483185,0.011237,0.154465,,,,,,,,,,,,
211347,,,,,,,,,,,,,,,,,,,,0.147840,0.945879,1.388751,,,,,,
211353,,,,,,,,,0.274675,3.914605,,,47.063606,72.916290,0.079281,0.233496,,,,,,,,,,,,
211357,,,,,,,,,,,,,,,,,,,,0.149828,0.954171,1.436269,,,,,,
211361,,,,,,,,,0.576817,8.481646,,,41.777485,70.608994,0.125473,0.250392,,,,,,,,,,,,
211364,0.149310,0.952245,1.457870,0.061268,1.171667,-2.034837,0.875652,1.943975,,,-9.036263,23.315538,,,,,0.208103,0.112207,2.790478,,,,,,,,,
211368,,,,,,,,,,,,,,,,,,,,0.151623,0.961824,1.476424,,,,,,
211372,,,,,,,,,0.686687,5.871908,,,39.507915,68.667633,-0.036249,0.096630,,,,,,,,,,,,
211377,,,,,,,,,,,,,,,,,,,,0.153205,0.969868,1.518386,,,,,,
211382,,,,,,,,,0.604285,5.219473,,,37.053757,65.945084,-0.020925,0.115330,,,,,,,,,,,,
211387,,,,,,,,,,,,,,,,,,,,0.154204,0.976946,1.573662,,,,,,
211392,,,,,,,,,0.439480,6.524342,,,32.810654,62.565247,0.013137,0.141278,,,,,,,,,,,,
211397,,,,,,,,,,,,,,,,,,,,0.154705,0.984413,1.622641,,,,,,
211402,,,,,,,,,0.494415,6.524341,,,29.785053,60.265995,0.035628,0.156881,,,,,,,,,,,,
211407,,,,,,,,,,,,,,,,,,,,0.155272,0.991129,1.675939,,,,,,
211412,0.154784,0.988788,1.674060,0.044375,1.134946,-1.971238,0.839396,1.462731,0.219740,3.914605,,,26.694769,58.331406,0.059385,0.169223,,,,,,,,,,,,
211415,,,,,,,,,,,-19.754860,16.039642,,,,,0.156760,0.094754,2.637887,0.155387,0.996985,1.724064,,,,,,
211422,,,,,,,,,0.659220,9.134078,,,24.094604,55.614555,-0.030569,0.115718,,,,,,,,,,,,
211427,,,,,,,,,,,,,,,,,,,,0.155388,1.002117,1.775633,,,,,,
211431,,,,,,,,,0.439480,6.524342,,,21.906826,53.873142,-0.017024,0.125565,,,,,,,,,,,,
211442,,,,,,,,,0.357077,5.871907,,,19.521486,51.318829,-0.001026,0.144053,,,,,,,,,,,,
211451,,,,,,,,,0.357077,7.176776,,,16.969919,49.169632,0.017145,0.158919,,,,,,,,,,,,
211457,,,,,,,,,,,,,,,,,,,,0.152688,1.016069,1.944591,,,,,,
211461,,,,,,,,,0.274675,6.524341,,,14.278488,47.361298,0.037253,0.170738,,,,,,,,,,,,
211464,0.152566,1.014893,1.949260,0.031000,1.101064,-1.923650,0.772950,1.097803,,,-20.980770,19.375275,,,,,0.124991,0.081123,2.410276,,,,,,,,,
211467,,,,,,,,,,,,,,,,,,,,0.151573,1.019507,2.008045,,,,,,
211472,,,,,,,,,0.357077,7.176776,,,12.558461,46.384308,0.035486,0.208462,,,,,,,,,,,,
211477,,,,,,,,,,,,,,,,,,,,0.150449,1.022431,2.076506,,,,,,
211482,,,,,,,,,0.357077,5.871907,,,11.655774,45.017727,0.037986,0.216999,,,,,,,,,,,,
211487,,,,,,,,,,,,,,,,,,,,0.149098,1.024866,2.143653,,,,,,
211492,,,,,,,,,0.302142,7.176775,,,9.807167,43.867886,0.050314,0.223599,,,,,,,,,,,,
211497,,,,,,,,,,,,,,,,,,,,0.147522,1.026979,2.212627,,,,,,
211501,,,,,,,,,0.329610,7.829210,,,8.251749,43.444950,0.060022,0.223015,,,,,,,,,,,,
211507,,,,,,,,,,,,,,,,,,,,0.145706,1.028901,2.283503,,,,,,
211513,0.145894,1.028434,2.274616,0.020702,1.071468,-1.888400,0.680839,0.818213,0.192272,4.567039,-11.419344,31.007975,6.943020,40.366379,0.067524,0.249602,0.113825,0.067594,2.120169,,,,,,,,,
211517,,,,,,,,,,,,,,,,,,,,0.144077,1.030756,2.356429,,,,,,
211522,,,,,,,,,0.466947,11.091381,,,5.841856,43.221500,0.170698,0.334935,,,,,,,,,,,,
211527,,,,,,,,,,,,,,,,,,,,0.142438,1.032456,2.430957,,,,,,
211531,,,,,,,,,0.412012,7.176776,,,6.004424,42.901085,0.165587,0.335761,,,,,,,,,,,,
211537,,,,,,,,,,,,,,,,,,,,0.140806,1.034066,2.510518,,,,,,
211541,,,,,,,,,0.412012,7.176776,,,6.141208,43.720573,0.160707,0.325023,,,,,,,,,,,,
211547,,,,,,,,,,,,,,,,,,,,0.139215,1.035417,2.591997,,,,,,
211551,,,,,,,,,0.412012,8.481645,,,5.711754,44.410088,0.161576,0.315448,,,,,,,,,,,,
211557,,,,,,,,,,,,,,,,,,,,0.137928,1.036643,2.672506,,,,,,
211562,0.137152,1.037100,2.671964,0.013037,1.047088,-1.862813,0.570633,0.600874,0.439480,7.829209,,,5.894956,44.990246,0.156281,0.306850,,,,,,,,,,,,
211565,,,,,,,,,,,6.357167,45.839405,,,,,0.115198,0.047262,1.748408,0.135246,1.038450,2.751919,,,,,,
211572,,,,,,,,,0.302142,4.567039,,,6.593645,46.567478,0.327012,0.439246,,,,,,,,,,,,
211577,,,,,,,,,,,,,,,,,,,,0.131521,1.040528,2.824788,,,,,,
211581,,,,,,,,,0.604285,10.438947,,,6.636978,45.716389,0.326523,0.447782,,,,,,,,,,,,
211587,,,,,,,,,,,,,,,,,,,,0.128108,1.042273,2.903165,,,,,,
211591,,,,,,,,,0.576817,7.176776,,,8.307069,47.178455,0.309432,0.432893,,,,,,,,,,,,
211597,,,,,,,,,,,,,,,,,,,,0.123899,1.043555,2.975395,,,,,,
211602,,,,,,,,,0.714154,6.524342,,,11.345912,49.497723,0.278045,0.408969,,,,,,,,,,,,
211607,,,,,,,,,,,,,,,,,,,,0.119763,1.044838,3.047724,,,,,,
211612,0.118142,1.045151,3.043561,0.007558,1.028240,-1.844800,0.451439,0.429813,0.769089,6.524341,,,14.447338,51.993698,0.245413,0.382778,,,,,,,,,,,,
211615,,,,,,,,,,,20.064306,50.788483,,,,,0.108398,0.027653,1.394824,0.114708,1.046062,3.116823,,,,,,
211622,,,,,,,,,0.686687,5.871908,,,16.512335,53.004726,0.362545,0.421716,,,,,,,,,,,,
211627,,,,,,,,,,,,,,,,,,,,0.109272,1.047150,-3.094439,,,,,,
211632,,,,,,,,,0.384545,2.609737,,,16.616192,49.499058,0.362196,0.457030,,,,,,,,,,,,
211637,,,,,,,,,,,,,,,,,,,,0.103454,1.047729,-3.025224,,,,,,
211641,,,,,,,,,1.126167,7.176778,,,22.149010,55.806625,0.306451,0.392951,,,,,,,,,,,,
211647,,,,,,,,,,,,,,,,,,,,0.097361,1.047940,-2.955880,,,,,,
211652,,,,,,,,,0.851492,3.262170,,,25.715237,56.757465,0.269658,0.382249,,,,,,,,,,,,
211657,,,,,,,,,,,,,,,,,,,,0.090937,1.047860,-2.889061,,,,,,
211661,,,,,,,,,0.824024,5.219474,,,27.626772,58.102043,0.249031,0.367340,,,,,,,,,,,,
211664,0.089765,1.047497,-2.896590,0.003901,1.014922,-1.832883,0.332751,0.294373,,,25.734325,45.765621,,,,,0.091201,0.010775,1.063706,,,,,,,,,
211667,,,,,,,,,,,,,,,,,,,,0.084049,1.047496,-2.824868,,,,,,
211673,,,,,,,,,0.494415,2.609737,,,27.056965,54.877026,0.311164,0.347539,,,,,,,,,,,,
211677,,,,,,,,,,,,,,,,,,,,0.076846,1.046461,-2.760228,,,,,,
211681,,,,,,,,,1.098699,6.524342,,,30.389332,59.787102,0.276910,0.295634,,,,,,,,,,,,
211687,,,,,,,,,,,,,,,,,,,,0.070104,1.044857,-2.698020,,,,,,
211692,,,,,,,,,0.796557,4.567040,,,32.104099,60.106636,0.258488,0.289571,,,,,,,,,,,,
211697,,,,,,,,,,,,,,,,,,,,0.063346,1.042751,-2.641056,,,,,,
211701,,,,,,,,,0.741622,4.567040,,,32.457817,59.830952,0.253606,0.289515,,,,,,,,,,,,
211707,,,,,,,,,,,,,,,,,,,,0.056283,1.040125,-2.586611,,,,,,
211712,0.056063,1.039633,-2.596210,0.001663,1.006456,-1.825625,0.223227,0.187888,0.769089,3.914606,,,33.299976,59.598991,0.243671,0.289068,,,,,,,,,,,,
211715,,,,,,,,,,,22.526648,33.335621,,,,,0.063718,0.000144,0.770586,0.049642,1.036906,-2.537514,,,,,,
211722,,,,,,,,,0.796557,3.262171,,,34.553116,59.403820,0.196658,0.161506,,,,,,,,,,,,
211728,,,,,,,,,,,,,,,,,,,,0.043294,1.033298,-2.493846,,,,,,
211733,,,,,,,,,0.439480,2.609737,,,32.340248,55.427799,0.216824,0.196847,,,,,,,,,,,,
211737,,,,,,,,,,,,,,,,,,,,0.037071,1.029098,-2.452856,,,,,,
211742,,,,,,,,,0.961362,3.262171,,,35.379227,57.527805,0.183864,0.171009,,,,,,,,,,,,
211747,,,,,,,,,,,,,,,,,,,,0.031013,1.024433,-2.417389,,,,,,
211752,,,,,,,,,0.686687,1.957303,,,35.758053,56.027493,0.177429,0.181474,,,,,,,,,,,,
211757,,,,,,,,,,,,,,,,,,,,0.025383,1.019681,-2.390743,,,,,,
211761,,,,,,,,,0.659220,2.609737,,,35.532253,54.765129,0.177086,0.189811,,,,,,,,,,,,
211764,0.025700,1.019756,-2.397039,0.000499,1.001951,-1.821857,0.130292,0.106338,,,12.929132,17.948240,,,,,0.030598,-0.003984,0.575182,,,,,,,,,
211767,,,,,,,,,,,,,,,,,,,,0.019829,1.014772,-2.366878,,,,,,
211772,,,,,,,,,0.412012,0.652434,,,33.708637,50.435719,0.095191,0.072734,,,,,,,,,,,,
211777,,,,,,,,,,,,,,,,,,,,0.014532,1.009619,-2.348966,,,,,,
211782,,,,,,,,,0.878959,2.609737,,,35.986046,52.238384,0.067806,0.047849,,,,,,,,,,,,
211787,,,,,,,,,,,,,,,,,,,,0.009467,1.004492,-2.336975,,,,,,
211792,,,,,,,,,0.549350,1.304868,,,35.179543,49.943344,0.071421,0.064401,,,,,,,,,,,,
211797,,,,,,,,,,,,,,,,,,,,0.004498,0.999148,-2.327924,,,,,,
211801,,,,,,,,,0.494415,0.000000,,,34.500950,46.923210,0.073892,0.088807,,,,,,,,,,,,
211807,,,,,,,,,,,,,,,,,,,,-0.000357,0.993677,-2.321909,,,,,,
211811,,,,,,,,,0.466947,0.652434,,,33.385441,44.382072,0.080956,0.108932,,,,,,,,,,,,
211814,0.000415,0.994510,-2.325475,0.000061,1.000240,-1.820443,0.059594,0.047859,,,1.121502,3.186336,,,,,-0.003931,-0.004184,0.505032,,,,,,,,,
211817,,,,,,,,,,,,,,,,,,,,-0.005452,0.987958,-2.321794,,,,,,
211822,,,,,,,,,0.412012,-0.652434,,,32.446850,41.154873,-0.033999,-0.014009,,,,,,,,,,,,
211827,,,,,,,,,,,,,,,,,,,,-0.010324,0.982400,-2.321194,,,,,,
211832,,,,,,,,,0.192272,0.652434,,,30.023491,37.894962,-0.015546,0.011648,,,,,,,,,,,,
211837,,,,,,,,,,,,,,,,,,,,-0.013381,0.978954,-2.315524,,,,,,
211842,,,,,,,,,0.164805,1.304868,,,25.261761,32.973904,0.027243,0.054901,,,,,,,,,,,,
211847,,,,,,,,,,,,,,,,,,,,-0.015876,0.976109,-2.315560,,,,,,
211852,,,,,,,,,0.274675,0.000000,,,23.977959,30.466953,0.035510,0.074515,,,,,,,,,,,,
211857,,,,,,,,,,,,,,,,,,,,-0.018934,0.972644,-2.315491,,,,,,
211862,-0.018165,0.973543,-2.313591,0.000000,1.000000,-1.820245,0.015251,0.012174,0.302142,0.652434,,,22.897768,28.902149,0.041956,0.085020,,,,,,,,,,,,
211865,,,,,,,,,,,-8.355855,-7.837862,,,,,-0.031774,-0.004514,0.493346,-0.021518,0.969844,-2.312399,,,,,,
211872,,,,,,,,,0.137337,0.652434,,,20.355265,25.951895,-0.033134,-0.002478,,,,,,,,,,,,
211877,,,,,,,,,,,,,,,,,,,,-0.023543,0.967546,-2.309227,,,,,,
211882,,,,,,,,,0.302142,0.652434,,,19.849632,25.103180,-0.033719,-0.000579,,,,,,,,,,,,
211887,,,,,,,,,,,,,,,,,,,,-0.025513,0.965419,-2.303135,,,,,,
211892,,,,,,,,,0.164805,1.304868,,,17.790564,23.299986,-0.018358,0.011226,,,,,,,,,,,,
211897,,,,,,,,,,,,,,,,,,,,-0.026957,0.963752,-2.294214,,,,,,
211902,,,,,,,,,0.109870,1.304868,,,15.513521,21.238235,-0.000361,0.026028,,,,,,,,,,,,
211907,,,,,,,,,,,,,,,,,,,,-0.028002,0.962538,-2.287978,,,,,,
211911,,,,,,,,,0.109870,1.304868,,,13.597618,19.503479,0.014407,0.037907,,,,,,,,,,,,
211914,-0.027478,0.963113,-2.284653,0.000000,1.000000,-1.820245,0.015251,0.012174,,,-12.296215,-11.802411,,,,,-0.045872,-0.003382,0.464408,,,,,,,,,
211917,,,,,,,,,,,,,,,,,,,,-0.029016,0.961317,-2.281899,,,,,,
211922,,,,,,,,,,,,,,,-0.013732,0.012443,,,,,,,,,,,,
