ts,x,y,yaw,x_des,y_des,yaw_des,v_ff,w_ff,v_actual,w_actual,omega_l_cmd,omega_r_cmd,omega_l_meas,omega_r_meas,duty_l,duty_r,x_err,y_err,yaw_err,x_raw,y_raw,yaw_raw,acc_x,acc_y,acc_z,gyro_x,gyro_y,gyro_z
242397,,,,,,,,,-0.000000,0.000000,,,0.000000,0.000000,0.000000,0.000000,,,,0.042764,-1.012194,-2.196327,,,,,,
242407,,,,,,,,,-0.000000,0.000000,,,0.000000,0.000000,0.000000,0.000000,,,,0.042771,-1.012210,-2.196340,,,,,,
242417,,,,,,,,,-0.000000,0.000000,,,0.000000,0.000000,0.000000,0.000000,,,,0.042756,-1.012204,-2.196340,,,,,,
242427,,,,,,,,,-0.000000,0.000000,,,0.000000,0.000000,0.000000,0.000000,,,,0.042750,-1.012207,-2.196327,,,,,,
242437,,,,,,,,,-0.000000,0.000000,,,0.000000,0.000000,0.000000,0.000000,,,,0.042755,-1.012194,-2.196340,,,,,,
242440,0.042755,-1.012194,-2.196340,0.001110,-1.002185,-1.100233,0.018589,0.008938,,,4.573183,5.641067,,,,,0.016271,-0.039620,1.096107,,,,,,,,,
242447,,,,,,,,,-0.000000,0.000000,,,0.000000,0.000000,0.046646,0.057539,,,,0.042781,-1.012205,-2.199447,,,,,,
242457,,,,,,,,,-0.000000,0.000000,,,0.000000,0.000000,0.047561,0.058667,,,,0.042793,-1.012215,-2.199447,,,,,,
242467,,,,,,,,,-0.000000,0.000000,,,0.000000,0.000000,0.048476,0.059795,,,,0.042765,-1.012199,-2.196327,,,,,,
242477,,,,,,,,,-0.000000,0.000000,,,0.000000,0.000000,0.049390,0.060924,,,,0.042798,-1.012167,-2.196310,,,,,,
242488,0.042773,-1.012186,-2.196328,,,,,,-0.000000,0.000000,,,0.000000,0.000000,0.050305,0.062052,,,,0.042775,-1.012186,-2.196327,,,,,,
242491,,,,0.003684,-1.007228,-1.097477,0.072641,0.035112,,,5.275099,9.466361,,,,,0.018868,-0.034591,1.098851,,,,,,,,,
242497,,,,,,,,,-0.000000,0.000000,,,0.000000,0.000000,0.058379,0.102198,,,,0.042755,-1.012193,-2.196340,,,,,,
242507,,,,,,,,,-0.000000,0.000000,,,0.000000,0.000000,0.059434,0.104091,,,,0.042745,-1.012207,-2.196340,,,,,,
242517,,,,,,,,,-0.000000,0.000000,,,0.000000,0.000000,0.060489,0.105984,,,,0.042749,-1.012207,-2.196340,,,,,,
242527,,,,,,,,,0.027467,0.652434,,,0.000000,0.544543,0.061544,0.102323,,,,0.042809,-1.012184,-2.196310,,,,,,
242537,,,,,,,,,-0.000000,0.000000,,,0.000000,0.458179,0.062599,0.104989,,,,0.042805,-1.012213,-2.196327,,,,,,
242540,0.042803,-1.012211,-2.196327,0.008576,-1.016719,-1.092169,0.158836,0.077881,,,6.509402,15.751430,,,,,0.023695,-0.025106,1.104158,,,,,,,,,
242547,,,,,,,,,-0.000000,0.000000,,,0.000000,0.385511,0.076244,0.171639,,,,0.042836,-1.012156,-2.196327,,,,,,
242558,,,,,,,,,0.027467,0.652434,,,0.000000,0.868912,0.077546,0.169782,,,,0.042799,-1.012246,-2.196347,,,,,,
242567,,,,,,,,,0.027467,0.652434,,,0.000000,1.275646,0.078848,0.168610,,,,0.042707,-1.012283,-2.193217,,,,,,
242577,,,,,,,,,0.027467,0.652434,,,0.000000,1.617872,0.080150,0.168014,,,,0.042664,-1.012332,-2.187010,,,,,,
242587,,,,,,,,,0.027467,0.652434,,,0.000000,1.905820,0.081452,0.167904,,,,0.042480,-1.012586,-2.180766,,,,,,
242591,0.042441,-1.012649,-2.179334,0.016425,-1.031687,-1.083463,0.272347,0.137231,,,8.395900,24.323387,,,,,0.030493,-0.010462,1.095871,,,,,,,,,
242597,,,,,,,,,0.054935,1.304868,,,0.000000,2.692643,0.101996,0.250081,,,,0.042209,-1.012926,-2.174518,,,,,,
242608,,,,,,,,,0.054935,1.304868,,,0.000000,3.354676,0.103675,0.247655,,,,0.041856,-1.013298,-2.161999,,,,,,
242618,,,,,,,,,0.082402,1.957303,,,0.000000,4.456254,0.105354,0.240612,,,,0.041555,-1.013713,-2.149426,,,,,,
242627,,,,,,,,,0.109870,2.609737,,,0.000000,5.383121,0.107033,0.235132,,,,0.041164,-1.014151,-2.127318,,,,,,
242637,,,,,,,,,0.082402,1.957303,,,0.000000,6.707530,0.108713,0.225411,,,,0.040585,-1.014887,-2.108259,,,,,,
242641,0.040556,-1.014992,-2.106011,0.027771,-1.052766,-1.070437,0.406428,0.214064,,,12.273338,35.582642,,,,,0.039013,0.008268,1.035574,,,,,,,,,
242647,,,,,,,,,0.137337,3.262171,,,0.000000,8.366431,0.149942,0.326857,,,,0.039815,-1.015838,-2.082711,,,,,,
242658,,,,,,,,,0.164805,2.609737,,,0.544543,9.762230,0.146842,0.318064,,,,0.039080,-1.016916,-2.056958,,,,,,
242667,,,,,,,,,0.192272,4.567039,,,0.458179,12.025742,0.150069,0.300140,,,,0.038368,-1.018023,-2.024481,,,,,,
242677,,,,,,,,,0.219740,5.219473,,,0.385511,14.474803,0.153173,0.279871,,,,0.037605,-1.019287,-1.988320,,,,,,
242687,,,,,,,,,0.247207,4.567039,,,0.868912,15.990900,0.150620,0.268628,,,,0.036675,-1.020950,-1.948470,,,,,,
242691,0.036571,-1.021394,-1.942528,0.043043,-1.080105,-1.052024,0.552327,0.310504,,,21.824488,51.050476,,,,,0.052350,0.027355,0.890504,,,,,,,,,
242697,,,,,,,,,0.219740,3.914605,,,1.275646,17.811087,0.246174,0.411752,,,,0.035688,-1.022920,-1.908028,,,,,,
242707,,,,,,,,,0.357077,4.567039,,,2.706958,20.431679,0.235684,0.391670,,,,0.034750,-1.024999,-1.866982,,,,,,
242717,,,,,,,,,0.412012,5.871908,,,3.911263,23.181187,0.227224,0.369749,,,,0.033811,-1.027304,-1.828798,,,,,,
242728,,,,,,,,,0.466947,4.567039,,,6.013653,26.583710,0.209362,0.340617,,,,0.032785,-1.030134,-1.786492,,,,,,
242738,,,,,,,,,0.494415,5.219474,,,7.782603,28.902048,0.194481,0.321864,,,,0.031769,-1.033226,-1.743494,,,,,,
242741,0.031666,-1.034245,-1.738298,0.062527,-1.113278,-1.026915,0.699567,0.430324,,,37.552849,69.623436,,,,,0.072782,0.043605,0.711384,,,,,,,,,
242748,,,,,,,,,0.412012,4.567039,,,8.726454,30.852697,0.348091,0.495841,,,,0.030788,-1.036755,-1.703419,,,,,,
242758,,,,,,,,,0.549350,5.219473,,,10.609696,33.583061,0.334647,0.475745,,,,0.029927,-1.040560,-1.658871,,,,,,
242767,,,,,,,,,0.714154,5.219474,,,13.827887,37.514019,0.307210,0.442858,,,,0.029084,-1.044799,-1.613338,,,,,,
242777,,,,,,,,,0.796557,4.567040,,,17.624758,41.366070,0.273227,0.409988,,,,0.028470,-1.049294,-1.566921,,,,,,
242787,,,,,,,,,0.796557,4.567040,,,21.363987,45.696270,0.239073,0.371472,,,,0.027901,-1.054277,-1.520544,,,,,,
242791,0.028036,-1.055933,-1.519662,0.086343,-1.151248,-0.993420,0.836602,0.579593,,,57.325481,88.321655,,,,,0.098170,0.053359,0.526242,,,,,,,,,
242797,,,,,,,,,0.796557,4.567040,,,23.421087,47.161526,0.423009,0.552034,,,,0.027560,-1.059879,-1.471495,,,,,,
242807,,,,,,,,,0.824024,5.219474,,,25.696474,48.938938,0.406581,0.542136,,,,0.027277,-1.065688,-1.427138,,,,,,
242817,,,,,,,,,0.988829,2.609737,,,30.333702,53.157166,0.365607,0.506987,,,,0.027170,-1.071645,-1.380026,,,,,,
242827,,,,,,,,,1.043764,2.609737,,,34.780006,57.250923,0.325653,0.472263,,,,0.027595,-1.078043,-1.330274,,,,,,
242838,,,,,,,,,1.126167,3.262170,,,38.521126,59.606327,0.292003,0.454452,,,,0.028145,-1.084851,-1.278042,,,,,,
242841,0.028789,-1.087105,-1.284645,0.114420,-1.192397,-0.949265,0.951825,0.767687,,,78.682419,104.081238,,,,,0.125181,0.052429,0.335381,,,,,,,,,
242848,,,,,,,,,1.071232,4.567039,,,41.668903,62.677250,0.481497,0.589620,,,,0.029027,-1.091896,-1.226806,,,,,,
242858,,,,,,,,,1.208569,6.524341,,,44.317444,66.350212,0.461885,0.560436,,,,0.030166,-1.099280,-1.169855,,,,,,
242867,,,,,,,,,1.263504,1.304869,,,48.724098,68.896095,0.423810,0.542014,,,,0.031461,-1.106889,-1.123760,,,,,,
242877,,,,,,,,,1.263504,2.609736,,,52.976398,72.671829,0.386428,0.510539,,,,0.033373,-1.114850,-1.062163,,,,,,
242888,,,,,,,,,1.236036,-0.652434,,,56.009743,73.126015,0.360629,0.512188,,,,0.035295,-1.122755,-1.004788,,,,,,
242891,0.036251,-1.124729,-1.031031,0.146463,-1.234600,-0.891288,1.034848,1.008905,,,98.657822,114.313934,,,,,0.150892,0.038076,0.139743,,,,,,,,,
242898,,,,,,,,,1.400841,4.567040,,,59.106541,76.230888,0.537325,0.591083,,,,0.037821,-1.130942,-0.948375,,,,,,
242907,,,,,,,,,1.208569,2.609737,,,61.712185,78.298782,0.518658,0.577607,,,,0.040834,-1.139272,-0.886571,,,,,,
242917,,,,,,,,,1.565646,1.957302,,,67.716377,82.216881,0.464804,0.544845,,,,0.044137,-1.147716,-0.822659,,,,,,
242927,,,,,,,,,1.648049,0.000000,,,71.134674,84.424484,0.436126,0.528747,,,,0.047979,-1.156239,-0.759669,,,,,,
242937,,,,,,,,,1.538179,0.000000,,,75.099915,86.281960,0.401185,0.515779,,,,0.052586,-1.165009,-0.694537,,,,,,
242945,0.054673,-1.167081,-0.722820,0.181936,-1.275383,-0.814979,1.077910,1.324995,,,113.670609,114.479866,,,,,0.167082,0.002964,-0.092160,,,,,,,,,
242948,,,,,,,,,0.769089,0.000000,,,71.901749,81.310318,0.591649,0.573789,,,,0.057411,-1.173776,-0.630164,,,,,,
242957,,,,,,,,,1.538179,0.000000,,,75.745331,83.661697,0.560798,0.556438,,,,0.062446,-1.182331,-0.566481,,,,,,
242967,,,,,,,,,1.702984,-2.609736,,,81.157494,86.184692,0.513179,0.536867,,,,0.068220,-1.190768,-0.497613,,,,,,
242978,,,,,,,,,1.675516,-0.652435,,,85.711288,88.852081,0.473233,0.515319,,,,0.074478,-1.198875,-0.429337,,,,,,
242988,,,,,,,,,1.400841,-1.957302,,,86.275589,87.829170,0.473069,0.530878,,,,0.081545,-1.207262,-0.358806,,,,,,
242991,0.083647,-1.207841,-0.397624,0.220044,-1.312124,-0.713813,1.077275,1.748843,,,117.430275,104.005981,,,,,0.166137,-0.043330,-0.316189,,,,,,,,,
242998,,,,,,,,,1.593114,0.000000,,,90.017654,91.324837,0.478727,0.393719,,,,0.088567,-1.214942,-0.294292,,,,,,
243007,,,,,,,,,1.620581,-1.957303,,,91.532593,91.543373,0.468757,0.394026,,,,0.096088,-1.222607,-0.227301,,,,,,
243018,,,,,,,,,1.428309,-2.609736,,,93.351807,89.004532,0.455381,0.422415,,,,0.104118,-1.230224,-0.166175,,,,,,
243027,,,,,,,,,1.510712,-1.957302,,,94.337952,89.046524,0.450138,0.424987,,,,0.112764,-1.236994,-0.099631,,,,,,
243037,,,,,,,,,1.483244,-3.914604,,,94.623146,87.992767,0.451847,0.438727,,,,0.121036,-1.243146,-0.044092,,,,,,
243045,0.123497,-1.242915,-0.090265,0.259733,-1.342316,-0.578448,1.034438,2.328709,,,108.388580,87.172340,87.784050,82.205254,0.433942,0.329259,0.144641,-0.086716,-0.488183,,,,,,,,,
243048,,,,,,,,,0.851492,-0.652435,,,,,,,,,,0.130026,-1.249282,0.011107,,,,,,
243058,,,,,,,,,1.400841,-3.262171,,,89.653244,81.691986,0.418998,0.335488,,,,0.139166,-1.254889,0.063764,,,,,,
243067,,,,,,,,,1.263504,-2.609736,,,89.047806,81.260117,0.428920,0.340989,,,,0.148606,-1.259812,0.116552,,,,,,
243078,,,,,,,,,1.290972,-3.262171,,,89.082939,78.718575,0.432430,0.368095,,,,0.157933,-1.264221,0.160891,,,,,,
243087,,,,,,,,,1.290972,-4.567039,,,89.657036,77.124664,0.430435,0.386044,,,,0.167672,-1.268383,0.199777,,,,,,
243091,0.169312,-1.267137,0.156196,0.299708,-1.363820,-0.396363,0.957031,3.128195,,,92.289421,73.531441,,,,,0.113768,-0.115791,-0.552559,,,,,,,,,
243097,,,,,,,,,1.290972,-3.262171,,,89.595543,77.417175,0.270597,0.245933,,,,0.177468,-1.271985,0.235994,,,,,,
243107,,,,,,,,,1.126167,-1.957302,,,86.821083,74.396034,0.299436,0.275971,,,,0.187595,-1.274905,0.269275,,,,,,
243117,,,,,,,,,1.071232,-0.652434,,,83.942108,72.398590,0.329895,0.296172,,,,0.197640,-1.277035,0.297228,,,,,,
243128,,,,,,,,,1.043764,-1.304868,,,80.975197,70.717941,0.361827,0.313541,,,,0.207040,-1.278753,0.316916,,,,,,
243138,,,,,,,,,1.071232,-1.957303,,,79.567924,69.303841,0.378444,0.328528,,,,0.216645,-1.279679,0.336722,,,,,,
243145,0.217132,-1.278052,0.313294,0.338467,-1.375101,-0.154271,0.859247,4.202590,,,74.920921,69.061295,,,,,0.085519,-0.129719,-0.467565,,,,,,,,,
243148,,,,,,,,,0.741622,0.652433,,,74.027504,65.935844,0.260342,0.318132,,,,0.226296,-1.280451,0.353496,,,,,,
243157,,,,,,,,,0.933894,-1.304869,,,72.633057,64.735649,0.274744,0.330999,,,,0.236022,-1.280300,0.361737,,,,,,
243168,,,,,,,,,0.988829,1.304868,,,70.915222,64.814888,0.292723,0.331056,,,,0.245307,-1.279768,0.370375,,,,,,
243177,,,,,,,,,0.961362,-0.652434,,,69.469833,64.881561,0.308267,0.331225,,,,0.254378,-1.278566,0.378929,,,,,,
243187,,,,,,,,,1.016297,0.652434,,,67.709145,63.848572,0.327317,0.342597,,,,0.263497,-1.276672,0.387481,,,,,,
243191,0.263637,-1.275397,0.383947,0.374365,-1.375415,0.152029,0.761264,5.501726,,,57.304367,71.981621,,,,,0.065201,-0.134213,-0.231918,,,,,,,,,
243198,,,,,,,,,1.016297,0.652434,,,66.772240,62.979416,0.158627,0.382293,,,,0.272636,-1.274611,0.392922,,,,,,
243208,,,,,,,,,0.878959,1.304869,,,64.894844,63.337193,0.175882,0.380444,,,,0.281849,-1.271724,0.401299,,,,,,
243217,,,,,,,,,0.961362,3.262171,,,62.226116,63.638226,0.201585,0.379102,,,,0.290997,-1.268687,0.409772,,,,,,
243228,,,,,,,,,0.961362,3.262171,,,60.525192,64.436058,0.217950,0.372633,,,,0.299895,-1.264852,0.423815,,,,,,
243237,,,,,,,,,0.878959,2.609737,,,59.094036,64.562813,0.231904,0.372849,,,,0.308708,-1.260819,0.452208,,,,,,
243241,0.308256,-1.260457,0.457412,0.405699,-1.364914,0.501984,0.685912,6.682049,,,37.374733,71.507271,,,,,0.041295,-0.136752,0.044571,,,,,,,,,
243247,,,,,,,,,1.071232,3.262170,,,57.889862,65.758553,0.040546,0.357298,,,,0.317369,-1.256813,0.489200,,,,,,
243258,,,,,,,,,0.878959,6.524343,,,55.787582,66.764648,0.057887,0.348185,,,,0.325642,-1.252650,0.523552,,,,,,
243268,,,,,,,,,0.769089,5.219474,,,52.385098,66.522087,0.088909,0.351608,,,,0.333978,-1.248263,0.563771,,,,,,
243277,,,,,,,,,0.851492,7.176777,,,49.522247,68.496170,0.115108,0.332469,,,,0.342565,-1.243449,0.618784,,,,,,
243287,,,,,,,,,0.906427,8.481643,,,46.568901,68.523529,0.142803,0.332793,,,,0.350671,-1.238609,0.680048,,,,,,
243291,0.350131,-1.238130,0.696928,0.430805,-1.344626,0.853892,0.649928,7.162419,,,17.609871,58.979450,,,,,-0.006494,-0.133445,0.156964,,,,,,,,,
243297,,,,,,,,,0.824024,7.829211,,,44.083958,68.546555,-0.035291,0.205371,,,,0.358619,-1.233129,0.759859,,,,,,
243308,,,,,,,,,0.714154,7.829210,,,41.448582,70.199554,-0.013705,0.186597,,,,0.365839,-1.227312,0.837626,,,,,,
243317,,,,,,,,,0.659220,10.438947,,,36.508461,68.323128,0.031917,0.203492,,,,0.372545,-1.221082,0.920139,,,,,,
243328,,,,,,,,,0.549350,9.134079,,,32.896385,67.288849,0.064980,0.212173,,,,0.378793,-1.214454,1.007551,,,,,,
243337,,,,,,,,,0.604285,9.134079,,,29.857187,66.418610,0.092922,0.219388,,,,0.384474,-1.207518,1.094074,,,,,,
243341,0.383127,-1.208069,1.099055,0.448181,-1.316350,1.177649,0.653600,6.808008,,,3.482600,40.338955,,,,,-0.066891,-0.107155,0.078594,,,,,,,,,
243347,,,,,,,,,0.604285,9.134079,,,26.755463,64.597298,-0.021988,0.046344,,,,0.389396,-1.199987,1.179769,,,,,,
243357,,,,,,,,,0.412012,7.176776,,,24.145672,61.975761,-0.000022,0.068232,,,,0.393104,-1.194440,1.264638,,,,,,
243367,,,,,,,,,0.329610,6.524341,,,20.860708,58.680916,0.029352,0.097512,,,,0.396754,-1.189846,1.351639,,,,,,
243377,,,,,,,,,0.439480,7.829209,,,18.641283,56.997719,0.048514,0.111013,,,,0.400266,-1.184601,1.431800,,,,,,
243387,,,,,,,,,0.329610,6.524341,,,16.229317,53.403305,0.070085,0.144344,,,,0.402701,-1.179696,1.502402,,,,,,
243391,0.401470,-1.180757,1.495918,0.456602,-1.282421,1.470138,0.682542,6.139090,,,0.368083,30.215223,,,,,-0.097255,-0.062582,-0.025781,,,,,,,,,
243397,,,,,,,,,0.302142,5.871907,,,14.199888,50.923508,0.056467,0.063763,,,,0.404751,-1.174889,1.568869,,,,,,
243407,,,,,,,,,0.357077,4.567039,,,13.581413,48.292465,0.060009,0.086458,,,,0.406517,-1.170987,1.635456,,,,,,
243417,,,,,,,,,0.302142,5.871907,,,11.971943,45.534164,0.073783,0.110977,,,,0.407597,-1.167400,1.695699,,,,,,
243428,,,,,,,,,0.329610,3.914605,,,11.706820,43.213329,0.074167,0.131586,,,,0.408113,-1.164037,1.747090,,,,,,
243437,,,,,,,,,0.274675,3.914605,,,10.939203,41.260578,0.079729,0.148904,,,,0.407867,-1.160689,1.793033,,,,,,
243441,0.407295,-1.161221,1.784518,0.455226,-1.245420,1.739995,0.721600,5.595091,,,5.676111,32.431728,,,,,-0.092449,-0.028982,-0.044523,,,,,,,,,
243447,,,,,,,,,0.274675,3.914605,,,10.293330,39.072990,0.138344,0.191617,,,,0.407107,-1.157554,1.834797,,,,,,
243457,,,,,,,,,0.302142,3.262171,,,10.294436,37.232353,0.137410,0.209063,,,,0.406090,-1.154800,1.872493,,,,,,
243467,,,,,,,,,0.384545,5.219473,,,10.295367,36.772728,0.136476,0.212791,,,,0.405230,-1.152362,1.914048,,,,,,
243478,,,,,,,,,0.357077,3.262171,,,10.840693,35.841457,0.129990,0.221422,,,,0.404263,-1.150184,1.944974,,,,,,
243487,,,,,,,,,0.357077,3.262171,,,11.299531,35.057888,0.124277,0.228732,,,,0.403347,-1.148266,1.975642,,,,,,
243491,0.403239,-1.147920,1.973291,0.443692,-1.207836,1.991168,0.764550,5.213987,,,13.830520,41.800247,,,,,-0.070974,-0.013750,0.017877,,,,,,,,,
243498,,,,,,,,,0.357077,3.262171,,,11.685596,34.943134,0.202390,0.324936,,,,0.402583,-1.146455,2.009750,,,,,,
243507,,,,,,,,,0.412012,3.262171,,,12.554976,34.846581,0.193951,0.327293,,,,0.401973,-1.144736,2.043183,,,,,,
243517,,,,,,,,,,,,,13.831014,35.854427,0.181190,0.318403,,,,0.401210,-1.142950,2.079551,,,,,,
243523,,,,,,,,,0.494415,3.914605,,,,,,,,,,,,,,,,,,
243528,,,,,,,,,0.439480,3.914605,,,14.360129,36.157887,0.175793,0.316497,,,,0.399219,-1.139329,2.108049,,,,,,
243538,,,,,,,,,0.466947,4.567039,,,14.805326,36.413216,0.171146,0.315021,,,,0.397452,-1.136199,2.142890,,,,,,
243541,0.396977,-1.135475,2.147819,0.422170,-1.171725,2.217644,0.813675,4.811158,,,23.886065,52.755333,,,,,-0.044125,-0.001338,0.069825,,,,,,,,,
243548,,,,,,,,,0.439480,3.914605,,,15.179915,37.172592,0.269697,0.420095,,,,0.395503,-1.132711,2.180465,,,,,,
243557,,,,,,,,,0.521882,4.567040,,,15.495095,38.356075,0.268224,0.411140,,,,0.393282,-1.129037,2.217602,,,,,,
243567,,,,,,,,,0.549350,5.219473,,,16.849373,39.896400,0.256088,0.398309,,,,0.390928,-1.125808,2.257881,,,,,,
243577,,,,,,,,,0.631752,4.567039,,,18.533405,41.736973,0.240318,0.382107,,,,0.387842,-1.121631,2.300425,,,,,,
243587,,,,,,,,,0.576817,4.567039,,,19.405807,42.741089,0.232490,0.374068,,,,0.384423,-1.117441,2.342716,,,,,,
243591,0.383938,-1.117085,2.345520,0.391389,-1.138461,2.407749,0.873407,4.206012,,,35.805336,61.635052,,,,,-0.020487,0.009628,0.062229,,,,,,,,,
243598,,,,,,,,,0.686687,5.871908,,,20.684389,44.675037,0.341922,0.446918,,,,0.380794,-1.113115,2.390434,,,,,,
243607,,,,,,,,,0.714154,3.914605,,,22.304731,46.302261,0.328418,0.433712,,,,0.376722,-1.108842,2.431789,,,,,,
243617,,,,,,,,,0.741622,4.567040,,,24.757174,48.760494,0.306103,0.411705,,,,0.372412,-1.104761,2.481952,,,,,,
243627,,,,,,,,,0.851492,4.567039,,,27.365202,50.828850,0.281711,0.393183,,,,0.367426,-1.100358,2.525714,,,,,,
243637,,,,,,,,,0.769089,3.914606,,,29.015053,52.569164,0.266571,0.377593,,,,0.362021,-1.095857,2.571889,,,,,,
243641,0.361383,-1.095569,2.569312,0.352614,-1.108561,2.551696,0.943469,3.364355,,,50.491165,67.613426,,,,,0.000336,0.015671,-0.017616,,,,,,,,,
243647,,,,,,,,,0.851492,4.567039,,,30.947781,54.578011,0.398010,0.419895,,,,0.356278,-1.091518,2.618037,,,,,,
243658,,,,,,,,,0.878959,3.914604,,,33.118523,56.268253,0.379778,0.405262,,,,0.350068,-1.087318,2.660838,,,,,,
243667,,,,,,,,,0.961362,0.652434,,,36.578613,57.145878,0.347959,0.398579,,,,0.343466,-1.083325,2.706300,,,,,,
243677,,,,,,,,,0.961362,3.262171,,,39.489933,58.428856,0.321046,0.387586,,,,0.336471,-1.079339,2.748606,,,,,,
243687,,,,,,,,,0.906427,1.957303,,,41.939514,59.508354,0.298261,0.378412,,,,0.328978,-1.075390,2.790822,,,,,,
243691,0.328385,-1.075214,2.780441,0.307583,-1.081665,2.645149,1.016318,2.379782,,,65.623161,69.919701,,,,,0.017180,0.013386,-0.135292,,,,,,,,,
243697,,,,,,,,,0.988829,3.914606,,,42.911507,60.961185,0.444403,0.388738,,,,0.321029,-1.071770,2.827366,,,,,,
243707,,,,,,,,,1.098699,1.304869,,,45.907513,62.183598,0.418386,0.378061,,,,0.312801,-1.068476,2.863899,,,,,,
243717,,,,,,,,,1.043764,-1.304868,,,50.061981,64.301224,0.379954,0.358009,,,,0.304458,-1.065498,2.894673,,,,,,
243728,,,,,,,,,1.098699,0.000000,,,53.013008,63.904819,0.352966,0.363176,,,,0.295341,-1.062909,2.925164,,,,,,
243737,,,,,,,,,1.126167,0.652435,,,54.406918,64.115829,0.341270,0.362226,,,,0.286352,-1.060240,2.950249,,,,,,
243741,0.285415,-1.059946,2.938735,0.258411,-1.056639,2.687822,1.079951,1.358413,,,77.864525,68.155273,,,,,0.027117,0.002201,-0.250912,,,,,,,,,
243748,,,,,,,,,0.988829,0.000000,,,56.668839,64.837914,0.445303,0.338025,,,,0.276816,-1.057977,2.969651,,,,,,
243757,,,,,,,,,1.126167,0.652435,,,57.482929,65.990021,0.441239,0.326937,,,,0.267051,-1.055857,2.986387,,,,,,
243768,,,,,,,,,1.071232,-0.652434,,,60.346081,65.870316,0.416111,0.328591,,,,0.256817,-1.054025,2.994678,,,,,,
243777,,,,,,,,,1.181102,-3.262171,,,63.844223,66.858681,0.383933,0.318966,,,,0.246748,-1.052507,3.003080,,,,,,
243788,,,,,,,,,1.071232,-0.652434,,,64.609383,65.512123,0.378933,0.332961,,,,0.235951,-1.050984,3.000227,,,,,,
243791,0.235708,-1.050791,2.992334,0.207454,-1.031822,2.680789,1.123069,0.352533,,,85.664520,65.263863,,,,,0.030760,-0.014557,-0.311545,,,,,,,,,
243797,,,,,,,,,1.126167,-1.957302,,,66.342278,65.468216,0.443468,0.304445,,,,0.224609,-1.049737,2.988959,,,,,,
243808,,,,,,,,,1.236037,-3.262171,,,68.889420,65.431267,0.421352,0.304781,,,,0.213772,-1.048381,2.975183,,,,,,
243817,,,,,,,,,1.208569,-2.609737,,,71.032585,65.944725,0.402847,0.299510,,,,0.202806,-1.047124,2.958659,,,,,,
243827,,,,,,,,,1.071232,-3.262170,,,73.380386,66.376747,0.381825,0.294967,,,,0.191666,-1.045538,2.936252,,,,,,
243831,,,,,,,,,,,,,,,,,,,,0.191666,-1.045538,2.936252,,,,,,
243837,,,,,,,,,1.208569,-3.914605,,,74.266739,64.562080,0.375241,0.313254,,,,0.179838,-1.043841,2.900094,,,,,,
243845,0.179599,-1.043224,2.891434,0.157170,-1.005350,2.625154,1.139441,-0.630398,,,89.140358,65.767662,,,,,0.031107,-0.031143,-0.266281,0.168476,-1.041784,2.866563,,,,,,
243848,,,,,,,,,0.988829,-3.914606,,,73.923431,63.035217,0.416476,0.334107,,,,,,,,,,,,
243857,,,,,,,,,1.208569,-3.914605,,,75.268204,62.839600,0.405803,0.336649,,,,0.156952,-1.039568,2.830285,,,,,,
243868,,,,,,,,,1.181102,-3.262171,,,76.944237,63.219551,0.391482,0.333359,,,,0.145444,-1.036779,2.788161,,,,,,
243877,,,,,,,,,1.236037,-4.567040,,,78.898994,63.539242,0.373983,0.330608,,,,0.133686,-1.033520,2.745811,,,,,,
243887,,,,,,,,,1.126167,-1.957302,,,78.365555,63.808231,0.381472,0.328310,,,,0.122359,-1.030184,2.703560,,,,,,
243891,0.122656,-1.029855,2.711132,0.109957,-0.975506,2.522669,1.130104,-1.589969,,,90.660599,67.349731,,,,,0.034220,-0.044092,-0.188462,,,,,,,,,
243897,,,,,,,,,1.318439,-5.219473,,,80.094894,64.034561,0.381494,0.342530,,,,0.110822,-1.026339,2.658080,,,,,,
243908,,,,,,,,,1.098699,-3.914604,,,81.005417,64.224991,0.374320,0.341251,,,,0.099398,-1.021757,2.612272,,,,,,
243918,,,,,,,,,1.345907,-5.871908,,,82.860611,64.929764,0.357328,0.334687,,,,0.088305,-1.016974,2.566387,,,,,,
243927,,,,,,,,,1.263504,-2.609736,,,83.877029,65.522758,0.348521,0.329123,,,,0.076975,-1.011680,2.519908,,,,,,
243937,,,,,,,,,1.208569,-3.914605,,,84.732246,66.021706,0.341154,0.324399,,,,0.065695,-1.005893,2.473224,,,,,,
243945,0.066103,-1.005334,2.476796,0.068006,-0.941043,2.377927,1.103091,-2.495022,,,90.244682,68.435364,,,,,0.038164,-0.051774,-0.098868,,,,,,,,,
243948,,,,,,,,,0.796557,-0.652434,,,78.917305,62.629715,0.397410,0.370336,,,,0.054885,-0.999538,2.426114,,,,,,
243958,,,,,,,,,1.181102,-4.567039,,,80.559135,64.132042,0.382929,0.356174,,,,0.044449,-0.992672,2.381368,,,,,,
243967,,,,,,,,,1.290972,-1.957303,,,81.396027,63.762470,0.376329,0.360804,,,,0.034248,-0.985863,2.339801,,,,,,
243978,,,,,,,,,1.263504,-5.219473,,,83.189270,65.085144,0.359808,0.348247,,,,0.023879,-0.978082,2.294263,,,,,,
243988,,,,,,,,,1.181102,-3.262171,,,83.064476,65.108955,0.362492,0.348675,,,,0.014584,-0.970103,2.251508,,,,,,
243991,0.015283,-0.969678,2.256762,0.033170,-0.901405,2.200601,1.070690,-3.262368,,,89.931435,67.038017,,,,,0.041501,-0.057087,-0.056161,,,,,,,,,
243997,,,,,,,,,,,,,84.048561,66.218071,0.350695,0.323774,,,,,,,,,,,,
244003,,,,,,,,,1.840321,-4.567040,,,,,,,,,,0.005390,-0.961625,2.208244,,,,,,
244007,,,,,,,,,0.604285,-2.609737,,,83.242943,65.517654,0.360089,0.331082,,,,-0.003361,-0.952707,2.164849,,,,,,
244017,,,,,,,,,1.290972,-3.262171,,,83.654182,66.561951,0.357232,0.320734,,,,-0.011514,-0.943910,2.127144,,,,,,
244027,,,,,,,,,1.263504,-5.219473,,,85.089287,66.351540,0.343850,0.322976,,,,-0.019306,-0.934200,2.082582,,,,,,
244037,,,,,,,,,1.181102,-1.957302,,,86.296783,66.719040,0.332502,0.319365,,,,-0.026857,-0.924417,2.043946,,,,,,
244045,-0.026234,-0.924206,2.053621,0.006862,-0.856819,2.005006,1.044701,-3.781378,,,90.233299,65.128822,,,,,0.044318,-0.060600,-0.048615,,,,,,,,,
244048,,,,,,,,,0.933894,-5.219474,,,84.590050,64.305542,0.353716,0.324572,,,,-0.034201,-0.913971,2.001400,,,,,,
244058,,,,,,,,,1.318439,-3.914604,,,84.243095,64.452995,0.358384,0.323233,,,,-0.040711,-0.903406,1.958368,,,,,,
244067,,,,,,,,,1.208569,-2.609737,,,83.951164,64.577065,0.362560,0.322103,,,,-0.047118,-0.892711,1.918037,,,,,,
244077,,,,,,,,,1.263504,-5.219473,,,84.794624,64.681458,0.355213,0.321148,,,,-0.053138,-0.881570,1.877023,,,,,,
244088,,,,,,,,,1.126167,-3.262170,,,86.048851,65.858376,0.343507,0.309233,,,,-0.058698,-0.870099,1.835397,,,,,,
244091,-0.057802,-0.870283,1.840055,-0.010024,-0.808228,1.805948,1.031671,-3.991328,,,90.323341,65.059288,,,,,0.047109,-0.062564,-0.034107,,,,,,,,,
244097,,,,,,,,,1.345907,-4.567038,,,85.470528,65.215004,0.351161,0.314940,,,,-0.063145,-0.858755,1.796984,,,,,,
244107,,,,,,,,,1.126167,-1.957302,,,83.350296,65.762756,0.373758,0.309322,,,,-0.067659,-0.847345,1.750623,,,,,,
244118,,,,,,,,,1.263504,-3.914606,,,84.833595,65.679092,0.360023,0.310035,,,,-0.071242,-0.835893,1.714429,,,,,,
244128,,,,,,,,,1.236037,-4.567040,,,84.992554,65.608704,0.359500,0.310629,,,,-0.074517,-0.823887,1.666209,,,,,,
244137,,,,,,,,,1.263504,-3.914606,,,85.670845,65.549477,0.353648,0.311123,,,,-0.077071,-0.812204,1.620991,,,,,,
244141,-0.076351,-0.811853,1.622987,-0.017142,-0.757077,1.614315,1.031212,-3.934575,,,90.608696,67.320015,,,,,0.051613,-0.061986,-0.008671,,,,,,,,,
244148,,,,,,,,,0.988829,-1.304868,,,84.607933,66.588730,0.368330,0.323484,,,,-0.079717,-0.800018,1.578421,,,,,,
244157,,,,,,,,,1.236037,-3.262171,,,84.802681,65.829529,0.367544,0.331374,,,,-0.081665,-0.787552,1.532125,,,,,,
244167,,,,,,,,,1.236037,-4.567040,,,84.422005,65.190735,0.372588,0.338188,,,,-0.082951,-0.774698,1.486501,,,,,,
244178,,,,,,,,,1.318439,-5.219473,,,85.735329,65.742340,0.360430,0.332987,,,,-0.083748,-0.762261,1.438095,,,,,,
244188,-0.083065,-0.750550,1.394495,,,,,,1.126167,-4.567039,,,85.751274,65.117371,0.361242,0.339678,,,,-0.083997,-0.750083,1.394437,,,,,,
244191,,,,-0.014700,-0.705027,1.436469,1.038534,-3.710558,,,90.188446,71.468361,,,,,0.056808,-0.059321,0.041974,,,,,,,,,
244197,,,,,,,,,1.263504,-3.914606,,,86.309235,65.680611,0.352235,0.376686,,,,-0.083583,-0.738132,1.344561,,,,,,
244208,,,,,,,,,1.236037,-1.957302,,,85.145073,66.699066,0.364886,0.367455,,,,-0.082733,-0.726276,1.299180,,,,,,
244217,,,,,,,,,1.236037,-1.957302,,,86.343719,68.645081,0.353668,0.348560,,,,-0.081497,-0.714125,1.257675,,,,,,
244227,,,,,,,,,1.318439,-3.914604,,,85.718628,67.559738,0.360813,0.360195,,,,-0.079658,-0.701605,1.210068,,,,,,
244237,,,,,,,,,1.290972,-3.262171,,,86.281769,68.280167,0.355963,0.353629,,,,-0.077201,-0.689233,1.169968,,,,,,
244241,-0.076289,-0.689147,1.175165,-0.003420,-0.653617,1.276819,1.048656,-3.389546,,,88.766975,75.876648,,,,,0.060868,-0.053547,0.101654,,,,,,,,,
244247,,,,,,,,,1.236037,-3.262171,,,86.211052,68.341789,0.342967,0.398602,,,,-0.074313,-0.677061,1.127121,,,,,,
244258,,,,,,,,,1.236037,-1.957302,,,86.151550,68.938179,0.344085,0.394026,,,,-0.070914,-0.664997,1.088135,,,,,,
244267,,,,,,,,,1.098699,-2.609736,,,83.923309,68.350899,0.367336,0.401404,,,,-0.066792,-0.653161,1.049442,,,,,,
244277,,,,,,,,,1.263504,-1.304869,,,84.226639,69.490387,0.365211,0.391286,,,,-0.062083,-0.641550,1.014608,,,,,,
244288,,,,,,,,,1.455776,-3.262171,,,85.026405,70.993698,0.357961,0.377230,,,,-0.057234,-0.630090,0.983035,,,,,,
244291,-0.056019,-0.629624,0.985519,0.015518,-0.603977,1.140413,1.058772,-2.979835,,,85.951546,79.065422,,,,,0.060898,-0.045462,0.154894,,,,,,,,,
244297,,,,,,,,,1.181102,-0.652433,,,86.243874,71.714035,0.317574,0.403384,,,,-0.051918,-0.618862,0.954780,,,,,,
244307,,,,,,,,,1.208569,-1.304866,,,82.911903,70.686501,0.351501,0.415335,,,,-0.045488,-0.607229,0.920661,,,,,,
244317,,,,,,,,,1.263504,-1.304869,,,83.375648,72.000107,0.347379,0.403612,,,,-0.039209,-0.596337,0.899097,,,,,,
244327,,,,,,,,,1.318439,-1.304869,,,83.765839,73.105370,0.343914,0.393752,,,,-0.032060,-0.585492,0.871449,,,,,,
244337,,,,,,,,,1.318439,-1.304869,,,84.094147,73.490799,0.341003,0.391012,,,,-0.024898,-0.575098,0.856301,,,,,,
244341,-0.024284,-0.575179,0.861697,0.040563,-0.556635,1.033569,1.067865,-2.454869,,,82.911133,80.273384,,,,,0.056299,-0.037140,0.171872,,,,,,,,,
244348,,,,,,,,,1.208569,-1.304866,,,84.914925,75.993271,0.301990,0.378923,,,,-0.017431,-0.564972,0.838000,,,,,,
244358,,,,,,,,,1.400841,-0.652435,,,83.427353,75.376137,0.316762,0.386074,,,,-0.009662,-0.554663,0.820002,,,,,,
244367,,,,,,,,,1.071232,-0.652434,,,81.631172,73.767792,0.334980,0.403459,,,,-0.001105,-0.544328,0.804941,,,,,,
244377,,,,,,,,,1.236036,-0.652434,,,81.753494,74.592705,0.333989,0.396346,,,,0.007226,-0.534416,0.795874,,,,,,
244387,,,,,,,,,1.290972,-0.652435,,,82.945503,76.920418,0.322062,0.373739,,,,0.016071,-0.524245,0.786828,,,,,,
244391,0.016291,-0.524478,0.790390,0.069890,-0.511473,0.962701,1.075036,-1.796908,,,78.799248,80.000870,,,,,0.046952,-0.028940,0.172312,,,,,,,,,
244397,,,,,,,,,1.373374,-1.304869,,,82.859375,77.245323,0.280992,0.368316,,,,0.024656,-0.514902,0.783882,,,,,,
244407,,,,,,,,,1.126167,0.652435,,,80.064186,75.340523,0.308691,0.388296,,,,0.033667,-0.505431,0.780932,,,,,,
244417,,,,,,,,,1.290972,1.957303,,,79.890488,76.460541,0.310210,0.377804,,,,0.042879,-0.495871,0.777849,,,,,,
244427,,,,,,,,,1.373374,-1.304869,,,80.288879,76.858383,0.305928,0.374454,,,,0.052305,-0.486001,0.777793,,,,,,
244438,,,,,,,,,1.263504,2.609736,,,80.079544,78.282211,0.307765,0.360560,,,,0.061430,-0.476297,0.777846,,,,,,
244441,0.061163,-0.476376,0.789842,0.101501,-0.467811,0.932653,1.078588,-1.021290,,,74.648216,78.197548,,,,,0.034480,-0.022620,0.142811,,,,,,,,,
244448,,,,,,,,,1.373374,-1.304869,,,80.447952,78.935677,0.261411,0.335844,,,,0.070465,-0.466619,0.780946,,,,,,
244458,,,,,,,,,1.290972,0.652435,,,80.213387,79.485504,0.262643,0.330088,,,,0.079707,-0.456884,0.783771,,,,,,
244467,,,,,,,,,1.098699,1.304869,,,78.382401,78.859039,0.280206,0.336221,,,,0.088851,-0.447260,0.786748,,,,,,
244477,,,,,,,,,1.181102,0.652433,,,79.019981,79.965569,0.272956,0.324802,,,,0.097790,-0.437939,0.789810,,,,,,
244487,,,,,,,,,1.345907,0.652434,,,77.378265,78.718430,0.288827,0.337169,,,,0.107004,-0.428278,0.798716,,,,,,
244491,0.107074,-0.428246,0.800711,0.133344,-0.424620,0.945543,1.076676,-0.173391,,,68.290955,76.636246,,,,,0.020892,-0.016334,0.144832,,,,,,,,,
244497,,,,,,,,,1.181102,0.652433,,,78.719643,80.391800,0.209755,0.304071,,,,0.116229,-0.418565,0.810663,,,,,,
244507,,,,,,,,,1.290972,1.957303,,,77.125565,79.621597,0.223929,0.311176,,,,0.124929,-0.409160,0.822672,,,,,,
244517,,,,,,,,,1.208569,2.609737,,,75.784302,79.518097,0.235843,0.311635,,,,0.133714,-0.399319,0.831740,,,,,,
244527,,,,,,,,,1.153634,-1.304868,,,75.200310,78.341927,0.240301,0.323055,,,,0.142307,-0.389661,0.846839,,,,,,
244537,,,,,,,,,1.208569,2.609737,,,74.708939,78.441383,0.243931,0.321700,,,,0.151050,-0.379923,0.861867,,,,,,
244541,0.150666,-0.380133,0.867678,0.163408,-0.380799,1.000201,1.068803,0.685140,,,62.298161,74.479637,,,,,0.007731,-0.010150,0.132523,,,,,,,,,
244548,,,,,,,,,1.126167,1.957302,,,74.295502,79.069603,0.185738,0.292933,,,,0.159286,-0.370257,0.880051,,,,,,
244557,,,,,,,,,1.126167,1.957302,,,72.858543,78.509102,0.197996,0.297733,,,,0.167564,-0.360497,0.898454,,,,,,
244567,,,,,,,,,1.153634,1.304868,,,70.560402,78.037498,0.219325,0.301737,,,,0.175672,-0.350346,0.923141,,,,,,
244578,,,,,,,,,1.181102,3.262171,,,69.171288,77.640694,0.231841,0.305073,,,,0.183260,-0.340213,0.945047,,,,,,
244588,,,,,,,,,1.126167,3.262170,,,68.547035,77.851364,0.236834,0.302292,,,,0.190481,-0.330039,0.966900,,,,,,
244591,0.189911,-0.330415,0.972251,0.189838,-0.335442,1.091992,1.056741,1.485642,,,56.545197,72.242523,,,,,-0.004194,-0.002772,0.119741,,,,,,,,,
244597,,,,,,,,,1.071232,1.957303,,,67.477242,76.939537,0.187816,0.288100,,,,0.197431,-0.319837,0.989050,,,,,,
244607,,,,,,,,,1.016297,3.262172,,,66.032578,76.716866,0.200365,0.289431,,,,0.203503,-0.310749,1.017329,,,,,,
244617,,,,,,,,,1.153634,2.609736,,,65.361580,77.074051,0.205312,0.284893,,,,0.209335,-0.302001,1.042719,,,,,,
244628,,,,,,,,,0.988829,1.304868,,,64.797005,75.740959,0.209307,0.297524,,,,0.214700,-0.292951,1.074627,,,,,,
244637,,,,,,,,,0.988829,2.609737,,,63.232883,74.619293,0.223611,0.308266,,,,0.220073,-0.283672,1.104046,,,,,,
244641,0.219651,-0.284022,1.103929,0.211024,-0.288048,1.213159,1.044069,2.159765,,,53.388355,72.135910,,,,,-0.007478,0.005892,0.109230,,,,,,,,,
244648,,,,,,,,,1.181102,3.262171,,,62.461376,74.764610,0.197943,0.305221,,,,0.224920,-0.274327,1.133315,,,,,,
244657,,,,,,,,,0.933894,3.914605,,,61.267685,74.886887,0.208304,0.303448,,,,0.229518,-0.264874,1.163009,,,,,,
244667,,,,,,,,,1.071232,3.262170,,,60.807858,74.445221,0.211418,0.307403,,,,0.233623,-0.255257,1.192917,,,,,,
244677,,,,,,,,,1.016297,3.262172,,,59.876415,74.073608,0.219435,0.310731,,,,0.237417,-0.245650,1.223067,,,,,,
244687,,,,,,,,,0.933894,1.304869,,,59.092697,72.671844,0.226131,0.324642,,,,0.241243,-0.236212,1.257312,,,,,,
244691,0.241056,-0.236658,1.249916,0.225693,-0.238617,1.353993,1.034566,2.653946,,,51.819881,73.029686,,,,,-0.006705,0.013961,0.104077,,,,,,,,,
244698,,,,,,,,,1.043764,2.609737,,,58.977821,73.670570,0.210164,0.323464,,,,0.244520,-0.226633,1.295240,,,,,,
244707,,,,,,,,,1.071232,4.567039,,,58.336624,73.421814,0.215272,0.325873,,,,0.247558,-0.217066,1.326609,,,,,,
244717,,,,,,,,,1.016297,4.567039,,,57.252575,73.212509,0.225026,0.327929,,,,0.250068,-0.207528,1.361986,,,,,,
244727,,,,,,,,,1.016297,1.957302,,,56.884998,71.947319,0.227689,0.340798,,,,0.252134,-0.198014,1.397898,,,,,,
244737,,,,,,,,,1.043764,3.914604,,,56.575722,72.516418,0.229831,0.335209,,,,,,,,,,,,
244741,0.252189,-0.196989,1.401898,0.232980,-0.187622,1.504483,1.030627,2.945649,,,54.347511,77.181381,,,,,0.006005,0.020510,0.102585,,,,,,,,,
244747,,,,,,,,,0.961362,4.567040,,,55.770954,72.995255,0.262870,0.372775,,,,,,,,,,,,
244752,,,,,,,,,,,,,,,,,,,,0.255530,-0.179666,1.467717,,,,,,
244755,,,,,,,,,,,,,56.182907,73.398148,0.258383,0.369503,,,,0.255530,-0.179666,1.467717,,,,,,
244758,,,,,,,,,1.043764,2.609737,,,,,,,,,,0.256853,-0.170462,1.509303,,,,,,
244767,,,,,,,,,1.016297,4.567039,,,55.440437,73.737144,0.265590,0.366802,,,,0.257806,-0.161278,1.548094,,,,,,
244778,,,,,,,,,1.153634,3.914605,,,55.360268,74.022377,0.266189,0.364581,,,,0.258455,-0.151372,1.590178,,,,,,
244787,,,,,,,,,0.961362,3.262171,,,55.292812,74.262367,0.266674,0.362765,,,,0.258810,-0.140584,1.628430,,,,,,
244791,0.258586,-0.141297,1.623102,0.232485,-0.135868,1.655400,1.032777,3.043202,,,56.942627,75.904366,,,,,0.006786,0.025782,0.032299,,,,,,,,,
244797,,,,,,,,,0.988829,3.914606,,,55.236057,73.919754,0.293534,0.353818,,,,0.258999,-0.130304,1.669886,,,,,,
244807,,,,,,,,,1.071232,3.262170,,,55.188301,74.176018,0.294363,0.351601,,,,0.258483,-0.119781,1.703098,,,,,,
244817,,,,,,,,,1.043764,3.914604,,,55.692665,74.391640,0.289569,0.349748,,,,0.257720,-0.109675,1.747111,,,,,,
244827,,,,,,,,,1.043764,3.914604,,,55.572491,74.573067,0.291045,0.348200,,,,0.256319,-0.099212,1.782941,,,,,,
244837,,,,,,,,,1.071232,3.262170,,,56.015923,74.725716,0.286796,0.346909,,,,,,,,,,,,
244843,0.254311,-0.088747,1.815418,0.224306,-0.084267,1.798304,1.040273,2.965572,,,,,,,,,,,,0.254585,-0.088795,1.818106,,,,,,
244846,,,,,,,,,0.933894,2.609737,60.572598,75.975227,54.755394,72.675987,0.336864,0.368775,0.011614,0.028026,-0.017115,,,,,,,,,
244849,,,,,,,,,,,,,,,,,,,,0.252587,-0.078388,1.849427,,,,,,
244857,,,,,,,,,1.016297,1.957302,,,55.872959,72.584976,0.326629,0.370363,,,,0.250014,-0.068092,1.880497,,,,,,
244867,,,,,,,,,1.208569,2.609737,,,57.357822,73.597481,0.312423,0.360713,,,,0.247389,-0.058109,1.914697,,,,,,
244877,,,,,,,,,1.126167,3.262170,,,58.062641,73.904861,0.305877,0.358054,,,,0.243847,-0.048012,1.941690,,,,,,
244888,,,,,,,,,1.016297,-0.652434,,,59.744762,73.074402,0.289221,0.366938,,,,0.240446,-0.037661,1.968424,,,,,,
244891,0.240584,-0.037808,1.952850,0.209041,-0.033614,1.925057,1.051868,2.723463,,,63.415226,76.821724,,,,,0.015652,0.027705,-0.027792,,,,,,,,,
244897,,,,,,,,,1.098699,3.914604,,,59.526470,73.464745,0.320608,0.372171,,,,0.236379,-0.027201,1.991473,,,,,,
244907,,,,,,,,,1.098699,0.000000,,,60.431885,73.248634,0.312150,0.375047,,,,0.232355,-0.016888,2.014517,,,,,,
244917,,,,,,,,,1.153634,3.914605,,,61.193699,74.155884,0.304977,0.366508,,,,0.227814,-0.006621,2.037355,,,,,,
244927,,,,,,,,,1.181102,1.957302,,,62.379234,75.463791,0.293328,0.353700,,,,0.222881,0.003253,2.060094,,,,,,
244937,,,,,,,,,1.126167,0.652435,,,62.832199,74.930634,0.288915,0.359410,,,,0.217573,0.013230,2.082677,,,,,,
244941,0.217638,0.013289,2.074523,0.187761,0.015609,2.027807,1.065895,2.320224,,,66.218498,76.128250,,,,,0.016454,0.025046,-0.046716,,,,,,,,,
244947,,,,,,,,,1.043764,-1.304868,,,63.213326,72.848404,0.313738,0.373953,,,,0.212131,0.023275,2.101728,,,,,,
244957,,,,,,,,,1.098699,2.609736,,,64.078545,73.274590,0.305514,0.370262,,,,0.206321,0.033356,2.120808,,,,,,
244967,,,,,,,,,1.181102,1.957302,,,64.806541,74.177719,0.298516,0.361621,,,,0.200265,0.043254,2.142787,,,,,,
244978,,,,,,,,,1.263504,2.609736,,,65.419083,75.482162,0.292551,0.348706,,,,0.193979,0.052918,2.161703,,,,,,
244988,,,,,,,,,1.071232,1.957303,,,66.479019,75.490631,0.281899,0.348749,,,,0.187731,0.062643,2.183774,,,,,,
244991,0.187878,0.062325,2.182816,0.161942,0.063344,2.099642,1.079876,1.766474,,,69.517174,73.851639,,,,,0.015735,0.020643,-0.083174,,,,,,,,,
244997,,,,,,,,,1.236037,1.957302,,,65.737213,75.497757,0.323060,0.325582,,,,0.180918,0.072494,2.199219,,,,,,
245007,,,,,,,,,1.071232,0.652434,,,66.202148,74.414665,0.319074,0.336301,,,,0.174069,0.082113,2.217810,,,,,,
245017,,,,,,,,,1.181102,0.652433,,,67.137886,75.681526,0.310192,0.323266,,,,0.166975,0.091566,2.236231,,,,,,
245028,,,,,,,,,1.153634,1.304868,,,68.469757,76.202919,0.297083,0.317582,,,,0.159672,0.100531,2.251783,,,,,,
245038,,,,,,,,,1.181102,0.652433,,,69.045853,76.097076,0.291416,0.318191,,,,0.152459,0.109353,2.264065,,,,,,
245041,0.152503,0.109405,2.259987,0.133380,0.109942,2.135378,1.090498,1.089495,,,72.328911,69.999786,,,,,0.012575,0.014417,-0.124609,,,,,,,,,
245048,,,,,,,,,1.236036,0.652434,,,68.986038,76.008018,0.320800,0.279361,,,,0.144844,0.118518,2.273226,,,,,,
245057,,,,,,,,,1.098699,0.000000,,,68.935707,74.844002,0.321982,0.290033,,,,0.137063,0.127787,2.282330,,,,,,
245068,,,,,,,,,1.181102,0.652433,,,70.526985,74.953682,0.306430,0.287945,,,,0.129095,0.136768,2.288342,,,,,,
245078,,,,,,,,,1.236037,-1.957302,,,70.232262,73.956879,0.309796,0.297122,,,,0.121232,0.145731,2.291453,,,,,,
245087,,,,,,,,,1.153634,0.000000,,,70.528824,73.118172,0.307191,0.304885,,,,0.113168,0.154462,2.291345,,,,,,
245091,0.113381,0.154409,2.288720,0.104063,0.156062,2.132028,1.094497,0.329917,,,74.064613,65.219902,,,,,0.007375,0.005931,-0.156692,,,,,,,,,
245098,,,,,,,,,1.181102,-0.652433,,,71.867439,73.501572,0.311601,0.251596,,,,0.105210,0.163052,2.285306,,,,,,
245107,,,,,,,,,1.181102,-1.957302,,,72.449203,72.735077,0.306107,0.257758,,,,0.097285,0.171604,2.276238,,,,,,
245117,,,,,,,,,1.153634,-1.304868,,,72.938698,71.545609,0.301437,0.268388,,,,0.089507,0.179980,2.267143,,,,,,
245127,,,,,,,,,1.071232,-3.262170,,,73.350563,70.544785,0.297461,0.277331,,,,0.081548,0.188690,2.251814,,,,,,
245137,,,,,,,,,1.098699,-1.304869,,,74.241646,70.791779,0.288515,0.273746,,,,0.073487,0.197851,2.233245,,,,,,
245141,0.073914,0.197772,2.232437,0.076045,0.202484,2.089002,1.090060,-0.465941,,,74.331139,61.881771,,,,,0.002408,-0.004576,-0.143435,,,,,,,,,
245147,,,,,,,,,1.126167,-0.652435,,,74.991402,69.365974,0.283550,0.253126,,,,0.065612,0.206736,2.214564,,,,,,
245157,,,,,,,,,1.181102,-3.262171,,,74.533165,67.621758,0.288092,0.269421,,,,0.058124,0.215710,2.192713,,,,,,
245167,,,,,,,,,0.933894,1.304869,,,71.969429,67.243256,0.314202,0.272133,,,,0.050668,0.225161,2.167768,,,,,,
245178,,,,,,,,,1.153634,-3.914605,,,73.624107,66.924789,0.297797,0.274309,,,,0.043473,0.234427,2.142426,,,,,,
245188,,,,,,,,,1.126167,-4.567039,,,73.927261,65.567741,0.294846,0.287143,,,,0.036727,0.243626,2.116866,,,,,,
245191,0.037352,0.243790,2.107428,0.051310,0.249887,2.008288,1.077868,-1.248523,,,73.413521,59.591652,,,,,-0.001896,-0.015113,-0.099140,,,,,,,,,
245198,,,,,,,,,1.071232,-1.957303,,,74.726883,66.059555,0.277411,0.258030,,,,0.029942,0.252916,2.081755,,,,,,
245207,,,,,,,,,1.016297,-0.652434,,,74.310600,64.295189,0.281394,0.274733,,,,0.023850,0.261976,2.055965,,,,,,
245217,,,,,,,,,1.153634,-3.914605,,,73.415794,63.899742,0.290342,0.277826,,,,0.018008,0.271421,2.026768,,,,,,
245227,,,,,,,,,1.071232,-0.652434,,,73.751991,64.111557,0.286912,0.274803,,,,0.012275,0.281040,1.994182,,,,,,
245237,,,,,,,,,1.126167,-3.262170,,,75.668495,63.745232,0.267296,0.277636,,,,0.007173,0.290678,1.957950,,,,,,
245241,0.007623,0.290985,1.956830,0.031645,0.298659,1.894558,1.061035,-1.964336,,,73.316643,57.967167,,,,,-0.001935,-0.025143,-0.062272,,,,,,,,,
245247,,,,,,,,,1.126167,-3.262170,,,75.102867,62.892464,0.271626,0.268934,,,,0.002378,0.300569,1.927996,,,,,,
245257,,,,,,,,,1.043764,-2.609737,,,75.716034,62.719490,0.265015,0.269713,,,,-0.001859,0.310396,1.897684,,,,,,
245267,,,,,,,,,1.153634,-2.609736,,,74.053780,62.573948,0.281490,0.270247,,,,-0.006022,0.320313,1.870309,,,,,,
245277,,,,,,,,,0.988829,-2.609737,,,75.377876,62.996033,0.267837,0.265020,,,,-0.010075,0.330189,1.842700,,,,,,
245287,,,,,,,,,1.126167,-3.262170,,,74.858345,61.717545,0.272724,0.277055,,,,-0.014056,0.340678,1.811245,,,,,,
245291,-0.013660,0.341013,1.809795,0.018538,0.348764,1.754750,1.043890,-2.561305,,,74.217094,56.019829,,,,,-0.000092,-0.033118,-0.055045,,,,,,,,,
245297,,,,,,,,,1.098699,-2.609736,,,73.876663,60.641827,0.291613,0.267415,,,,-0.017296,0.351206,1.789949,,,,,,
245307,,,,,,,,,0.933894,-2.609737,,,73.595222,60.281261,0.294552,0.270168,,,,-0.020209,0.361778,1.764451,,,,,,
245317,,,,,,,,,1.098699,-2.609736,,,73.902962,60.522423,0.291537,0.266856,,,,-0.023045,0.372587,1.735525,,,,,,
245327,,,,,,,,,1.098699,-5.219474,,,74.161896,59.636250,0.288959,0.274994,,,,-0.025351,0.382997,1.706620,,,,,,
245337,,,,,,,,,1.016297,-1.957302,,,74.379761,60.524254,0.286748,0.265213,,,,-0.027455,0.393359,1.676851,,,,,,
245341,-0.027092,0.393156,1.679808,0.013102,0.399712,1.596878,1.030265,-3.003799,,,76.033157,53.513393,,,,,0.002144,-0.040669,-0.082929,,,,,,,,,
245347,,,,,,,,,1.043764,-1.304868,,,74.563072,59.637791,0.303369,0.247789,,,,-0.029149,0.403620,1.650926,,,,,,
245357,,,,,,,,,1.043764,-3.914604,,,74.717308,59.981007,0.302090,0.243063,,,,-0.030754,0.413787,1.620669,,,,,,
245367,,,,,,,,,1.071232,-3.262170,,,72.668915,58.091614,0.323247,0.261041,,,,-0.032122,0.424593,1.589808,,,,,,
245377,,,,,,,,,0.988829,-2.609737,,,72.579025,57.590969,0.324837,0.265232,,,,-0.033011,0.435575,1.555338,,,,,,
245388,,,,,,,,,1.126167,-4.567039,,,73.592476,57.714268,0.315190,0.263159,,,,-0.033581,0.446144,1.520728,,,,,,
245391,-0.033039,0.446423,1.514938,0.016029,0.450623,1.428705,1.022383,-3.284959,,,77.822220,53.400593,,,,,0.006933,-0.048756,-0.086233,,,,,,,,,
245397,,,,,,,,,0.988829,-2.609737,,,73.900650,57.273468,0.330783,0.265665,,,,-0.034052,0.456679,1.479024,,,,,,
245408,,,,,,,,,1.043764,-5.219473,,,74.704491,56.902580,0.323369,0.268673,,,,-0.033952,0.466864,1.438300,,,,,,
245418,,,,,,,,,1.043764,-3.914604,,,74.836296,57.135059,0.322648,0.265601,,,,-0.033608,0.477121,1.394638,,,,,,
245427,,,,,,,,,1.043764,-2.609737,,,75.491745,56.786121,0.316559,0.268414,,,,-0.032742,0.487346,1.351770,,,,,,
245437,,,,,,,,,1.126167,-5.871908,,,74.954155,55.947983,0.322509,0.276286,,,,-0.031649,0.498113,1.302468,,,,,,
245441,-0.030845,0.498410,1.295692,0.027572,0.500393,1.257244,1.020994,-3.418961,,,79.897697,57.632011,,,,,0.017777,-0.055682,-0.038448,,,,,,,,,
245447,,,,,,,,,0.933894,-3.914605,,,76.135452,55.242771,0.332203,0.326130,,,,-0.030287,0.508890,1.257677,,,,,,
245457,,,,,,,,,1.153634,-5.219473,,,75.495766,55.193951,0.339480,0.327106,,,,-0.028201,0.519875,1.203147,,,,,,
245467,,,,,,,,,0.933894,-1.304869,,,73.323906,55.152874,0.362514,0.328012,,,,-0.025556,0.529978,1.156539,,,,,,
245477,,,,,,,,,1.126167,-4.567039,,,74.763763,55.662857,0.349142,0.323306,,,,-0.022573,0.540235,1.110637,,,,,,
245487,,,,,,,,,1.098699,-3.914604,,,76.519798,56.091957,0.332257,0.319323,,,,-0.019450,0.549925,1.068788,,,,,,
245491,-0.018718,0.549892,1.071434,0.047557,0.547895,1.089437,1.026319,-3.416751,,,81.932678,63.202347,,,,,0.029984,-0.059138,0.018003,,,,,,,,,
245497,,,,,,,,,1.126167,-4.567039,,,76.908241,56.452999,0.349727,0.372766,,,,-0.015525,0.559804,1.020835,,,,,,
245508,,,,,,,,,1.126167,-3.262170,,,77.235077,57.301323,0.347399,0.365463,,,,-0.011163,0.569575,0.976704,,,,,,
245517,,,,,,,,,1.126167,-4.567039,,,78.054619,58.015102,0.339979,0.359363,,,,-0.006247,0.579498,0.929988,,,,,,
245527,,,,,,,,,1.016297,-0.652434,,,76.566010,58.615677,0.355938,0.354274,,,,-0.001154,0.589289,0.886824,,,,,,
245537,,,,,,,,,1.208569,-3.914605,,,78.036209,59.665543,0.342016,0.344483,,,,0.004392,0.598819,0.850217,,,,,,
245541,0.005311,0.598902,0.852389,0.075404,0.592203,0.933000,1.038650,-3.269751,,,83.162018,69.361374,,,,,0.041091,-0.057179,0.080611,,,,,,,,,
245548,,,,,,,,,1.153634,-3.914605,,,78.184151,60.004356,0.353825,0.404556,,,,0.010774,0.608216,0.808069,,,,,,
245557,,,,,,,,,1.126167,-1.957302,,,79.397713,61.923065,0.342442,0.386857,,,,0.017220,0.617154,0.772038,,,,,,
245567,,,,,,,,,1.208569,-2.609737,,,78.785172,61.903835,0.349443,0.388541,,,,0.024272,0.625913,0.733343,,,,,,
245577,,,,,,,,,1.236037,-3.262171,,,78.814323,62.976742,0.350021,0.379089,,,,0.031637,0.634399,0.697901,,,,,,
245587,,,,,,,,,1.181102,-1.957302,,,78.294312,63.879486,0.356195,0.371158,,,,0.039255,0.642667,0.671510,,,,,,
245591,0.039869,0.642540,0.678501,0.110172,0.632784,0.796304,1.057813,-2.959354,,,84.051292,74.601425,,,,,0.048609,-0.051719,0.117803,,,,,,,,,
245598,,,,,,,,,1.153634,-1.304868,,,79.490402,64.639053,0.354039,0.417955,,,,0.047597,0.651251,0.636388,,,,,,
245607,,,,,,,,,1.181102,-0.652433,,,78.863167,65.822701,0.361349,0.407874,,,,0.056091,0.659148,0.607439,,,,,,
245617,,,,,,,,,1.236037,-1.957302,,,79.424492,66.818619,0.356661,0.399472,,,,0.065125,0.666977,0.581275,,,,,,
245628,,,,,,,,,1.153634,1.304868,,,78.807709,68.201126,0.363878,0.386927,,,,0.074138,0.674357,0.558065,,,,,,
245637,,,,,,,,,1.290972,-0.652435,,,78.288742,68.819824,0.370220,0.381896,,,,0.083832,0.681956,0.535077,,,,,,
245641,0.084442,0.681943,0.544394,0.150598,0.669620,0.687223,1.081893,-2.481776,,,83.484207,78.618439,,,,,0.050210,-0.044804,0.142828,,,,,,,,,
245647,,,,,,,,,1.208569,-2.609737,,,78.941177,69.884941,0.358933,0.413162,,,,0.093777,0.689030,0.512160,,,,,,
245657,,,,,,,,,1.318439,-2.609739,,,80.579224,70.781128,0.343134,0.405767,,,,0.103972,0.695811,0.489415,,,,,,
245667,,,,,,,,,1.236037,-1.957302,,,80.323837,70.990639,0.346320,0.405198,,,,0.114168,0.702148,0.472331,,,,,,
245678,,,,,,,,,1.290972,0.652435,,,80.653503,72.256004,0.343589,0.393817,,,,0.125091,0.708825,0.452442,,,,,,
245687,,,,,,,,,1.126167,-1.957302,,,78.752708,71.687057,0.363543,0.400892,,,,0.136268,0.715197,0.440910,,,,,,
245691,0.136076,0.714652,0.441399,0.195155,0.703245,0.611967,1.106498,-1.860729,,,81.392006,82.218620,,,,,0.048543,-0.035552,0.170568,,,,,,,,,
245697,,,,,,,,,1.290972,0.652435,,,79.876099,72.841972,0.331691,0.427220,,,,0.147451,0.721249,0.421085,,,,,,
245707,,,,,,,,,1.400841,-0.652435,,,80.276779,73.813721,0.327907,0.419184,,,,0.158763,0.727017,0.412658,,,,,,
245717,,,,,,,,,1.181102,-0.652433,,,80.613907,75.175896,0.324691,0.406971,,,,0.170490,0.732751,0.401357,,,,,,
245727,,,,,,,,,1.318439,0.000000,,,80.897568,77.411110,0.321953,0.385580,,,,0.182682,0.738602,0.398421,,,,,,
245737,,,,,,,,,,,,,81.680786,77.113647,0.314063,0.389576,,,,0.194491,0.743834,0.389914,,,,,,
245745,0.195976,0.743362,0.366912,0.242105,0.734684,0.574851,1.125396,-1.135408,1.593114,-6.524342,,,,,,,,,,,,,,,,,,
245748,,,,,,,,,0.302142,3.262171,76.146309,83.967064,75.260719,69.239761,0.325984,0.488744,0.039945,-0.024648,0.207939,,,,,,,,,
245758,,,,,,,,,1.675516,1.957302,,,79.116112,74.594620,0.286836,0.437070,,,,0.218738,0.754499,0.387140,,,,,,
245767,,,,,,,,,1.263504,0.000000,,,79.092781,77.466568,0.286480,0.409651,,,,0.230954,0.760026,0.389914,,,,,,
245777,,,,,,,,,1.345907,1.957305,,,79.073151,79.338486,0.286091,0.391857,,,,0.242695,0.765075,0.398567,,,,,,
245788,,,,,,,,,1.290972,3.262171,,,77.967545,80.913513,0.296783,0.376718,,,,0.254912,0.770712,0.409942,,,,,,
245791,0.254869,0.770720,0.420018,0.289553,0.765321,0.578889,1.132471,-0.339417,,,73.752892,82.598770,,,,,0.029468,-0.019073,0.158872,,,,,,,,,
245797,,,,,,,,,,,,,78.126373,80.605110,0.270386,0.366518,,,,,,,,,,,,
245813,,,,,,,,,-0.000000,0.000000,,,65.735519,67.821129,0.395898,0.497313,,,,0.279446,0.781721,0.446703,,,,,,
245817,,,,,,,,,0.961362,-0.652434,,,64.567093,65.777382,0.409419,0.521115,,,,0.291784,0.787337,0.466582,,,,,,
245827,,,,,,,,,1.400841,3.262171,,,67.395782,71.136833,0.382404,0.469813,,,,0.304012,0.793306,0.483498,,,,,,
245837,,,,,,,,,1.483244,1.304866,,,69.775841,74.557190,0.359399,0.437217,,,,0.315890,0.799570,0.506386,,,,,,
245845,0.316362,0.799880,0.504609,0.335534,0.796701,0.626396,1.124039,0.508726,,,68.583466,79.456345,,,,,0.015246,-0.012052,0.121787,,,,,,,,,
245848,,,,,,,,,1.153634,1.304868,,,70.689331,76.890533,0.298149,0.382973,,,,0.327952,0.806188,0.535405,,,,,,
245857,,,,,,,,,1.455776,3.262171,,,71.457947,77.764725,0.289887,0.374569,,,,0.339920,0.812950,0.555366,,,,,,
245867,,,,,,,,,1.290972,1.957303,,,73.193741,81.222984,0.271607,0.339633,,,,0.351717,0.820097,0.581460,,,,,,
245877,,,,,,,,,1.345906,3.262171,,,74.654243,81.954590,0.255788,0.331818,,,,0.363636,0.827342,0.604392,,,,,,
245887,,,,,,,,,1.236037,1.957302,,,73.160393,82.025620,0.269811,0.330593,,,,0.375747,0.835127,0.627410,,,,,,
245891,0.375170,0.834903,0.625312,0.378083,0.830313,0.718702,1.100715,1.396587,,,61.581966,75.224991,,,,,-0.000325,-0.005427,0.093390,,,,,,,,,
245897,,,,,,,,,1.373374,2.609737,,,72.992554,82.629929,0.199193,0.280756,,,,0.387454,0.843178,0.656510,,,,,,
245907,,,,,,,,,1.098699,1.304869,,,71.762245,80.960220,0.209460,0.296306,,,,0.399009,0.851875,0.676729,,,,,,
245918,,,,,,,,,1.236037,3.262171,,,71.816154,81.733498,0.206874,0.287271,,,,0.410118,0.860442,0.703119,,,,,,
245927,,,,,,,,,1.126167,3.262170,,,71.861511,82.384132,0.204364,0.279333,,,,0.420975,0.869556,0.732417,,,,,,
245937,,,,,,,,,1.153634,1.304868,,,69.721504,81.297951,0.224137,0.288980,,,,0.431352,0.878584,0.756175,,,,,,
245941,0.430452,0.877898,0.750668,0.415338,0.867372,0.854347,1.068188,2.291904,,,51.710258,70.840782,,,,,-0.018232,0.002613,0.103679,,,,,,,,,
245947,,,,,,,,,1.043764,2.609737,,,68.465439,78.750404,0.134629,0.269032,,,,0.441589,0.888211,0.783024,,,,,,
245957,,,,,,,,,1.016297,1.957302,,,66.864044,78.240532,0.147612,0.272651,,,,0.450971,0.896947,0.807457,,,,,,
245967,,,,,,,,,1.126167,4.567039,,,65.516632,78.900612,0.158325,0.264438,,,,0.458870,0.904425,0.840596,,,,,,
245977,,,,,,,,,1.098699,3.914604,,,64.382919,78.366913,0.167128,0.268270,,,,0.467044,0.912451,0.871041,,,,,,
245987,,,,,,,,,1.043764,3.914604,,,62.884472,77.373322,0.179877,0.276899,,,,0.474341,0.920630,0.910787,,,,,,
245991,0.473563,0.920321,0.913760,0.445633,0.908631,1.026142,1.036390,3.110491,,,44.865208,69.063919,,,,,-0.026315,0.014975,0.112382,,,,,,,,,
245997,,,,,,,,,0.906427,3.262171,,,60.534592,76.537308,0.131792,0.265996,,,,0.481661,0.929541,0.944888,,,,,,
246007,,,,,,,,,0.988829,3.914606,,,59.101944,75.833885,0.143271,0.271676,,,,0.488464,0.938188,0.985626,,,,,,
246017,,,,,,,,,0.988829,3.914606,,,57.351971,74.697487,0.158273,0.281913,,,,0.494859,0.947366,1.023705,,,,,,
246027,,,,,,,,,0.878959,5.219473,,,55.335003,74.285866,0.176349,0.284985,,,,0.500574,0.955990,1.071958,,,,,,
246037,,,,,,,,,0.988829,5.219473,,,54.182468,73.939529,0.186011,0.287473,,,,0.505780,0.964470,1.114014,,,,,,
246041,0.505179,0.964342,1.119092,0.467611,0.954262,1.219969,1.016505,3.713054,,,42.571716,69.519836,,,,,-0.025468,0.029400,0.100877,,,,,,,,,
246047,,,,,,,,,0.906427,4.567039,,,52.668182,73.648117,0.176200,0.294121,,,,0.510635,0.972532,1.163609,,,,,,
246058,,,,,,,,,0.906427,4.567039,,,51.394062,73.947464,0.187176,0.290242,,,,0.514804,0.980602,1.213644,,,,,,
246067,,,,,,,,,0.988829,3.914606,,,50.866562,72.565704,0.190792,0.303450,,,,0.518260,0.989142,1.257460,,,,,,
246077,,,,,,,,,0.933894,5.219474,,,49.878181,72.492180,0.199215,0.303591,,,,0.521430,0.997134,1.309314,,,,,,
246088,,,,,,,,,0.906427,4.567039,,,49.591099,72.974861,0.200682,0.298073,,,,0.524000,1.005699,1.355030,,,,,,
246091,0.523678,1.005817,1.354381,0.480304,1.003773,1.418569,1.016037,3.979581,,,46.988873,73.392029,,,,,-0.011311,0.041924,0.064188,,,,,,,,,
246097,,,,,,,,,0.933894,5.219474,,,48.805008,71.747360,0.252351,0.349399,,,,0.526076,1.013874,1.405120,,,,,,
246108,,,,,,,,,1.016297,5.871907,,,48.688133,71.803627,0.253180,0.349154,,,,0.527836,1.022368,1.452793,,,,,,
246117,,,,,,,,,0.961362,4.567040,,,48.045250,71.850967,0.259397,0.348989,,,,0.529221,1.030394,1.501480,,,,,,
246128,,,,,,,,,0.933894,3.914605,,,48.593414,72.435341,0.253595,0.343337,,,,0.530281,1.038589,1.547477,,,,,,
246137,,,,,,,,,0.933894,3.914605,,,48.510098,71.837952,0.254124,0.349621,,,,0.531065,1.046501,1.597873,,,,,,
246141,0.530894,1.046979,1.593857,0.483215,1.056032,1.608828,1.034469,3.919244,,,55.925098,79.078209,,,,,0.010150,0.047458,0.014971,,,,,,,,,
246148,,,,,,,,,0.961362,4.567040,,,48.439995,71.879852,0.345684,0.407504,,,,0.531158,1.056155,1.639598,,,,,,
246157,,,,,,,,,1.016297,4.567039,,,49.470097,72.459648,0.336674,0.403030,,,,0.531125,1.065939,1.684278,,,,,,
246168,,,,,,,,,0.988829,2.609737,,,50.881367,72.947487,0.323570,0.399377,,,,0.530797,1.075351,1.728451,,,,,,
246177,,,,,,,,,1.071232,3.262170,,,50.979721,72.268867,0.323576,0.407526,,,,0.529720,1.084907,1.764457,,,,,,
246187,,,,,,,,,1.098699,2.609736,,,52.696110,73.876053,0.307058,0.392494,,,,0.528556,1.094215,1.807495,,,,,,
246191,0.528316,1.094841,1.800509,0.476353,1.109339,1.785972,1.062898,3.675608,,,63.745144,83.699600,,,,,0.025949,0.047297,-0.014538,,,,,,,,,
246197,,,,,,,,,1.098699,2.609736,,,53.595734,73.050163,0.378292,0.449097,,,,0.526536,1.104323,1.845621,,,,,,
246207,,,,,,,,,1.016297,3.262172,,,54.352676,72.899803,0.372601,0.452760,,,,0.524572,1.114473,1.883541,,,,,,
246217,,,,,,,,,1.208569,2.609737,,,56.078655,73.317833,0.356874,0.450656,,,,0.522047,1.124755,1.924213,,,,,,
246228,,,,,,,,,1.071232,1.957303,,,57.530895,74.214111,0.343595,0.443591,,,,0.519027,1.135019,1.957841,,,,,,
246237,,,,,,,,,1.153634,3.914605,,,58.208267,75.512779,0.337928,0.432241,,,,0.515409,1.145144,1.990988,,,,,,
246241,0.514937,1.145507,1.991414,0.460243,1.161556,1.952652,1.087970,3.419933,,,69.936188,86.761124,,,,,0.036983,0.043373,-0.038762,,,,,,,,,
246248,,,,,,,,,1.236037,3.262171,,,60.956379,78.239105,0.374154,0.437298,,,,0.511579,1.155108,2.024160,,,,,,
246257,,,,,,,,,1.208569,2.609737,,,61.090466,77.810326,0.374582,0.443376,,,,0.507232,1.165343,2.056559,,,,,,
246267,,,,,,,,,1.153634,1.304868,,,62.292374,77.449547,0.364092,0.448846,,,,0.502520,1.175874,2.088781,,,,,,
246277,,,,,,,,,1.263504,2.609736,,,64.937286,79.868706,0.338642,0.426033,,,,0.497371,1.186229,2.120642,,,,,,
246287,,,,,,,,,1.345907,1.957305,,,65.529091,80.270554,0.333606,0.423312,,,,0.491888,1.196381,2.152385,,,,,,
246291,0.491243,1.197136,2.147077,0.435880,1.210326,2.116126,1.096998,3.272406,,,71.906670,88.342903,,,,,0.041228,0.039234,-0.030951,,,,,,,,,
246297,,,,,,,,,1.263504,2.609736,,,67.116119,82.242302,0.338398,0.420633,,,,0.485934,1.206505,2.183806,,,,,,
246308,,,,,,,,,1.181102,3.262171,,,66.817818,81.178612,0.342399,0.432703,,,,0.479463,1.217197,2.211655,,,,,,
246318,,,,,,,,,1.290972,3.262171,,,68.200455,83.550880,0.329314,0.409938,,,,0.472454,1.227665,2.245336,,,,,,
246324,,,,,,,,,,,,,,,,,,,,0.472454,1.227665,2.245336,,,,,,
246328,,,,,,,,,1.043764,2.609737,,,67.185631,80.646019,0.340406,0.440526,,,,0.465231,1.237810,2.276066,,,,,,
246338,,,,,,,,,1.290972,3.262171,,,66.876305,82.013672,0.344506,0.428116,,,,0.457751,1.247414,2.306580,,,,,,
246341,0.457252,1.247483,2.306865,0.404650,1.253267,2.286158,1.081742,3.299626,,,70.158257,87.306984,,,,,0.039603,0.035101,-0.020707,,,,,,,,,
246347,,,,,,,,,1.373374,1.304869,,,68.249664,83.164413,0.313670,0.407077,,,,0.449768,1.256929,2.336804,,,,,,
246357,,,,,,,,,1.236037,4.567040,,,69.949753,85.221733,0.296711,0.386921,,,,0.441290,1.266588,2.366734,,,,,,
246367,,,,,,,,,1.098699,1.304869,,,69.202034,82.051872,0.304379,0.419671,,,,0.432554,1.276063,2.399404,,,,,,
246378,,,,,,,,,1.290972,3.262171,,,69.661987,83.196556,0.299879,0.409046,,,,0.423375,1.285162,2.431972,,,,,,
246387,,,,,,,,,1.373374,3.914605,,,68.415367,84.159698,0.312693,0.400044,,,,0.414087,1.293863,2.464427,,,,,,
246391,0.413454,1.293857,2.467607,0.368229,1.288198,2.473748,1.040438,3.538587,,,63.922352,84.020111,,,,,0.031805,0.032647,0.006140,,,,,,,,,
246397,,,,,,,,,1.318439,3.914604,,,69.544632,85.514626,0.237917,0.353327,,,,0.404559,1.302284,2.499609,,,,,,
246407,,,,,,,,,1.181102,3.262171,,,69.405708,86.110123,0.238210,0.346954,,,,0.394581,1.310588,2.531604,,,,,,
246417,,,,,,,,,1.318439,3.914604,,,68.744278,86.611168,0.243860,0.341426,,,,0.384439,1.318398,2.569210,,,,,,
246427,,,,,,,,,0.988829,1.304868,,,68.187744,84.854576,0.248572,0.358825,,,,0.373919,1.325866,2.603777,,,,,,
246437,,,,,,,,,1.318439,3.914604,,,67.719482,83.921120,0.252495,0.368179,,,,0.363105,1.333152,2.640924,,,,,,
246441,0.362698,1.332877,2.642781,0.328428,1.313378,2.689281,0.978627,4.001602,,,54.455051,79.421806,,,,,0.020766,0.033517,0.046499,,,,,,,,,
246447,,,,,,,,,1.153634,3.914605,,,67.870026,85.858429,0.153634,0.301536,,,,0.351942,1.339965,2.680655,,,,,,
246458,,,,,,,,,1.153634,5.219473,,,66.363068,84.765762,0.166322,0.311393,,,,0.340674,1.346162,2.723047,,,,,,
246467,,,,,,,,,1.126167,4.567039,,,65.095108,84.390938,0.176873,0.314148,,,,0.329290,1.351986,2.762512,,,,,,
246477,,,,,,,,,1.098699,5.219474,,,64.572792,84.075562,0.180073,0.316371,,,,0.317776,1.357237,2.810121,,,,,,
246488,,,,,,,,,1.016297,1.957302,,,61.955143,81.632027,0.204749,0.340364,,,,0.306120,1.362169,2.860271,,,,,,
246491,0.307011,1.361530,2.850224,0.287075,1.327651,2.937177,0.908898,4.637468,,,43.982483,74.467331,,,,,0.009363,0.038178,0.086953,,,,,,,,,
246497,,,,,,,,,1.043764,6.524342,,,61.386284,81.754211,0.102232,0.288140,,,,0.294234,1.366240,2.912992,,,,,,
246507,,,,,,,,,1.043764,6.524342,,,58.184929,81.857018,0.131405,0.285634,,,,0.282429,1.370039,2.965611,,,,,,
246517,,,,,,,,,1.043764,6.524342,,,56.580395,81.943520,0.144930,0.283274,,,,0.270556,1.372932,3.021054,,,,,,
246527,,,,,,,,,0.906427,5.871908,,,54.141254,79.838127,0.167290,0.303254,,,,0.259577,1.375057,3.076268,,,,,,
246537,,,,,,,,,0.961362,7.176775,,,52.088963,79.155739,0.186192,0.309140,,,,0.249275,1.376839,3.137011,,,,,,
246541,0.250114,1.376028,-3.140154,0.245865,1.330585,-3.075433,0.848667,5.248053,,,37.993355,70.294998,,,,,0.004315,0.045437,0.064721,,,,,,,,,
246548,,,,,,,,,0.961362,4.567040,,,51.451252,79.126122,0.129986,0.265947,,,,0.238988,1.378505,-3.087833,,,,,,
246557,,,,,,,,,1.016297,7.176775,,,49.825596,78.556656,0.143876,0.269989,,,,0.229368,1.379324,-3.023696,,,,,,
246561,,,,,,,,,,,,,,,,,,,,0.229368,1.379324,-3.023696,,,,,,
246567,,,,,,,,,0.851492,5.871908,,,48.457767,78.077507,0.155462,0.273224,,,,0.219742,1.379166,-2.962547,,,,,,
246577,,,,,,,,,0.878959,6.524343,,,46.762333,77.129814,0.170662,0.281334,,,,0.210642,1.379050,-2.898299,,,,,,
246587,,,,,,,,,0.851492,5.871908,,,45.335796,75.787880,0.183459,0.293655,,,,0.201033,1.378344,-2.836660,,,,,,
246591,0.201618,1.377621,-2.837517,0.206260,1.322501,-2.808030,0.814331,5.483375,,,38.389332,70.149757,,,,,0.012075,0.053981,0.029488,,,,,,,,,
246597,,,,,,,,,0.906427,5.871908,,,44.680050,75.203323,0.192718,0.297037,,,,0.191952,1.376906,-2.774844,,,,,,
246607,,,,,,,,,0.961362,5.871906,,,44.128307,74.711472,0.197088,0.301043,,,,0.183140,1.374582,-2.712659,,,,,,
246617,,,,,,,,,0.796557,5.871908,,,43.119526,73.753090,0.206229,0.309906,,,,0.174913,1.372014,-2.653043,,,,,,
246628,,,,,,,,,0.906427,5.871908,,,43.359825,74.580330,0.202832,0.300748,,,,0.166822,1.368838,-2.592835,,,,,,
246638,,,,,,,,,,,,,42.472927,73.098198,0.210885,0.314979,,,,,,,,,,,,
246643,0.157914,1.364000,-2.533025,0.169422,1.304445,-2.571661,0.812444,5.112545,1.318439,6.524342,,,,,,,,,,0.159308,1.365460,-2.534977,,,,,,
246646,,,,,,,,,0.357077,1.957303,44.487507,70.832756,42.271233,71.306595,0.274327,0.339631,0.024605,0.055442,-0.038636,0.152169,1.361785,-2.479565,,,,,,
246657,,,,,,,,,0.961362,5.871906,,,42.646072,69.799141,0.270946,0.354912,,,,0.145285,1.357662,-2.420543,,,,,,
246668,,,,,,,,,0.851492,4.567039,,,42.416920,70.164398,0.273652,0.351393,,,,0.139070,1.353129,-2.363970,,,,,,
246678,,,,,,,,,0.961362,4.567040,,,43.313194,70.471725,0.264924,0.348392,,,,0.133122,1.348694,-2.312668,,,,,,
246687,,,,,,,,,1.071232,4.567039,,,45.156406,71.274849,0.246358,0.340272,,,,0.127194,1.343557,-2.260700,,,,,,
246691,0.126410,1.342289,-2.264408,0.136178,1.278098,-2.379966,0.834896,4.296208,,,55.054127,72.863693,,,,,0.043114,0.048549,-0.115558,,,,,,,,,
246698,,,,,,,,,0.933894,3.914605,,,45.073658,70.316971,0.354848,0.370670,,,,0.120320,1.336729,-2.211757,,,,,,
246707,,,,,,,,,0.878959,3.914604,,,45.548576,70.600098,0.352000,0.368291,,,,0.114213,1.330361,-2.161820,,,,,,
246717,,,,,,,,,0.988829,1.304868,,,47.037258,69.749237,0.338717,0.377423,,,,0.108403,1.323094,-2.117732,,,,,,
246728,,,,,,,,,1.098699,3.914604,,,48.834377,70.666946,0.321989,0.368685,,,,0.103351,1.316198,-2.076044,,,,,,
246737,,,,,,,,,1.043764,2.609737,,,50.891018,70.350021,0.302256,0.372357,,,,0.098091,1.308481,-2.037320,,,,,,
246745,0.097919,1.307756,-2.045439,0.106997,1.245586,-2.231755,0.864024,3.379017,,,63.117336,71.787560,49.354214,65.727020,0.401008,0.409038,0.051149,0.036488,-0.186316,,,,,,,,,
246748,,,,,,,,,0.714154,-1.304868,,,,,,,,,,0.093334,1.300016,-2.001398,,,,,,
246757,,,,,,,,,0.988829,2.609737,,,51.328407,66.738113,0.383624,0.399937,,,,0.088442,1.291685,-1.968351,,,,,,
246767,,,,,,,,,1.071232,0.652434,,,53.534035,67.588844,0.363485,0.392269,,,,0.083970,1.282566,-1.934969,,,,,,
246777,,,,,,,,,1.043764,2.609737,,,54.300766,68.304649,0.357581,0.385808,,,,0.079713,1.273508,-1.911347,,,,,,
246787,,,,,,,,,1.208569,1.304866,,,56.034977,68.906929,0.341655,0.380361,,,,0.075848,1.263563,-1.891012,,,,,,
246791,0.075562,1.262673,-1.898502,0.082056,1.209304,-2.119454,0.881852,2.576480,,,66.397575,68.401093,,,,,0.048439,0.023326,-0.220952,,,,,,,,,
246797,,,,,,,,,1.043764,1.304868,,,58.038685,71.047318,0.356092,0.324563,,,,0.072428,1.253996,-1.870415,,,,,,
246807,,,,,,,,,0.933894,2.609737,,,57.001888,69.036438,0.368339,0.344545,,,,0.069152,1.244053,-1.849637,,,,,,
246818,,,,,,,,,1.181102,1.957302,,,58.852245,69.522659,0.351345,0.339458,,,,0.065860,1.233555,-1.835699,,,,,,
246828,,,,,,,,,1.181102,-0.652433,,,60.953678,69.931763,0.331419,0.335061,,,,0.062839,1.222929,-1.825265,,,,,,
246837,,,,,,,,,1.016297,-0.652434,,,62.177280,69.731438,0.320027,0.336798,,,,0.060006,1.212147,-1.818294,,,,,,
246845,0.059909,1.212360,-1.827756,0.061268,1.171667,-2.034837,0.875652,1.943975,,,64.939552,64.122627,,,,,0.039012,0.011656,-0.207081,,,,,,,,,
246848,,,,,,,,,0.824024,0.000000,,,60.484104,66.295624,0.323270,0.327937,,,,0.057537,1.200825,-1.814785,,,,,,
246857,,,,,,,,,1.181102,-0.652433,,,62.871269,67.216537,0.299812,0.318109,,,,0.054908,1.189720,-1.811270,,,,,,
246867,,,,,,,,,1.043764,0.000000,,,63.246197,67.446846,0.296401,0.315141,,,,0.052433,1.178267,-1.811327,,,,,,
246877,,,,,,,,,1.126167,-0.652435,,,64.650749,67.640633,0.282413,0.312500,,,,0.049917,1.166992,-1.814864,,,,,,
246887,,,,,,,,,1.181102,-0.652433,,,66.377083,69.437309,0.264862,0.293470,,,,0.047454,1.155701,-1.814864,,,,,,
246891,0.047179,1.155679,-1.818672,0.044375,1.134946,-1.971238,0.839396,1.462731,,,57.847103,57.551636,,,,,0.020788,0.002368,-0.152566,,,,,,,,,
246897,,,,,,,,,1.153634,1.304868,,,66.740532,68.770866,0.188525,0.232181,,,,,,,,,,,,
246903,,,,,,,,,,,,,,,,,,,,0.045161,1.144581,-1.814787,,,,,,
246907,,,,,,,,,0.988829,0.000000,,,65.957253,69.299210,0.194736,0.224548,,,,0.042447,1.133122,-1.818356,,,,,,
246918,,,,,,,,,1.071232,0.652434,,,65.298203,67.565582,0.199836,0.239882,,,,0.039900,1.122201,-1.821875,,,,,,
246927,,,,,,,,,0.933894,0.000000,,,64.743675,66.651451,0.204002,0.247203,,,,0.037246,1.110656,-1.818401,,,,,,
246937,,,,,,,,,1.071232,-0.652434,,,64.277100,66.426842,0.207382,0.247674,,,,0.034688,1.099282,-1.818411,,,,,,
246941,0.034574,1.099673,-1.821161,0.031000,1.101064,-1.923650,0.772950,1.097803,,,47.580566,48.270954,,,,,-0.000463,-0.003807,-0.102489,,,,,,,,,
246948,,,,,,,,,0.933894,1.304869,,,63.884521,65.693314,0.105381,0.158718,,,,0.032004,1.088245,-1.814741,,,,,,
246957,,,,,,,,,0.961362,0.652434,,,63.009663,65.076126,0.111044,0.161529,,,,,,,,,,,,
246963,,,,,,,,,,,,,,,,,,,,0.029472,1.076732,-1.814462,,,,,,
246968,,,,,,,,,0.851492,0.652435,,,61.184471,63.467735,0.126575,0.174573,,,,0.026896,1.065268,-1.810327,,,,,,
246977,,,,,,,,,0.769089,1.304867,,,58.559669,61.569893,0.150627,0.190892,,,,0.024485,1.053994,-1.808922,,,,,,
246987,,,,,,,,,0.714154,1.304868,,,55.806618,59.428505,0.176513,0.210074,,,,0.022698,1.044943,-1.802398,,,,,,
246991,0.023037,1.046613,-1.798497,0.020702,1.071468,-1.888400,0.680839,0.818213,,,35.580608,35.856739,,,,,-0.023687,-0.007886,-0.089903,,,,,,,,,
246997,,,,,,,,,0.796557,0.652434,,,54.579285,59.260372,0.064987,0.082933,,,,0.021002,1.036834,-1.796452,,,,,,
247007,,,,,,,,,0.796557,0.652434,,,53.546608,56.940731,0.071720,0.101912,,,,0.019335,1.028155,-1.793099,,,,,,
247017,,,,,,,,,0.741622,0.652433,,,51.588627,54.988987,0.088098,0.117603,,,,0.017536,1.019824,-1.786121,,,,,,
247027,,,,,,,,,0.659220,1.304869,,,49.941181,53.346790,0.101701,0.130527,,,,0.015889,1.011343,-1.778417,,,,,,
247037,,,,,,,,,0.631752,0.652435,,,48.010479,51.965046,0.118522,0.141123,,,,,,,,,,,,
247041,0.015930,1.011711,-1.777364,0.013037,1.047088,-1.862813,0.570633,0.600874,,,26.010668,25.915562,,,,,-0.034031,-0.010087,-0.085449,,,,,,,,,
247047,,,,,,,,,0.576817,0.652434,,,45.841442,49.713356,0.040547,0.059469,,,,,,,,,,,,
247057,,,,,,,,,0.631752,0.652435,,,44.560959,47.818787,0.049641,0.074034,,,,0.011533,0.990027,-1.760356,,,,,,
247067,,,,,,,,,0.521882,0.652434,,,42.394474,46.224697,0.068029,0.085913,,,,0.010265,0.983710,-1.756996,,,,,,
247078,,,,,,,,,0.521882,0.652434,,,40.571594,44.338886,0.083346,0.101086,,,,0.009244,0.978116,-1.745806,,,,,,
247088,,,,,,,,,0.494415,0.000000,,,38.493279,42.207623,0.101633,0.119140,,,,0.008253,0.972598,-1.742208,,,,,,
247091,0.008477,0.973849,-1.745158,0.007558,1.028240,-1.844800,0.451439,0.429813,,,13.414929,12.693465,,,,,-0.053407,-0.010341,-0.099643,,,,,,,,,
247097,,,,,,,,,0.439480,1.304869,,,36.744583,40.414375,-0.011504,-0.000692,,,,0.007465,0.967711,-1.738657,,,,,,
247107,,,,,,,,,0.384545,0.000000,,,34.728691,37.816452,0.004393,0.020262,,,,0.006811,0.963293,-1.731485,,,,,,
247117,,,,,,,,,0.329610,0.000000,,,32.487976,35.086018,0.022985,0.043088,,,,0.006175,0.959092,-1.728110,,,,,,
247127,,,,,,,,,0.274675,0.000000,,,29.513552,32.244087,0.049510,0.067597,,,,0.005528,0.954751,-1.727491,,,,,,
247137,,,,,,,,,0.247207,0.652434,,,27.555414,29.852886,0.066263,0.088078,,,,0.005161,0.951557,-1.723691,,,,,,
247141,0.005275,0.952403,-1.722755,0.003901,1.014922,-1.832883,0.332751,0.294373,,,3.785723,2.911689,,,,,-0.061590,-0.010822,-0.110128,,,,,,,,,
247147,,,,,,,,,0.274675,0.000000,,,25.907837,27.840931,-0.017978,0.005394,,,,0.004853,0.948990,-1.723959,,,,,,
247157,,,,,,,,,0.192272,0.652434,,,23.432480,25.603529,0.002846,0.023229,,,,0.004589,0.946853,-1.720419,,,,,,
247168,,,,,,,,,0.164805,0.000000,,,21.349714,23.176435,0.020161,0.043447,,,,0.004306,0.944888,-1.717124,,,,,,
247178,,,,,,,,,0.109870,0.000000,,,19.052732,20.589737,0.040078,0.065779,,,,0.003989,0.942472,-1.716679,,,,,,
247187,,,,,,,,,0.109870,0.000000,,,16.575510,18.413288,0.062292,0.084443,,,,0.003728,0.940848,-1.712695,,,,,,
247191,0.003789,0.941362,-1.713540,0.001663,1.006456,-1.825625,0.223227,0.187888,,,-3.838381,-4.506456,,,,,-0.064130,-0.011364,-0.112085,,,,,,,,,
247197,,,,,,,,,0.137337,0.652434,,,15.580261,17.126568,-0.007880,0.018802,,,,0.003646,0.940060,-1.712970,,,,,,
247208,,,,,,,,,0.054935,0.000000,,,13.653772,14.954835,0.007886,0.036627,,,,0.003689,0.939588,-1.709658,,,,,,
247217,,,,,,,,,0.082402,0.652434,,,12.032825,13.672083,0.020921,0.045819,,,,0.003588,0.939177,-1.710003,,,,,,
247227,,,,,,,,,-0.000000,0.000000,,,10.124417,11.503689,0.037213,0.064301,,,,0.003553,0.938484,-1.706086,,,,,,
247237,,,,,,,,,0.027467,-0.652434,,,9.063227,9.679202,0.045244,0.079708,,,,0.003458,0.937929,-1.705972,,,,,,
247241,0.003468,0.938104,-1.709344,0.000499,1.001951,-1.821857,0.130292,0.106338,,,-9.371623,-9.784187,,,,,-0.062825,-0.011758,-0.112513,,,,,,,,,
247248,,,,,,,,,0.027467,0.652434,,,7.625798,8.688622,0.000887,0.033142,,,,0.003315,0.937359,-1.705725,,,,,,
247257,,,,,,,,,-0.000000,0.000000,,,6.416345,7.310606,0.009824,0.043504,,,,0.003319,0.937207,-1.705698,,,,,,
247267,,,,,,,,,-0.000000,0.000000,,,5.398712,6.151143,0.017046,0.051911,,,,0.003376,0.937398,-1.705826,,,,,,
247277,,,,,,,,,-0.000000,0.000000,,,4.542476,5.175571,0.022826,0.058675,,,,0.003410,0.937572,-1.709513,,,,,,
247287,,,,,,,,,-0.000000,0.000000,,,3.822038,4.354725,0.027391,0.064056,,,,0.003430,0.937857,-1.705972,,,,,,
247291,0.003433,0.937877,-1.706255,0.000061,1.000240,-1.820443,0.059594,0.047859,,,-13.450795,-13.649869,,,,,-0.061336,-0.011763,-0.114188,,,,,,,,,
247298,,,,,,,,,-0.000000,0.000000,,,3.215863,3.664065,-0.010672,0.028843,,,,0.003453,0.938156,-1.706086,,,,,,
247307,,,,,,,,,-0.000000,0.000000,,,2.705826,3.082944,-0.008803,0.031307,,,,0.003516,0.938618,-1.706416,,,,,,
247317,,,,,,,,,-0.000000,0.000000,,,2.276682,2.593988,-0.007657,0.032948,,,,0.003549,0.939084,-1.706611,,,,,,
247328,,,,,,,,,-0.000000,0.000000,,,1.915600,2.182581,-0.007120,0.033896,,,,0.003624,0.939667,-1.706905,,,,,,
247337,,,,,,,,,-0.000000,0.000000,,,1.611785,1.836424,-0.007094,0.034260,,,,0.003680,0.940257,-1.707008,,,,,,
247341,0.003659,0.940057,-1.706945,0.000000,1.000000,-1.820245,0.015251,0.012174,,,-15.590816,-15.641301,,,,,-0.058891,-0.011761,-0.113300,,,,,,,,,
247347,,,,,,,,,-0.000000,0.000000,,,1.356156,1.545167,-0.029327,0.013821,,,,0.003767,0.940930,-1.707132,,,,,,
247357,,,,,,,,,-0.000000,0.000000,,,1.141069,1.300103,-0.030523,0.012883,,,,0.003862,0.941621,-1.707166,,,,,,
247367,,,,,,,,,-0.000000,0.000000,,,0.960096,1.093907,-0.032023,0.011598,,,,0.003895,0.942374,-1.707182,,,,,,
247377,,,,,,,,,-0.000000,0.000000,,,0.807824,0.920413,-0.033780,0.010021,,,,0.003927,0.943291,-1.707170,,,,,,
247387,,,,,,,,,-0.000000,0.000000,,,0.679703,0.774435,-0.035753,0.008197,,,,0.004000,0.944051,-1.707059,,,,,,
247390,0.003971,0.943716,-1.707050,0.000000,1.000000,-1.820245,0.015251,0.012174,,,-14.559207,-14.609504,,,,,-0.055223,-0.011580,-0.113195,,,,,,,,,
247397,,,,,,,,,-0.000000,0.000000,,,0.571902,0.651610,-0.027385,0.016691,,,,0.004065,0.943797,-1.710839,,,,,,
247407,,,,,,,,,-0.000000,0.000000,,,0.481198,0.548264,-0.029486,0.014693,,,,0.004033,0.943884,-1.707170,,,,,,
247417,,,,,,,,,-0.000000,0.000000,,,0.404880,0.461309,-0.031716,0.012549,,,,0.004075,0.943852,-1.710853,,,,,,
