ts,x,y,yaw,x_des,y_des,yaw_des,v_ff,w_ff,v_actual,w_actual,omega_l_cmd,omega_r_cmd,omega_l_meas,omega_r_meas,duty_l,duty_r,x_err,y_err,yaw_err,x_raw,y_raw,yaw_raw,acc_x,acc_y,acc_z,gyro_x,gyro_y,gyro_z
305954,,,,,,,,,-0.000000,0.000000,,,0.000000,0.000000,0.000000,0.000000,,,,,,,,,,,,
305960,,,,,,,,,,,,,,,,,,,,0.006182,-1.012732,-1.988385,,,,,,
305964,,,,,,,,,-0.000000,0.000000,,,0.000000,0.000000,0.000000,0.000000,,,,,,,,,,,,
305970,,,,,,,,,,,,,,,,,,,,0.006228,-1.012719,-1.988385,,,,,,
305974,,,,,,,,,-0.000000,0.000000,,,0.000000,0.000000,0.000000,0.000000,,,,,,,,,,,,
305981,,,,,,,,,,,,,,,,,,,,0.006215,-1.012721,-1.988374,,,,,,
305984,,,,,,,,,-0.000000,0.000000,,,0.000000,0.000000,0.000000,0.000000,,,,,,,,,,,,
305991,,,,,,,,,,,,,,,,,,,,0.006205,-1.012719,-1.988387,,,,,,
305994,,,,,,,,,-0.000000,0.000000,,,0.000000,0.000000,0.000000,0.000000,,,,,,,,,,,,
306002,,,,,,,,,,,,,,,,,,,,0.006193,-1.012715,-1.988365,,,,,,
306005,0.006193,-1.012715,-1.988365,0.001110,-1.002185,-1.100233,0.018589,0.008938,-0.000000,0.000000,-1.870738,-0.918117,0.000000,0.000000,-0.019082,-0.009365,-0.007564,-0.008917,0.888132,,,,,,,,,
306013,,,,,,,,,-0.000000,0.000000,,,0.000000,0.000000,-0.019456,-0.009548,,,,0.006216,-1.012725,-1.988385,,,,,,
306019,,,,,,,,,,,,,,,,,,,,0.006217,-1.012718,-1.988365,,,,,,
306024,,,,,,,,,-0.000000,0.000000,,,0.000000,0.000000,-0.019830,-0.009732,,,,,,,,,,,,
306030,,,,,,,,,,,,,,,,,,,,0.006215,-1.012720,-1.988365,,,,,,
306034,,,,,,,,,-0.000000,0.000000,,,0.000000,0.000000,-0.020204,-0.009916,,,,,,,,,,,,
306040,,,,,,,,,,,,,,,,,,,,0.006230,-1.012713,-1.988374,,,,,,
306044,,,,,,,,,-0.000000,0.000000,,,0.000000,0.000000,-0.020578,-0.010099,,,,,,,,,,,,
306051,,,,,,,,,,,,,,,,,,,,0.006196,-1.012717,-1.988385,,,,,,
306055,0.006196,-1.012717,-1.988383,0.003684,-1.007228,-1.097477,0.072641,0.035112,-0.000000,0.000000,-0.141003,3.600663,0.000000,0.000000,-0.003309,0.035809,-0.003998,-0.004522,0.890906,,,,,,,,,
306061,,,,,,,,,,,,,,,,,,,,0.006167,-1.012732,-1.988385,,,,,,
306064,,,,,,,,,-0.000000,0.000000,,,0.000000,0.000000,-0.003337,0.036529,,,,,,,,,,,,
306072,,,,,,,,,-0.000000,0.000000,,,0.000000,0.000000,-0.003365,0.037249,,,,0.006191,-1.012738,-1.988399,,,,,,
306079,,,,,,,,,,,,,,,,,,,,0.006204,-1.012716,-1.988387,,,,,,
306084,,,,,,,,,-0.000000,0.000000,,,0.000000,0.000000,-0.003394,0.037969,,,,,,,,,,,,
306090,,,,,,,,,,,,,,,,,,,,0.006229,-1.012725,-1.988385,,,,,,
306094,,,,,,,,,-0.000000,0.000000,,,0.000000,0.000000,-0.003422,0.038689,,,,,,,,,,,,
306100,,,,,,,,,,,,,,,,,,,,0.006163,-1.012743,-1.988365,,,,,,
306105,0.006166,-1.012741,-1.988367,0.008576,-1.016719,-1.092169,0.158836,0.077881,-0.000000,0.000000,2.817054,11.079432,0.000000,0.000000,0.026722,0.115693,0.002659,0.003816,0.896197,,,,,,,,,
306111,,,,,,,,,,,,,,,,,,,,0.006221,-1.012715,-1.988374,,,,,,
306114,,,,,,,,,-0.000000,0.000000,,,0.000000,0.000000,0.027286,0.117909,,,,,,,,,,,,
306121,,,,,,,,,,,,,,,,,,,,0.006210,-1.012718,-1.988387,,,,,,
306124,,,,,,,,,-0.000000,0.000000,,,0.000000,0.000000,0.027849,0.120125,,,,,,,,,,,,
306134,,,,,,,,,-0.000000,0.000000,,,0.000000,0.000000,0.028412,0.122340,,,,,,,,,,,,
306142,,,,,,,,,-0.000000,0.000000,,,0.000000,0.000000,0.028976,0.124556,,,,0.006128,-1.012814,-1.985082,,,,,,
306149,,,,,,,,,,,,,,,,,,,,0.006050,-1.012865,-1.985082,,,,,,
306155,0.006060,-1.012854,-1.985357,0.016425,-1.031687,-1.083463,0.272347,0.137231,-0.000000,0.000000,7.048645,21.410084,0.000000,0.000000,0.072701,0.232145,0.013062,0.017073,0.901895,,,,,,,,,
306160,,,,,,,,,,,,,,,,,,,,0.006038,-1.012884,-1.985082,,,,,,
306164,,,,,,,,,0.027467,0.652434,,,0.000000,0.544543,0.074111,0.230873,,,,,,,,,,,,
306170,,,,,,,,,,,,,,,,,,,,0.006015,-1.012934,-1.985082,,,,,,
306174,,,,,,,,,0.027467,0.652434,,,0.000000,1.002722,0.075521,0.230372,,,,,,,,,,,,
306180,,,,,,,,,,,,,,,,,,,,0.006015,-1.012931,-1.981786,,,,,,
306184,,,,,,,,,0.027467,0.652434,,,0.000000,1.388233,0.076931,0.230521,,,,,,,,,,,,
306191,,,,,,,,,,,,,,,,,,,,0.005921,-1.013048,-1.971813,,,,,,
306194,,,,,,,,,0.082402,1.957303,,,0.000000,2.801689,0.078340,0.220109,,,,,,,,,,,,
306201,,,,,,,,,,,,,,,,,,,,0.005653,-1.013481,-1.961829,,,,,,
306205,0.005561,-1.013750,-1.955591,0.027771,-1.052766,-1.070437,0.406428,0.214064,0.082402,1.957303,13.187488,34.631870,0.000000,3.990970,0.142366,0.346562,0.027826,0.035231,0.885154,,,,,,,,,
306209,,,,,,,,,,,,,,,,,,,,0.005305,-1.014121,-1.945106,,,,,,
306214,,,,,,,,,0.109870,2.609737,,,0.000000,5.536175,0.145004,0.336929,,,,,,,,,,,,
306219,,,,,,,,,,,,,,,,,,,,0.004980,-1.014835,-1.924907,,,,,,
306224,,,,,,,,,0.164805,3.914605,,,0.000000,7.925396,0.147641,0.318378,,,,,,,,,,,,
306232,,,,,,,,,0.219740,5.219473,,,0.000000,11.024773,0.150279,0.292106,,,,0.004570,-1.015636,-1.901229,,,,,,
306240,,,,,,,,,,,,,,,,,,,,0.004039,-1.016768,-1.866982,,,,,,
306244,,,,,,,,,0.192272,4.567039,,,0.000000,13.088045,0.152916,0.275782,,,,,,,,,,,,
306251,,,,,,,,,,,,,,,,,,,,0.003438,-1.018275,-1.832292,,,,,,
306255,0.003394,-1.018671,-1.823476,0.043043,-1.080105,-1.052024,0.552327,0.310504,0.219740,3.914605,25.245312,52.133839,0.544543,16.457712,0.272989,0.424240,0.049571,0.053748,0.771452,,,,,,,,,
306261,,,,,,,,,,,,,,,,,,,,0.002754,-1.019890,-1.789948,,,,,,
306264,,,,,,,,,0.329610,5.219473,,,1.547265,17.114777,0.267702,0.424673,,,,,,,,,,,,
306272,,,,,,,,,0.384545,6.524341,,,2.390955,20.934889,0.263836,0.392712,,,,0.002153,-1.021824,-1.750439,,,,,,
306279,,,,,,,,,,,,,,,,,,,,0.001523,-1.024290,-1.710516,,,,,,
306284,,,,,,,,,0.494415,5.219474,,,4.734465,25.238216,0.244503,0.355058,,,,,,,,,,,,
306292,,,,,,,,,0.576817,5.871907,,,7.250838,29.403580,0.222938,0.317950,,,,0.000737,-1.027039,-1.677448,,,,,,
306300,,,,,,,,,,,,,,,,,,,,0.000045,-1.030334,-1.647556,,,,,,
306305,0.000048,-1.031760,-1.637684,0.062527,-1.113278,-1.026915,0.699567,0.430324,0.631752,7.176776,42.970409,72.068153,9.368114,33.997402,0.385737,0.478969,0.077160,0.067788,0.610770,,,,,,,,,
306310,,,,,,,,,,,,,,,,,,,,-0.000566,-1.033903,-1.609501,,,,,,
306314,,,,,,,,,0.466947,3.262170,,,11.149589,34.050842,0.374286,0.486038,,,,,,,,,,,,
306321,,,,,,,,,,,,,,,,,,,,-0.001051,-1.037918,-1.574645,,,,,,
306324,,,,,,,,,0.769089,2.609737,,,15.915781,37.907608,0.332035,0.454303,,,,,,,,,,,,
306331,,,,,,,,,,,,,,,,,,,,-0.001308,-1.042208,-1.535877,,,,,,
306334,,,,,,,,,0.851492,3.262170,,,19.926056,41.697235,0.296541,0.422481,,,,,,,,,,,,
306341,,,,,,,,,,,,,,,,,,,,-0.001498,-1.046825,-1.494009,,,,,,
306344,,,,,,,,,0.878959,5.219473,,,23.844843,45.974911,0.261178,0.384922,,,,,,,,,,,,
306352,,,,,,,,,0.878959,2.609737,,,27.686653,48.485062,0.225817,0.364538,,,,-0.001668,-1.051866,-1.460305,,,,,,
306356,-0.001517,-1.053867,-1.464245,0.086343,-1.151248,-0.993420,0.836602,0.579593,,,61.934669,90.984406,,,,,0.106173,0.077005,0.470825,,,,,,,,,
306359,,,,,,,,,,,,,,,,,,,,-0.001755,-1.057354,-1.419829,,,,,,
306364,,,,,,,,,0.769089,5.219474,,,28.740978,50.052559,0.411555,0.546211,,,,,,,,,,,,
306370,,,,,,,,,,,,,,,,,,,,-0.001654,-1.063259,-1.380051,,,,,,
306374,,,,,,,,,0.824024,2.609737,,,31.261717,51.915993,0.392482,0.535391,,,,,,,,,,,,
306380,,,,,,,,,,,,,,,,,,,,-0.001188,-1.069481,-1.337340,,,,,,
306384,,,,,,,,,1.071232,5.871908,,,34.471752,56.206604,0.365875,0.499440,,,,,,,,,,,,
306391,,,,,,,,,,,,,,,,,,,,-0.000490,-1.075998,-1.295312,,,,,,
306394,,,,,,,,,1.016297,0.652434,,,38.806305,58.183094,0.327155,0.486236,,,,,,,,,,,,
306401,,,,,,,,,,,,,,,,,,,,0.000426,-1.082857,-1.247139,,,,,,
306404,0.001436,-1.085358,-1.243477,0.114420,-1.192397,-0.949265,0.951825,0.767687,1.208569,5.219474,,,42.453400,62.568829,0.294580,0.448061,,,,,,,,,,,,
306407,,,,,,,,,,,83.830063,107.481468,,,,,0.137681,0.072572,0.294212,,,,,,,,,
306411,,,,,,,,,,,,,,,,,,,,0.001671,-1.090038,-1.206490,,,,,,
306414,,,,,,,,,1.071232,3.262170,,,44.977520,65.169899,0.496063,0.595484,,,,,,,,,,,,
306418,,,,,,,,,,,,,,,,,,,,0.003150,-1.097621,-1.159873,,,,,,
306424,,,,,,,,,1.153634,3.914605,,,47.645859,67.358437,0.476617,0.581623,,,,,,,,,,,,
306429,,,,,,,,,,,,,,,,,,,,0.005067,-1.105179,-1.110632,,,,,,
306434,,,,,,,,,1.318439,2.609739,,,51.524628,71.378044,0.444290,0.548647,,,,,,,,,,,,
306439,,,,,,,,,,,,,,,,,,,,0.007197,-1.112962,-1.058893,,,,,,
306444,,,,,,,,,1.538179,2.609734,,,57.510941,75.849228,0.389691,0.510262,,,,,,,,,,,,
306451,,,,,,,,,,,,,,,,,,,,0.009787,-1.121075,-1.007951,,,,,,
306455,0.011602,-1.124022,-1.016799,0.146463,-1.234600,-0.891288,1.034848,1.008905,1.208569,-3.914605,102.903870,118.240593,62.547821,79.611282,0.538131,0.587959,0.164988,0.056516,0.125511,,,,,,,,,
306460,,,,,,,,,,,,,,,,,,,,0.012712,-1.129470,-0.954565,,,,,,
306464,,,,,,,,,1.236037,7.176775,,,61.884964,77.331245,0.552964,0.618941,,,,,,,,,,,,
306470,,,,,,,,,,,,,,,,,,,,0.016218,-1.138195,-0.898909,,,,,,
306474,,,,,,,,,1.565646,1.957302,,,66.772667,80.858253,0.511313,0.591147,,,,,,,,,,,,
306481,,,,,,,,,,,,,,,,,,,,0.019839,-1.146823,-0.843890,,,,,,
306484,,,,,,,,,1.648049,-1.304868,,,73.063354,84.370422,0.454374,0.562800,,,,,,,,,,,,
306491,,,,,,,,,,,,,,,,,,,,0.024145,-1.155489,-0.789603,,,,,,
306494,,,,,,,,,1.702984,2.609736,,,77.267250,88.959190,0.417462,0.522768,,,,,,,,,,,,
306501,,,,,,,,,,,,,,,,,,,,0.028958,-1.164445,-0.729909,,,,,,
306505,0.031716,-1.166824,-0.743091,0.181936,-1.275383,-0.814979,1.077910,1.324995,1.785386,5.871908,117.553146,120.375084,84.616211,94.998352,0.497053,0.488797,0.184067,0.021693,-0.071888,,,,,,,,,
306513,,,,,,,,,0.961362,-3.262171,,,77.730591,87.555206,0.573874,0.569792,,,,0.034210,-1.173625,-0.673970,,,,,,
306519,,,,,,,,,,,,,,,,,,,,0.039878,-1.182546,-0.612626,,,,,,
306524,,,,,,,,,1.620581,-1.957303,,,81.738808,89.460693,0.540954,0.556920,,,,,,,,,,,,
306530,,,,,,,,,,,,,,,,,,,,0.045872,-1.191612,-0.552089,,,,,,
306534,,,,,,,,,1.702984,-1.304869,,,86.200401,91.608513,0.502609,0.541195,,,,,,,,,,,,
306540,,,,,,,,,,,,,,,,,,,,0.052415,-1.200688,-0.491960,,,,,,
306544,,,,,,,,,1.675516,-0.652435,,,89.954391,93.415688,0.470589,0.528515,,,,,,,,,,,,
306551,,,,,,,,,,,,,,,,,,,,0.059430,-1.209287,-0.432196,,,,,,
306554,0.062328,-1.210433,-0.461100,0.220044,-1.312124,-0.713813,1.077275,1.748843,,,121.900124,113.382927,88.756653,90.579895,0.488325,0.562832,0.186490,-0.020898,-0.252713,,,,,,,,,
306557,,,,,,,,,1.730451,-1.957303,,,,,,,,,,,,,,,,,,
306561,,,,,,,,,,,,,,,,,,,,0.066896,-1.217505,-0.369957,,,,,,
306564,,,,,,,,,1.263504,1.304869,,,91.560677,93.094749,0.509823,0.471820,,,,,,,,,,,,
306571,,,,,,,,,,,,,,,,,,,,0.074850,-1.225961,-0.311079,,,,,,
306574,,,,,,,,,1.648049,-2.609737,,,94.464523,94.121666,0.486272,0.465403,,,,,,,,,,,,
306579,,,,,,,,,,,,,,,,,,,,0.083263,-1.233864,-0.246844,,,,,,
306584,,,,,,,,,1.648049,-2.609737,,,96.363274,94.441170,0.472391,0.465996,,,,,,,,,,,,
306589,,,,,,,,,,,,,,,,,,,,0.092217,-1.241482,-0.185601,,,,,,
306594,,,,,,,,,1.620581,-0.652433,,,97.960884,94.709999,0.461203,0.467043,,,,,,,,,,,,
306599,,,,,,,,,,,,,,,,,,,,0.101091,-1.248745,-0.127316,,,,,,
306605,0.103964,-1.248489,-0.158163,0.259733,-1.342316,-0.578448,1.034438,2.328709,1.757919,-7.829209,114.757515,98.133469,103.116913,98.747993,0.340545,0.274045,0.168603,-0.068121,-0.420285,,,,,,,,,
306613,,,,,,,,,0.961362,5.871906,,,93.841621,90.710152,0.437481,0.355908,,,,0.110829,-1.255568,-0.071815,,,,,,
306621,,,,,,,,,,,,,,,,,,,,0.120358,-1.261997,-0.016451,,,,,,
306624,,,,,,,,,1.373374,-2.609737,,,93.660995,88.848000,0.443507,0.376387,,,,,,,,,,,,
306631,,,,,,,,,,,,,,,,,,,,0.130463,-1.268093,0.036046,,,,,,
306634,,,,,,,,,1.373374,-2.609737,,,93.509018,87.281189,0.449276,0.394226,,,,,,,,,,,,
306639,,,,,,,,,,,,,,,,,,,,0.140725,-1.273299,0.086050,,,,,,
306644,,,,,,,,,1.455776,-3.262171,,,93.925682,86.507416,0.449276,0.404288,,,,,,,,,,,,
306649,,,,,,,,,,,,,,,,,,,,0.151100,-1.278325,0.133010,,,,,,
306655,0.153128,-1.277069,0.094790,0.299708,-1.363820,-0.396363,0.957031,3.128195,1.675516,-3.262171,99.010635,83.939377,97.543526,88.034538,0.255922,0.246257,0.137711,-0.100235,-0.491153,,,,,,,,,
306659,,,,,,,,,,,,,,,,,,,,0.161558,-1.282792,0.171821,,,,,,
306664,,,,,,,,,0.988829,-1.304868,,,92.419434,83.329483,0.308481,0.293430,,,,,,,,,,,,
306671,,,,,,,,,,,,,,,,,,,,0.171940,-1.286823,0.210873,,,,,,
306674,,,,,,,,,0.988829,-1.304868,,,88.108017,78.826111,0.353776,0.339486,,,,,,,,,,,,
306681,,,,,,,,,,,,,,,,,,,,0.182655,-1.290147,0.244330,,,,,,
306684,,,,,,,,,1.181102,-1.957302,,,86.114021,77.215141,0.376295,0.356941,,,,,,,,,,,,
306691,,,,,,,,,,,,,,,,,,,,0.193622,-1.292965,0.274863,,,,,,
306694,,,,,,,,,1.126167,-0.652435,,,83.891731,76.404221,0.401542,0.366557,,,,,,,,,,,,
306701,,,,,,,,,,,,,,,,,,,,0.204243,-1.295101,0.302754,,,,,,
306705,0.204658,-1.293134,0.282480,0.338467,-1.375101,-0.154271,0.859247,4.202590,1.153634,-1.304868,80.370316,76.386406,86.922791,78.444626,0.183517,0.270212,0.105659,-0.116016,-0.436751,,,,,,,,,
306713,,,,,,,,,1.016297,-0.652434,,,79.671341,71.993271,0.256172,0.335604,,,,0.214578,-1.296445,0.325321,,,,,,
306719,,,,,,,,,,,,,,,,,,,,0.224660,-1.297366,0.345224,,,,,,
306724,,,,,,,,,1.016297,0.652434,,,76.837234,71.465996,0.285219,0.341861,,,,,,,,,,,,
306730,,,,,,,,,,,,,,,,,,,,0.235506,-1.297778,0.367518,,,,,,
306734,,,,,,,,,1.016297,0.652434,,,74.452614,70.477798,0.310249,0.352924,,,,,,,,,,,,
306740,,,,,,,,,,,,,,,,,,,,0.245846,-1.297704,0.387185,,,,,,
306744,,,,,,,,,1.043764,1.304868,,,72.446198,70.190872,0.331898,0.357033,,,,,,,,,,,,
306751,,,,,,,,,,,,,,,,,,,,0.255890,-1.296709,0.406946,,,,,,
306755,0.255749,-1.295036,0.401910,0.374365,-1.375415,0.152029,0.761264,5.501726,1.373374,1.304869,60.874729,75.046028,74.025261,73.216713,0.118522,0.313736,0.077721,-0.120374,-0.249881,,,,,,,,,
306761,,,,,,,,,,,,,,,,,,,,0.265495,-1.295482,0.426945,,,,,,
306764,,,,,,,,,0.824024,1.304869,,,69.363907,69.772682,0.163437,0.349231,,,,,,,,,,,,
306772,,,,,,,,,0.906427,3.262171,,,66.530930,69.597588,0.190636,0.352072,,,,0.275328,-1.293456,0.446939,,,,,,
306779,,,,,,,,,,,,,,,,,,,,0.285501,-1.290924,0.469224,,,,,,
306784,,,,,,,,,0.933894,3.914605,,,63.058178,69.450264,0.224927,0.354664,,,,,,,,,,,,
306789,,,,,,,,,,,,,,,,,,,,0.295231,-1.287576,0.497725,,,,,,
306794,,,,,,,,,0.961362,4.567040,,,61.225288,69.326309,0.243185,0.357048,,,,,,,,,,,,
306800,,,,,,,,,,,,,,,,,,,,0.304516,-1.284109,0.526197,,,,,,
306804,0.303949,-1.283066,0.534886,0.405699,-1.364914,0.501984,0.685912,6.682049,,,40.186829,71.277840,59.683098,69.766556,0.258846,0.353701,0.045817,-0.122283,-0.032902,,,,,,,,,
306807,,,,,,,,,1.263504,3.914606,,,,,,,,,,,,,,,,,,
306813,,,,,,,,,0.604285,0.000000,,,58.930042,67.958809,0.055749,0.334761,,,,0.313399,-1.279938,0.566471,,,,,,
306821,,,,,,,,,,,,,,,,,,,,0.321932,-1.275515,0.606942,,,,,,
306824,,,,,,,,,0.906427,5.871908,,,56.118248,68.615944,0.080680,0.328722,,,,,,,,,,,,
306831,,,,,,,,,,,,,,,,,,,,0.330055,-1.271064,0.651001,,,,,,
306834,,,,,,,,,0.878959,6.524343,,,52.663319,69.168854,0.112734,0.323614,,,,,,,,,,,,
306839,,,,,,,,,,,,,,,,,,,,0.337988,-1.265688,0.691850,,,,,,
306844,,,,,,,,,0.851492,7.176777,,,50.300884,69.634071,0.134336,0.319291,,,,,,,,,,,,
306849,,,,,,,,,,,,,,,,,,,,0.345964,-1.260271,0.745316,,,,,,
306855,0.345165,-1.259875,0.757744,0.430805,-1.344626,0.853892,0.649928,7.162419,0.906427,5.871908,21.965998,61.127155,48.857677,70.025505,-0.038819,0.212090,0.003960,-0.120421,0.096148,,,,,,,,,
306859,,,,,,,,,,,,,,,,,,,,0.353798,-1.254529,0.810834,,,,,,
306864,,,,,,,,,0.769089,9.134080,,,44.920647,70.354858,-0.004039,0.206951,,,,,,,,,,,,
306871,,,,,,,,,,,,,,,,,,,,0.360970,-1.247858,0.886487,,,,,,
306874,,,,,,,,,0.686687,9.786511,,,40.518944,69.542892,0.036267,0.213388,,,,,,,,,,,,
306880,,,,,,,,,,,,,,,,,,,,0.367392,-1.241251,0.963642,,,,,,
306884,,,,,,,,,0.576817,8.481646,,,36.270805,68.315155,0.075887,0.224227,,,,,,,,,,,,
306891,,,,,,,,,,,,,,,,,,,,0.373526,-1.234110,1.042540,,,,,,
306894,,,,,,,,,0.659220,9.134078,,,33.240967,67.826683,0.103931,0.227772,,,,,,,,,,,,
306901,,,,,,,,,,,,,,,,,,,,0.379076,-1.226915,1.126686,,,,,,
306905,0.377773,-1.227385,1.134030,0.448181,-1.316350,1.177649,0.653600,6.808008,0.659220,6.524342,8.748425,44.282063,31.780746,69.593857,-0.018249,0.036587,-0.050830,-0.101432,0.043619,,,,,,,,,
306913,,,,,,,,,0.549350,9.134079,,,28.373945,64.001694,0.011894,0.088565,,,,0.383941,-1.218851,1.206969,,,,,,
306919,,,,,,,,,,,,,,,,,,,,0.387194,-1.212834,1.288799,,,,,,
306924,,,,,,,,,0.357077,5.871907,,,24.962919,60.385536,0.042761,0.121506,,,,,,,,,,,,
306929,,,,,,,,,,,,,,,,,,,,0.390608,-1.207458,1.366005,,,,,,
306934,,,,,,,,,0.439480,6.524342,,,22.637426,57.887444,0.063238,0.143766,,,,,,,,,,,,
306940,,,,,,,,,,,,,,,,,,,,0.393865,-1.201680,1.442569,,,,,,
306944,,,,,,,,,0.466947,7.176775,,,20.680758,55.785549,0.080418,0.162484,,,,,,,,,,,,
306950,,,,,,,,,,,,,,,,,,,,0.396245,-1.196486,1.509879,,,,,,
306955,0.395192,-1.197184,1.508436,0.456602,-1.282421,1.470138,0.682542,6.139090,0.521882,7.176775,5.166928,34.388145,19.034416,53.472473,0.058293,0.082859,-0.081245,-0.066603,-0.038299,,,,,,,,,
306961,,,,,,,,,,,,,,,,,,,,0.398214,-1.191314,1.573093,,,,,,
306964,,,,,,,,,0.329610,3.914605,,,17.649185,51.526249,0.069649,0.098893,,,,,,,,,,,,
306972,,,,,,,,,0.357077,4.567039,,,17.028194,49.344154,0.073487,0.117723,,,,0.399637,-1.186727,1.635417,,,,,,
306978,,,,,,,,,,,,,,,,,,,,0.400263,-1.182331,1.691488,,,,,,
306984,,,,,,,,,0.357077,4.567039,,,15.961150,46.963596,0.081998,0.139013,,,,,,,,,,,,
306989,,,,,,,,,,,,,,,,,,,,0.400517,-1.178185,1.739177,,,,,,
306994,,,,,,,,,0.357077,4.567039,,,15.063339,44.960594,0.088997,0.156929,,,,,,,,,,,,
306999,,,,,,,,,,,,,,,,,,,,0.400187,-1.173990,1.781847,,,,,,
307005,0.399685,-1.174440,1.778059,0.455226,-1.245420,1.739995,0.721600,5.595091,0.384545,2.609737,8.914838,35.719311,15.397008,44.364357,0.121843,0.174474,-0.080890,-0.039746,-0.038064,,,,,,,,,
307010,,,,,,,,,,,,,,,,,,,,0.399529,-1.170596,1.820975,,,,,,
307014,,,,,,,,,0.357077,4.567039,,,14.588670,41.139965,0.128792,0.205634,,,,,,,,,,,,
307020,,,,,,,,,,,,,,,,,,,,0.398575,-1.167348,1.862326,,,,,,
307024,,,,,,,,,0.439480,3.914605,,,14.997621,40.060593,0.123486,0.215559,,,,,,,,,,,,
307032,,,,,,,,,0.384545,3.914605,,,14.797169,39.696953,0.124314,0.218400,,,,0.397629,-1.164213,1.900492,,,,,,
307041,,,,,,,,,,,,,,,,,,,,0.396462,-1.161245,1.938095,,,,,,
307044,,,,,,,,,0.384545,3.914605,,,14.628509,38.846443,0.124858,0.226280,,,,,,,,,,,,
307049,,,,,,,,,,,,,,,,,,,,0.395339,-1.158579,1.971994,,,,,,
307055,0.395220,-1.158371,1.972143,0.443692,-1.207836,1.991168,0.764550,5.213987,0.412012,3.262171,15.770304,43.516716,15.031141,38.130825,0.189534,0.312487,-0.064470,-0.025297,0.019025,,,,,,,,,
307059,,,,,,,,,,,,,,,,,,,,0.394411,-1.155971,2.012676,,,,,,
307064,,,,,,,,,0.439480,5.219474,,,14.825373,38.617790,0.191781,0.308597,,,,,,,,,,,,
307069,,,,,,,,,,,,,,,,,,,,0.393810,-1.153454,2.056020,,,,,,
307074,,,,,,,,,0.494415,5.219474,,,15.196783,39.027523,0.188181,0.305398,,,,,,,,,,,,
307080,,,,,,,,,,,,,,,,,,,,0.392876,-1.151366,2.101730,,,,,,
307084,,,,,,,,,0.521882,3.262171,,,16.598373,39.916817,0.174000,0.297225,,,,,,,,,,,,
307091,,,,,,,,,,,,,,,,,,,,0.391520,-1.148735,2.143250,,,,,,
307094,,,,,,,,,0.576817,4.567039,,,17.777672,41.209610,0.161805,0.284758,,,,,,,,,,,,
307101,,,,,,,,,,,,,,,,,,,,0.388830,-1.144220,2.177292,,,,,,
307105,0.388177,-1.143299,2.179237,0.422170,-1.171725,2.217644,0.813675,4.811158,0.549350,5.219473,25.296177,52.288742,18.225389,42.297363,0.254001,0.363599,-0.042755,-0.011645,0.038407,,,,,,,,,
307111,,,,,,,,,,,,,,,,,,,,0.386844,-1.140391,2.224124,,,,,,
307114,,,,,,,,,0.384545,3.914605,,,17.513014,41.034428,0.262681,0.378480,,,,,,,,,,,,
307122,,,,,,,,,0.604285,3.914605,,,19.091793,42.149967,0.248134,0.369352,,,,0.384040,-1.136223,2.263698,,,,,,
307132,,,,,,,,,0.631752,4.567039,,,20.420177,43.633125,0.235826,0.356251,,,,0.381311,-1.132868,2.312583,,,,,,
307140,,,,,,,,,,,,,,,,,,,,0.378150,-1.129021,2.354767,,,,,,
307144,,,,,,,,,0.576817,4.567039,,,20.993338,44.336510,0.230955,0.350808,,,,,,,,,,,,
307151,,,,,,,,,,,,,,,,,,,,0.374120,-1.124467,2.399404,,,,,,
307155,0.373700,-1.124231,2.400087,0.391389,-1.138461,2.407749,0.873407,4.206012,0.851492,5.871908,36.956047,59.472679,22.020138,46.017426,0.340273,0.408529,-0.022656,-0.001453,0.007661,,,,,,,,,
307161,,,,,,,,,,,,,,,,,,,,0.370317,-1.120539,2.449685,,,,,,
307164,,,,,,,,,0.521882,3.262171,,,23.973173,47.431747,0.323339,0.396794,,,,,,,,,,,,
307171,,,,,,,,,,,,,,,,,,,,0.365953,-1.116526,2.493644,,,,,,
307174,,,,,,,,,0.796557,3.262171,,,26.705544,49.166302,0.298065,0.381510,,,,,,,,,,,,
307182,,,,,,,,,0.824024,3.914605,,,28.460016,51.170296,0.282220,0.363131,,,,0.361141,-1.112532,2.540262,,,,,,
307191,,,,,,,,,,,,,,,,,,,,0.355950,-1.108284,2.586238,,,,,,
307194,,,,,,,,,0.796557,4.567040,,,30.480772,52.311916,0.263307,0.353146,,,,,,,,,,,,
307200,,,,,,,,,,,,,,,,,,,,0.350050,-1.104015,2.626530,,,,,,
307205,0.349329,-1.103749,2.626683,0.352614,-1.108561,2.551696,0.943469,3.364355,0.741622,3.262171,50.671494,63.989422,31.636492,53.272476,0.392711,0.390852,-0.005229,0.002571,-0.074987,,,,,,,,,
307210,,,,,,,,,,,,,,,,,,,,0.344228,-1.100101,2.669377,,,,,,
307214,,,,,,,,,0.878959,2.609737,,,33.698002,54.625233,0.375491,0.379197,,,,,,,,,,,,
307221,,,,,,,,,,,,,,,,,,,,0.337502,-1.096183,2.712023,,,,,,
307224,,,,,,,,,0.933894,2.609737,,,36.521641,56.307983,0.350085,0.363906,,,,,,,,,,,,
307231,,,,,,,,,,,,,,,,,,,,0.330490,-1.092503,2.751454,,,,,,
307234,,,,,,,,,0.961362,1.957303,,,39.986538,57.723850,0.317573,0.351000,,,,,,,,,,,,
307242,,,,,,,,,0.933894,2.609737,,,41.812817,58.370617,0.301082,0.345656,,,,0.323520,-1.088873,2.790896,,,,,,
307251,,,,,,,,,,,,,,,,,,,,0.315444,-1.085339,2.821717,,,,,,
307254,0.314750,-1.085198,2.816294,0.307583,-1.081665,2.645149,1.016318,2.379782,,,64.040001,65.599068,43.349445,59.459351,0.287180,0.335675,0.007921,-0.001057,-0.171145,,,,,,,,,
307257,,,,,,,,,1.153634,2.609736,,,,,,,,,,,,,,,,,,
307260,,,,,,,,,,,,,,,,,,,,0.307633,-1.082363,2.852575,,,,,,
307264,,,,,,,,,0.686687,1.957303,,,44.642365,60.375412,0.411815,0.343656,,,,,,,,,,,,
307271,,,,,,,,,,,,,,,,,,,,0.299425,-1.079491,2.877826,,,,,,
307274,,,,,,,,,1.016297,0.652434,,,47.363857,61.146183,0.387935,0.336838,,,,,,,,,,,,
307281,,,,,,,,,,,,,,,,,,,,0.290746,-1.076927,2.902838,,,,,,
307284,,,,,,,,,1.043764,0.000000,,,49.653721,61.794712,0.367914,0.331114,,,,,,,,,,,,
307291,,,,,,,,,,,,,,,,,,,,0.281999,-1.074612,2.925192,,,,,,
307294,,,,,,,,,1.016297,0.652434,,,52.124954,62.340382,0.345585,0.326309,,,,,,,,,,,,
307299,,,,,,,,,,,,,,,,,,,,0.272740,-1.072261,2.939111,,,,,,
307305,0.272194,-1.072078,2.931542,0.258411,-1.056639,2.687822,1.079951,1.358413,1.153634,3.914605,75.061638,65.336052,53.659706,64.977684,0.444734,0.297378,0.016699,-0.012226,-0.243720,,,,,,,,,
307309,,,,,,,,,,,,,,,,,,,,0.263151,-1.070337,2.950274,,,,,,
307314,,,,,,,,,0.933894,-3.914605,,,56.040134,62.295818,0.424734,0.324804,,,,,,,,,,,,
307320,,,,,,,,,,,,,,,,,,,,0.253506,-1.068365,2.953143,,,,,,
307324,,,,,,,,,1.126167,-1.957302,,,58.587570,62.762012,0.402554,0.320657,,,,,,,,,,,,
307331,,,,,,,,,,,,,,,,,,,,0.243114,-1.066526,2.950189,,,,,,
307334,,,,,,,,,1.071232,-1.957303,,,61.275524,63.154270,0.378432,0.317171,,,,,,,,,,,,
307339,,,,,,,,,,,,,,,,,,,,0.232728,-1.064795,2.944721,,,,,,
307344,,,,,,,,,1.071232,-1.957303,,,62.992626,62.939774,0.363675,0.319795,,,,,,,,,,,,
307352,,,,,,,,,,,,,,,,,,,,0.221840,-1.062919,2.930718,,,,,,
307355,0.221712,-1.062570,2.922587,0.207454,-1.031822,2.680789,1.123069,0.352533,1.208569,2.609737,81.983559,65.902214,63.892853,63.303837,0.427510,0.322336,0.020597,-0.026916,-0.241797,,,,,,,,,
307360,,,,,,,,,,,,,,,,,,,,0.211341,-1.061166,2.913893,,,,,,
307364,,,,,,,,,1.043764,-6.524342,,,66.283928,63.610161,0.406739,0.319731,,,,,,,,,,,,
307370,,,,,,,,,,,,,,,,,,,,0.200554,-1.059057,2.894461,,,,,,
307374,,,,,,,,,1.208569,-2.609737,,,68.840324,63.867901,0.383804,0.317560,,,,,,,,,,,,
307380,,,,,,,,,,,,,,,,,,,,0.189701,-1.057076,2.875017,,,,,,
307384,,,,,,,,,1.126167,-3.262170,,,70.991280,64.084763,0.364493,0.315755,,,,,,,,,,,,
307391,,,,,,,,,,,,,,,,,,,,0.178483,-1.054707,2.847075,,,,,,
307394,,,,,,,,,1.153634,-3.914605,,,72.256546,63.722687,0.353786,0.319812,,,,,,,,,,,,
307401,,,,,,,,,,,,,,,,,,,,0.167257,-1.052135,2.819081,,,,,,
307405,0.167216,-1.051537,2.811366,0.157170,-1.005350,2.625154,1.139441,-0.630398,,,85.915779,67.821861,73.865685,63.962582,0.379426,0.337381,0.024480,-0.040434,-0.186212,,,,,,,,,
307412,,,,,,,,,0.494415,3.914605,,,69.774185,60.352627,0.423570,0.374975,,,,0.155832,-1.049056,2.785349,,,,,,
307421,,,,,,,,,,,,,,,,,,,,0.144669,-1.045885,2.751502,,,,,,
307424,,,,,,,,,1.208569,-2.609737,,,72.321571,61.671555,0.400815,0.363016,,,,,,,,,,,,
307431,,,,,,,,,,,,,,,,,,,,0.133450,-1.042163,2.717654,,,,,,
307434,,,,,,,,,1.290972,-4.567039,,,75.009483,62.781303,0.376117,0.352926,,,,,,,,,,,,
307442,,,,,,,,,1.208569,-2.609737,,,76.726547,63.715046,0.360784,0.344410,,,,0.122046,-1.038229,2.686493,,,,,,
307452,,,,,,,,,,,,,76.537659,64.500694,0.364548,0.337218,,,,0.111009,-1.033971,2.652338,,,,,,
307456,0.111050,-1.033482,2.654755,0.109957,-0.975506,2.522669,1.130104,-1.589969,1.510712,-1.957302,87.704529,68.128052,,,,,0.028089,-0.050729,-0.132086,,,,,,,,,
307460,,,,,,,,,,,,,,,,,,,,0.099640,-1.029235,2.617994,,,,,,
307464,,,,,,,,,0.906427,-1.957303,,,78.012360,65.706284,0.369627,0.328708,,,,,,,,,,,,
307470,,,,,,,,,,,,,,,,,,,,0.088108,-1.023897,2.580655,,,,,,
307474,,,,,,,,,1.236037,-3.262171,,,79.253166,66.176125,0.358910,0.324400,,,,,,,,,,,,
307484,,,,,,,,,1.290972,-4.567039,,,80.841728,66.571449,0.344397,0.320758,,,,,,,,,,,,
307489,,,,,,,,,,,,,,,,,,,,0.077048,-1.018364,2.543159,,,,,,
307493,,,,,,,,,1.208569,-2.609737,,,81.633797,66.904076,0.337690,0.317677,,,,0.065811,-1.012312,2.505322,,,,,,
307501,,,,,,,,,,,,,,,,,,,,0.054836,-1.006032,2.470370,,,,,,
307505,0.055246,-1.005660,2.474918,0.068006,-0.941043,2.377927,1.103091,-2.495022,1.593114,-5.219473,87.996536,66.077095,82.844788,67.183945,0.329531,0.294147,0.029929,-0.058671,-0.096992,,,,,,,,,
307513,,,,,,,,,0.769089,-1.304867,,,81.140999,66.330338,0.347939,0.302633,,,,0.043965,-0.998890,2.431806,,,,,,
307522,,,,,,,,,1.236037,-3.262171,,,81.885605,66.701202,0.341716,0.298799,,,,0.033756,-0.991862,2.396448,,,,,,
307529,,,,,,,,,,,,,,,,,,,,0.023399,-0.984580,2.360713,,,,,,
307534,,,,,,,,,1.236037,-4.567040,,,83.056664,66.468704,0.330993,0.301046,,,,,,,,,,,,
307539,,,,,,,,,,,,,,,,,,,,0.013447,-0.976661,2.321285,,,,,,
307544,,,,,,,,,1.208569,-3.914605,,,83.497444,66.273079,0.327485,0.302963,,,,,,,,,,,,
307550,,,,,,,,,,,,,,,,,,,,0.003908,-0.967834,2.282013,,,,,,
307555,0.004554,-0.967500,2.281809,0.033170,-0.901405,2.200601,1.070690,-3.262368,1.345907,0.652434,87.952652,63.108456,87.680122,69.375740,0.285274,0.240996,0.031406,-0.064816,-0.081208,,,,,,,,,
307560,,,,,,,,,,,,,,,,,,,,-0.004977,-0.959390,2.242169,,,,,,
307564,,,,,,,,,1.098699,-7.829211,,,83.575821,65.996346,0.327192,0.274213,,,,,,,,,,,,
307572,,,,,,,,,,,,,81.756096,65.875641,0.346629,0.274866,,,,-0.013816,-0.950683,2.205210,,,,,,
307575,,,,,,,,,1.126167,-0.652435,,,,,,,,,,,,,,,,,,
307580,,,,,,,,,,,,,,,,,,,,-0.021994,-0.941402,2.164761,,,,,,
307584,,,,,,,,,1.153634,-5.219473,,,82.947693,65.229530,0.335714,0.280903,,,,,,,,,,,,
307590,,,,,,,,,,,,,,,,,,,,-0.029567,-0.932005,2.123893,,,,,,
307594,,,,,,,,,1.236037,-4.567040,,,83.950302,65.230438,0.326488,0.280470,,,,,,,,,,,,
307600,,,,,,,,,,,,,,,,,,,,-0.036941,-0.922696,2.082500,,,,,,
307605,-0.036385,-0.922174,2.080098,0.006862,-0.856819,2.005006,1.044701,-3.781378,1.538179,-5.219473,88.800400,61.654877,88.061157,67.953918,0.294005,0.237439,0.035975,-0.069623,-0.075092,,,,,,,,,
307613,,,,,,,,,0.796557,-0.652434,,,81.718246,64.800026,0.358851,0.268349,,,,-0.044000,-0.912923,2.037421,,,,,,
307621,,,,,,,,,,,,,,,,,,,,-0.050496,-0.902386,1.998037,,,,,,
307624,,,,,,,,,1.153634,-3.914605,,,82.371300,64.324509,0.353606,0.272571,,,,,,,,,,,,
307631,,,,,,,,,,,,,,,,,,,,-0.056849,-0.892036,1.948298,,,,,,
307634,,,,,,,,,1.181102,-4.567039,,,82.920784,63.924412,0.349287,0.276118,,,,,,,,,,,,
307641,,,,,,,,,,,,,,,,,,,,-0.062822,-0.881651,1.901036,,,,,,
307644,,,,,,,,,1.208569,-6.524341,,,83.927658,63.043228,0.340193,0.284652,,,,,,,,,,,,
307649,,,,,,,,,,,,,,,,,,,,-0.068199,-0.870944,1.853008,,,,,,
307655,-0.067289,-0.870487,1.844737,-0.010024,-0.808228,1.805948,1.031671,-3.991328,1.263504,-1.304869,89.869072,63.993755,88.586647,65.024513,0.304546,0.288022,0.044446,-0.071972,-0.038789,,,,,,,,,
307659,,,,,,,,,,,,,,,,,,,,-0.072844,-0.859771,1.800571,,,,,,
307664,,,,,,,,,1.126167,-8.481645,,,84.338570,62.335220,0.348133,0.315246,,,,,,,,,,,,
307671,,,,,,,,,,,,,,,,,,,,-0.077213,-0.848869,1.747064,,,,,,
307674,,,,,,,,,1.043764,-1.304868,,,82.397873,62.250626,0.369034,0.316441,,,,,,,,,,,,
307680,,,,,,,,,,,,,,,,,,,,-0.080924,-0.837696,1.696016,,,,,,
307684,,,,,,,,,1.236037,-5.871907,,,83.487686,62.179447,0.359412,0.317515,,,,,,,,,,,,
307691,,,,,,,,,,,,,,,,,,,,-0.084310,-0.826150,1.643704,,,,,,
307694,,,,,,,,,1.153634,-3.914605,,,83.860107,62.119556,0.356890,0.318489,,,,,,,,,,,,
307701,,,,,,,,,,,,,,,,,,,,-0.086971,-0.814763,1.590133,,,,,,
307705,-0.086147,-0.814670,1.595111,-0.017142,-0.757077,1.614315,1.031212,-3.934575,1.400841,-9.786511,91.033844,69.286896,88.529808,65.336426,0.322341,0.340042,0.055899,-0.070385,0.019204,,,,,,,,,
307713,,,,,,,,,0.933894,3.914605,,,82.112572,62.053123,0.388298,0.374322,,,,-0.089251,-0.803305,1.539913,,,,,,
307719,,,,,,,,,,,,,,,,,,,,-0.091020,-0.791355,1.482877,,,,,,
307724,,,,,,,,,1.236037,-5.871907,,,83.247635,62.557812,0.378505,0.370621,,,,,,,,,,,,
307730,,,,,,,,,,,,,,,,,,,,-0.092316,-0.778975,1.430796,,,,,,
307734,,,,,,,,,1.263504,-3.914606,,,84.202675,63.526997,0.370320,0.362081,,,,,,,,,,,,
307740,,,,,,,,,,,,,,,,,,,,-0.092910,-0.767099,1.387238,,,,,,
307744,,,,,,,,,1.208569,-3.914605,,,85.006241,63.797928,0.363490,0.360469,,,,,,,,,,,,
307750,,,,,,,,,,,,,,,,,,,,-0.093105,-0.755299,1.333973,,,,,,
307755,-0.092125,-0.755225,1.339508,-0.014700,-0.705027,1.436469,1.038534,-3.710558,1.593114,-3.914604,90.973396,75.701706,88.949623,67.837692,0.323857,0.385793,0.066610,-0.063856,0.096961,,,,,,,,,
307761,,,,,,,,,,,,,,,,,,,,-0.092643,-0.743714,1.288920,,,,,,
307764,,,,,,,,,0.933894,-2.609737,,,85.188522,65.246773,0.362625,0.413793,,,,,,,,,,,,
307772,,,,,,,,,1.071232,-0.652434,,,82.023933,64.700401,0.396060,0.421457,,,,-0.091555,-0.731836,1.240563,,,,,,
307779,,,,,,,,,,,,,,,,,,,,-0.090136,-0.719892,1.196952,,,,,,
307784,,,,,,,,,1.318439,-2.609739,,,83.173050,66.418861,0.386129,0.406129,,,,,,,,,,,,
307789,,,,,,,,,,,,,,,,,,,,-0.088219,-0.707546,1.153531,,,,,,
307794,,,,,,,,,1.290972,-1.957303,,,84.139915,67.864769,0.377827,0.393237,,,,,,,,,,,,
307800,,,,,,,,,,,,,,,,,,,,-0.085345,-0.695305,1.110796,,,,,,
307804,-0.084366,-0.695142,1.121821,-0.003420,-0.653617,1.276819,1.048656,-3.389546,,,89.874069,80.442101,85.497978,69.625900,0.365342,0.376841,0.072543,-0.054900,0.154998,,,,,,,,,
307807,,,,,,,,,1.702984,-3.914606,,,,,,,,,,,,,,,,,,
307813,,,,,,,,,0.686687,0.652435,,,82.284309,68.385002,0.388003,0.439065,,,,-0.082219,-0.683486,1.075223,,,,,,
307821,,,,,,,,,,,,,,,,,,,,-0.078761,-0.671528,1.037047,,,,,,
307824,,,,,,,,,1.345906,-3.262171,,,83.392128,70.063622,0.378222,0.424355,,,,,,,,,,,,
307832,,,,,,,,,1.345907,-1.957305,,,84.324249,71.476013,0.370010,0.412024,,,,-0.074562,-0.659531,0.998600,,,,,,
307839,,,,,,,,,,,,,,,,,,,,-0.069835,-0.647928,0.964250,,,,,,
307844,,,,,,,,,1.373374,-1.304869,,,85.108536,73.208946,0.363120,0.396141,,,,,,,,,,,,
307849,,,,,,,,,,,,,,,,,,,,-0.064673,-0.636581,0.933141,,,,,,
307855,-0.063610,-0.636413,0.943546,0.015518,-0.603977,1.140413,1.058772,-2.979835,1.483244,-5.219474,87.397156,83.288429,89.035690,77.934296,0.298752,0.378422,0.072703,-0.045028,0.196867,,,,,,,,,
307860,,,,,,,,,,,,,,,,,,,,-0.059203,-0.625271,0.899338,,,,,,
307864,,,,,,,,,1.153634,2.609736,,,85.260941,74.286598,0.336927,0.416699,,,,,,,,,,,,
307872,,,,,,,,,1.126167,-0.652435,,,83.173950,72.851051,0.358641,0.433142,,,,-0.053005,-0.613602,0.871480,,,,,,
307881,,,,,,,,,,,,,,,,,,,,-0.045973,-0.602369,0.844150,,,,,,
307884,,,,,,,,,1.345907,-0.652434,,,83.596130,74.365906,0.355180,0.419778,,,,,,,,,,,,
307891,,,,,,,,,,,,,,,,,,,,-0.038994,-0.591855,0.822869,,,,,,
307894,,,,,,,,,1.318439,-1.304869,,,83.951355,75.640503,0.352317,0.408562,,,,,,,,,,,,
307901,,,,,,,,,,,,,,,,,,,,-0.031485,-0.581435,0.807797,,,,,,
307904,-0.030767,-0.581695,0.813751,0.040563,-0.556635,1.033569,1.067865,-2.454869,,,83.727646,84.345490,84.250237,76.168404,0.349957,0.404707,0.067204,-0.034637,0.219818,,,,,,,,,
307907,,,,,,,,,1.702984,-1.304869,,,,,,,,,,-0.023553,-0.571153,0.792824,,,,,,
307914,,,,,,,,,1.016297,0.652434,,,84.501717,77.701668,0.310593,0.401273,,,,,,,,,,,,
307919,,,,,,,,,,,,,,,,,,,,-0.015261,-0.561170,0.778001,,,,,,
307924,,,,,,,,,1.345907,-1.957305,,,84.713310,78.447212,0.308279,0.394998,,,,,,,,,,,,
307932,,,,,,,,,1.098699,0.000000,,,82.168633,76.896339,0.334038,0.411996,,,,-0.006495,-0.550938,0.768991,,,,,,
307940,,,,,,,,,,,,,,,,,,,,0.002870,-0.540778,0.759933,,,,,,
307944,,,,,,,,,1.345907,0.652434,,,82.750259,78.314148,0.328417,0.399024,,,,,,,,,,,,
307951,,,,,,,,,,,,,,,,,,,,0.011984,-0.531166,0.753980,,,,,,
307954,0.012236,-0.531265,0.761747,0.069890,-0.511473,0.962701,1.075036,-1.796908,,,,,83.239639,79.507095,0.323621,0.388063,,,,,,,,,,,,
307957,,,,,,,,,1.757919,0.000000,79.798309,83.028374,,,,,0.055380,-0.025469,0.200954,,,,,,,,,
307961,,,,,,,,,,,,,,,,,,,,0.021347,-0.521603,0.753932,,,,,,
307964,,,,,,,,,1.016297,0.652434,,,83.106857,80.510841,0.284994,0.365358,,,,,,,,,,,,
307972,,,,,,,,,1.098699,1.304869,,,80.816963,79.177216,0.307689,0.379464,,,,0.030973,-0.512228,0.757057,,,,,,
307979,,,,,,,,,,,,,,,,,,,,0.040731,-0.502620,0.756959,,,,,,
307984,,,,,,,,,1.318439,1.304869,,,80.523872,80.233276,0.310475,0.369462,,,,,,,,,,,,
307989,,,,,,,,,,,,,,,,,,,,0.050356,-0.493048,0.760036,,,,,,
307994,,,,,,,,,1.318439,0.000000,,,80.821815,81.121849,0.307291,0.360958,,,,,,,,,,,,
307999,,,,,,,,,,,,,,,,,,,,0.059983,-0.483386,0.765951,,,,,,
308004,0.059978,-0.483584,0.765605,0.101501,-0.467811,0.932653,1.078588,-1.021290,,,75.288254,80.646309,81.072502,81.869492,0.304529,0.353713,0.040867,-0.017403,0.167048,,,,,,,,,
308007,,,,,,,,,1.538179,-3.914605,,,,,,,,,,,,,,,,,,
308010,,,,,,,,,,,,,,,,,,,,0.069812,-0.473466,0.774809,,,,,,
308014,,,,,,,,,1.153634,5.219473,,,81.283432,82.498558,0.256120,0.323232,,,,,,,,,,,,
308020,,,,,,,,,,,,,,,,,,,,0.079335,-0.463606,0.777577,,,,,,
308024,,,,,,,,,1.318439,1.304869,,,80.916359,83.027855,0.258665,0.317462,,,,,,,,,,,,
308032,,,,,,,,,1.098699,0.000000,,,78.973877,80.750488,0.277353,0.340215,,,,0.088936,-0.453526,0.789575,,,,,,
308041,,,,,,,,,,,,,,,,,,,,0.098280,-0.443949,0.801602,,,,,,
308044,,,,,,,,,1.318439,0.000000,,,79.517647,81.012489,0.271069,0.337522,,,,,,,,,,,,
308051,,,,,,,,,,,,,,,,,,,,0.107492,-0.434068,0.813642,,,,,,
308054,0.107478,-0.434375,0.809621,0.133344,-0.424620,0.945543,1.076676,-0.173391,,,69.729492,77.622276,78.886086,81.777481,0.276665,0.329646,0.024904,-0.011999,0.135922,,,,,,,,,
308057,,,,,,,,,1.455776,-1.957302,,,,,,,,,,0.116711,-0.424103,0.825580,,,,,,
308064,,,,,,,,,1.153634,6.524343,,,78.354691,82.421143,0.224667,0.292009,,,,,,,,,,,,
308069,,,,,,,,,,,,,,,,,,,,0.125768,-0.414330,0.837795,,,,,,
308074,,,,,,,,,1.263504,0.000000,,,77.907578,82.418175,0.227502,0.291080,,,,,,,,,,,,
308080,,,,,,,,,,,,,,,,,,,,0.134736,-0.404107,0.849821,,,,,,
308084,,,,,,,,,1.208569,2.609737,,,76.986832,82.415680,0.235258,0.290146,,,,,,,,,,,,
308091,,,,,,,,,,,,,,,,,,,,0.143095,-0.394341,0.868063,,,,,,
308094,,,,,,,,,1.098699,0.000000,,,75.123032,79.690865,0.252817,0.316980,,,,,,,,,,,,
308101,,,,,,,,,,,,,,,,,,,,0.151845,-0.384009,0.883162,,,,,,
308105,0.151282,-0.384879,0.876998,0.163408,-0.380799,1.000201,1.068803,0.685140,1.126167,1.957302,63.520084,75.193626,77.911179,83.388176,0.159964,0.254082,0.010891,-0.006713,0.123203,,,,,,,,,
308111,,,,,,,,,,,,,,,,,,,,0.160347,-0.373764,0.901611,,,,,,
308114,,,,,,,,,1.181102,1.957302,,,72.633514,78.875488,0.210918,0.298472,,,,,,,,,,,,
308119,,,,,,,,,,,,,,,,,,,,0.168495,-0.363596,0.916985,,,,,,
308124,,,,,,,,,1.208569,2.609737,,,72.004692,78.890320,0.215509,0.297585,,,,,,,,,,,,
308132,,,,,,,,,1.016297,0.652434,,,70.386513,77.269165,0.230317,0.313381,,,,0.176520,-0.352982,0.938707,,,,,,
308139,,,,,,,,,,,,,,,,,,,,0.183982,-0.342580,0.957518,,,,,,
308144,,,,,,,,,1.208569,2.609737,,,69.569527,77.538757,0.237277,0.310216,,,,,,,,,,,,
308150,,,,,,,,,,,,,,,,,,,,0.191323,-0.332019,0.976631,,,,,,
308155,0.190954,-0.332360,0.979215,0.189838,-0.335442,1.091992,1.056741,1.485642,1.400841,3.262171,57.081345,72.383110,68.882111,77.765594,0.177404,0.278766,-0.003181,-0.000792,0.112777,,,,,,,,,
308160,,,,,,,,,,,,,,,,,,,,0.197809,-0.322312,1.001623,,,,,,
308164,,,,,,,,,0.824024,2.609737,,,67.759178,77.411911,0.186498,0.281297,,,,,,,,,,,,
308171,,,,,,,,,,,,,,,,,,,,0.203979,-0.312875,1.030005,,,,,,
308174,,,,,,,,,1.126167,1.957302,,,66.814339,77.658867,0.194000,0.277772,,,,,,,,,,,,
308181,,,,,,,,,,,,,,,,,,,,0.209774,-0.303596,1.055561,,,,,,
308184,,,,,,,,,1.043764,3.914604,,,65.474808,77.322113,0.205716,0.280152,,,,,,,,,,,,
308192,,,,,,,,,0.988829,0.000000,,,64.347733,74.860596,0.215534,0.304272,,,,0.215154,-0.294305,1.087721,,,,,,
308200,,,,,,,,,,,,,,,,,,,,0.220579,-0.284701,1.123725,,,,,,
308205,0.220368,-0.285230,1.111602,0.211024,-0.288048,1.213159,1.044069,2.159765,1.318439,3.914604,53.900230,72.185387,66.122124,77.690361,0.163534,0.272896,-0.006668,0.007127,0.101557,,,,,,,,,
308210,,,,,,,,,,,,,,,,,,,,0.225378,-0.274711,1.153156,,,,,,
308214,,,,,,,,,0.769089,2.609737,,,62.169666,74.081352,0.201405,0.308607,,,,,,,,,,,,
308221,,,,,,,,,,,,,,,,,,,,0.229903,-0.264716,1.183212,,,,,,
308224,,,,,,,,,1.016297,3.262172,,,61.022240,73.767448,0.211455,0.311429,,,,,,,,,,,,
308231,,,,,,,,,,,,,,,,,,,,0.233986,-0.254871,1.216705,,,,,,
308234,,,,,,,,,1.043764,3.914604,,,60.056797,74.047874,0.219878,0.308253,,,,,,,,,,,,
308239,,,,,,,,,,,,,,,,,,,,0.237765,-0.244976,1.250596,,,,,,
308244,,,,,,,,,1.071232,4.567039,,,59.244473,74.283821,0.226932,0.305474,,,,,,,,,,,,
308251,,,,,,,,,,,,,,,,,,,,0.241422,-0.235415,1.288475,,,,,,
308255,0.241193,-0.235372,1.292785,0.225693,-0.238617,1.353993,1.034566,2.653946,1.153634,1.304868,53.254910,71.675461,60.739155,75.026894,0.204035,0.292273,-0.007375,0.014014,0.061208,,,,,,,,,
308260,,,,,,,,,,,,,,,,,,,,0.244345,-0.225684,1.326871,,,,,,
308264,,,,,,,,,0.796557,3.262171,,,57.640434,71.840309,0.234145,0.324106,,,,,,,,,,,,
308270,,,,,,,,,,,,,,,,,,,,0.246911,-0.216376,1.365665,,,,,,
308274,,,,,,,,,1.043764,2.609737,,,57.755890,72.426376,0.232091,0.318095,,,,,,,,,,,,
308280,,,,,,,,,,,,,,,,,,,,0.249137,-0.206777,1.401676,,,,,,
308284,,,,,,,,,1.043764,3.914604,,,56.763947,72.919495,0.241308,0.312915,,,,,,,,,,,,
308291,,,,,,,,,,,,,,,,,,,,0.251022,-0.197245,1.438060,,,,,,
308294,,,,,,,,,1.071232,4.567039,,,57.018414,73.334404,0.238011,0.308434,,,,,,,,,,,,
308301,,,,,,,,,,,,,,,,,,,,0.252208,-0.187674,1.475115,,,,,,
308304,0.252110,-0.187493,1.473497,0.232980,-0.187622,1.504483,1.030627,2.945649,1.016297,3.262172,,,56.687977,73.683510,0.240629,0.304542,,,,,,,,,,,,
308307,,,,,,,,,,,54.755932,72.892967,,,,,-0.001987,0.019027,0.030986,,,,,,,,,
308313,,,,,,,,,0.741622,0.652433,,,54.776318,69.620903,0.274751,0.357997,,,,0.253534,-0.178615,1.509103,,,,,,
308319,,,,,,,,,,,,,,,,,,,,0.254487,-0.169447,1.543770,,,,,,
308324,,,,,,,,,1.071232,3.262170,,,55.346020,70.558968,0.268936,0.349083,,,,,,,,,,,,
308329,,,,,,,,,,,,,,,,,,,,0.255152,-0.160186,1.578514,,,,,,
308334,,,,,,,,,1.043764,2.609737,,,55.825367,70.803711,0.263929,0.347054,,,,,,,,,,,,
308340,,,,,,,,,,,,,,,,,,,,0.255326,-0.149885,1.613263,,,,,,
308344,,,,,,,,,1.043764,3.914604,,,55.684147,71.554184,0.265156,0.339817,,,,,,,,,,,,
308351,,,,,,,,,,,,,,,,,,,,0.255331,-0.139585,1.643655,,,,,,
308354,0.255067,-0.139226,1.645791,0.232485,-0.135868,1.655400,1.032777,3.043202,,,57.279442,74.647118,55.565327,70.552002,0.266182,0.350307,0.005041,0.022267,0.009609,,,,,,,,,
308357,,,,,,,,,1.236037,1.957302,,,,,,,,,,,,,,,,,,
308361,,,,,,,,,,,,,,,,,,,,0.255189,-0.129076,1.677448,,,,,,
308364,,,,,,,,,0.741622,3.262171,,,55.465351,70.797852,0.292780,0.366160,,,,,,,,,,,,
308371,,,,,,,,,,,,,,,,,,,,0.254497,-0.118417,1.706845,,,,,,
308374,,,,,,,,,1.098699,2.609736,,,55.925774,71.549255,0.288446,0.359265,,,,,,,,,,,,
308379,,,,,,,,,,,,,,,,,,,,0.253443,-0.108161,1.739782,,,,,,
308384,,,,,,,,,1.126167,3.262170,,,56.857716,72.181480,0.279211,0.353436,,,,,,,,,,,,
308389,,,,,,,,,,,,,,,,,,,,0.251887,-0.097649,1.772150,,,,,,
308394,,,,,,,,,1.043764,3.914604,,,57.097309,73.257980,0.276851,0.342949,,,,,,,,,,,,
308400,,,,,,,,,,,,,,,,,,,,0.250242,-0.087124,1.804147,,,,,,
308404,0.249906,-0.087180,1.807269,0.224306,-0.084267,1.798304,1.040273,2.965572,,,59.591461,75.403885,57.843445,73.074661,0.269277,0.345097,0.008829,0.024206,-0.008965,,,,,,,,,
308407,,,,,,,,,1.181102,-0.652433,,,,,,,,,,,,,,,,,,
308413,,,,,,,,,0.824024,3.914605,,,56.837616,71.286789,0.303007,0.371366,,,,0.248076,-0.076342,1.835584,,,,,,
308420,,,,,,,,,,,,,,,,,,,,0.245705,-0.065831,1.870254,,,,,,
308424,,,,,,,,,1.153634,3.914605,,,57.624939,72.505188,0.295527,0.359762,,,,,,,,,,,,
308431,,,,,,,,,,,,,,,,,,,,0.242771,-0.055441,1.894273,,,,,,
308434,,,,,,,,,1.098699,2.609736,,,58.831936,73.530350,0.283609,0.349885,,,,,,,,,,,,
308441,,,,,,,,,,,,,,,,,,,,0.239523,-0.045269,1.928312,,,,,,
308444,,,,,,,,,1.153634,2.609736,,,59.302959,73.848373,0.278956,0.347016,,,,,,,,,,,,
308451,,,,,,,,,,,,,,,,,,,,0.236037,-0.034762,1.958362,,,,,,
308455,0.235755,-0.034541,1.956624,0.209041,-0.033614,1.925057,1.051868,2.723463,1.373374,3.914605,62.254974,75.301155,59.699280,74.115959,0.302139,0.343550,0.010912,0.024401,-0.031567,,,,,,,,,
308459,,,,,,,,,,,,,,,,,,,,0.231991,-0.024150,1.988219,,,,,,
308464,,,,,,,,,0.796557,1.957302,,,60.032745,74.885651,0.299249,0.335936,,,,,,,,,,,,
308471,,,,,,,,,,,,,,,,,,,,0.227992,-0.014014,2.017789,,,,,,
308474,,,,,,,,,1.071232,-0.652434,,,60.857864,73.355095,0.291277,0.351631,,,,,,,,,,,,
308480,,,,,,,,,,,,,,,,,,,,0.223516,-0.003743,2.043915,,,,,,
308484,,,,,,,,,1.126167,1.957302,,,61.552120,73.700920,0.284475,0.348493,,,,,,,,,,,,
308490,,,,,,,,,,,,,,,,,,,,0.218771,0.006215,2.069818,,,,,,
308494,,,,,,,,,1.153634,3.914605,,,62.136269,74.536438,0.278657,0.340291,,,,,,,,,,,,
308501,,,,,,,,,,,,,,,,,,,,0.213486,0.016469,2.095417,,,,,,
308505,0.213123,0.016484,2.100181,0.187761,0.015609,2.027807,1.065895,2.320224,1.236037,-1.957302,65.786613,73.881073,62.627769,74.694901,0.309691,0.324342,0.012053,0.022332,-0.072374,,,,,,,,,
308513,,,,,,,,,1.016297,4.567039,,,63.041317,74.283684,0.306104,0.328374,,,,0.207779,0.026718,2.120765,,,,,,
308521,,,,,,,,,,,,,,,,,,,,0.201903,0.036770,2.146007,,,,,,
308524,,,,,,,,,1.098699,1.304869,,,63.933819,74.482231,0.297550,0.326268,,,,,,,,,,,,
308529,,,,,,,,,,,,,,,,,,,,0.195734,0.046472,2.167928,,,,,,
308534,,,,,,,,,1.153634,2.609736,,,64.140228,75.193832,0.295815,0.318890,,,,,,,,,,,,
308540,,,,,,,,,,,,,,,,,,,,0.189393,0.055960,2.189836,,,,,,
308544,,,,,,,,,1.181102,0.652433,,,65.402985,75.248032,0.283264,0.318074,,,,,,,,,,,,
308551,,,,,,,,,,,,,,,,,,,,0.182842,0.065482,2.205460,,,,,,
308555,0.182787,0.065591,2.199363,0.161942,0.063344,2.099642,1.079876,1.766474,1.290972,5.871907,68.529427,71.656342,68.643646,78.560890,0.278263,0.261317,0.010439,0.018182,-0.099721,,,,,,,,,
308561,,,,,,,,,,,,,,,,,,,,0.176077,0.074773,2.221011,,,,,,
308564,,,,,,,,,1.016297,-3.262172,,,65.380356,74.813812,0.311525,0.298157,,,,,,,,,,,,
308571,,,,,,,,,,,,,,,,,,,,0.169113,0.084105,2.236424,,,,,,
308574,,,,,,,,,1.071232,0.652434,,,65.901886,73.294655,0.306836,0.313021,,,,,,,,,,,,
308579,,,,,,,,,,,,,,,,,,,,0.161939,0.093290,2.254847,,,,,,
308584,,,,,,,,,1.126167,-0.652435,,,66.885246,73.105522,0.297331,0.314622,,,,,,,,,,,,
308590,,,,,,,,,,,,,,,,,,,,0.154536,0.102249,2.267048,,,,,,
308594,,,,,,,,,1.181102,0.652433,,,67.712646,73.490929,0.289220,0.310401,,,,,,,,,,,,
308600,,,,,,,,,,,,,,,,,,,,0.147012,0.111162,2.273221,,,,,,
308604,0.147022,0.111288,2.269764,0.133380,0.109942,2.135378,1.090498,1.089495,,,71.272385,68.168610,68.408821,74.359749,0.282283,0.301172,0.007747,0.011310,-0.134386,,,,,,,,,
308607,,,,,,,,,1.510712,1.957302,,,,,,,,,,,,,,,,,,
308613,,,,,,,,,0.659220,0.000000,,,66.816406,71.823517,0.326527,0.290926,,,,0.139387,0.120087,2.276204,,,,,,
308621,,,,,,,,,,,,,,,,,,,,0.131631,0.128869,2.279213,,,,,,
308624,,,,,,,,,1.153634,0.000000,,,67.654724,71.867706,0.318868,0.289745,,,,,,,,,,,,
308631,,,,,,,,,,,,,,,,,,,,0.123838,0.137606,2.282296,,,,,,
308634,,,,,,,,,1.153634,-1.304868,,,68.904625,71.360344,0.306842,0.294180,,,,,,,,,,,,
308642,,,,,,,,,1.153634,-1.304868,,,69.411751,71.477989,0.302143,0.292342,,,,0.116056,0.146185,2.282258,,,,,,
308649,,,,,,,,,,,,,,,,,,,,0.108344,0.154614,2.279345,,,,,,
308654,0.108575,0.154766,2.273078,0.104063,0.156062,2.132028,1.094497,0.329917,,,72.770012,64.879578,70.382988,71.576981,0.292609,0.290670,0.003904,0.002607,-0.141050,,,,,,,,,
308657,,,,,,,,,1.483244,0.000000,,,,,,,,,,0.100723,0.163169,2.273287,,,,,,
308664,,,,,,,,,0.878959,0.000000,,,71.200188,71.660271,0.299727,0.255591,,,,,,,,,,,,
308671,,,,,,,,,,,,,,,,,,,,0.092853,0.171745,2.264138,,,,,,
308674,,,,,,,,,0.988829,0.000000,,,69.165062,70.096718,0.320799,0.270183,,,,,,,,,,,,
308680,,,,,,,,,,,,,,,,,,,,0.084843,0.180677,2.258000,,,,,,
308684,,,,,,,,,1.071232,-1.957303,,,70.175423,69.325691,0.311215,0.277004,,,,,,,,,,,,
308691,,,,,,,,,,,,,,,,,,,,0.076816,0.189689,2.248599,,,,,,
308694,,,,,,,,,1.181102,-1.957302,,,71.570084,69.221489,0.297508,0.277177,,,,,,,,,,,,
308701,,,,,,,,,,,,,,,,,,,,0.068935,0.198803,2.236231,,,,,,
308705,0.069230,0.199028,2.231128,0.076045,0.202484,2.089002,1.090060,-0.465941,1.290972,-5.871907,73.264275,60.803387,75.466270,71.856529,0.263048,0.207855,-0.001451,-0.007503,-0.142126,,,,,,,,,
308709,,,,,,,,,,,,,,,,,,,,0.060699,0.208061,2.214410,,,,,,
308714,,,,,,,,,0.906427,3.262171,,,71.120911,67.539139,0.306931,0.249681,,,,,,,,,,,,
308719,,,,,,,,,,,,,,,,,,,,0.053175,0.217112,2.198886,,,,,,
308724,,,,,,,,,1.126167,-1.957302,,,71.821075,67.173744,0.300218,0.252061,,,,,,,,,,,,
308730,,,,,,,,,,,,,,,,,,,,0.045647,0.226406,2.177005,,,,,,
308734,,,,,,,,,1.126167,-3.262170,,,72.954735,66.321754,0.288943,0.259477,,,,,,,,,,,,
308740,,,,,,,,,,,,,,,,,,,,0.038713,0.235704,2.152048,,,,,,
308744,,,,,,,,,1.153634,-2.609736,,,73.908600,66.149437,0.279275,0.260131,,,,,,,,,,,,
308750,,,,,,,,,,,,,,,,,,,,0.031396,0.244785,2.123079,,,,,,
308755,0.031850,0.244948,2.121217,0.051310,0.249887,2.008288,1.077868,-1.248523,1.373374,-3.914605,72.705399,57.812168,77.433899,67.638077,0.237488,0.213368,-0.005969,-0.019169,-0.112929,,,,,,,,,
308761,,,,,,,,,,,,,,,,,,,,0.024806,0.253830,2.094563,,,,,,
308764,,,,,,,,,0.824024,-1.304869,,,73.865562,63.989731,0.272939,0.248615,,,,,,,,,,,,
308772,,,,,,,,,0.988829,0.000000,,,71.952255,63.642731,0.292223,0.250919,,,,0.018424,0.263141,2.065774,,,,,,
308781,,,,,,,,,,,,,,,,,,,,0.012390,0.272624,2.036432,,,,,,
308784,,,,,,,,,1.071232,-3.262170,,,72.520569,63.350761,0.286577,0.252731,,,,,,,,,,,,
308789,,,,,,,,,,,,,,,,,,,,0.006682,0.282403,2.000746,,,,,,
308794,,,,,,,,,1.126167,-4.567039,,,73.543289,62.560558,0.276182,0.259684,,,,,,,,,,,,
308799,,,,,,,,,,,,,,,,,,,,0.001536,0.292415,1.971175,,,,,,
308804,0.002056,0.292702,1.964629,0.031645,0.298659,1.894558,1.061035,-1.964336,,,72.516090,56.495537,73.859261,62.440224,0.272792,0.259961,-0.005853,-0.029610,-0.070071,,,,,,,,,
308807,,,,,,,,,1.208569,1.304866,,,,,,,,,,-0.003296,0.302041,1.937888,,,,,,
308814,,,,,,,,,0.961362,-5.871906,,,74.125122,61.794430,0.267918,0.252193,,,,,,,,,,,,
308820,,,,,,,,,,,,,,,,,,,,-0.007908,0.311821,1.907337,,,,,,
308824,,,,,,,,,1.098699,-3.914604,,,74.348816,61.795605,0.265315,0.251122,,,,,,,,,,,,
308834,,,,,,,,,0.906427,0.652435,,,71.814316,61.252048,0.290800,0.255606,,,,,,,,,,,,
308841,,,,,,,,,,,,,,,,,,,,-0.016375,0.331497,1.842408,,,,,,
308844,,,,,,,,,1.153634,-3.914605,,,72.949051,60.794701,0.279366,0.259319,,,,,,,,,,,,
308851,,,,,,,,,,,,,,,,,,,,-0.019997,0.341527,1.807673,,,,,,
308855,-0.019573,0.342055,1.804444,0.018538,0.348764,1.754750,1.043890,-2.561305,1.016297,-3.262172,73.529823,55.503174,76.626534,63.132603,0.252109,0.224491,-0.002297,-0.038629,-0.049694,,,,,,,,,
308861,,,,,,,,,,,,,,,,,,,,-0.023078,0.351988,1.772040,,,,,,
308864,,,,,,,,,1.126167,-3.262170,,,73.186249,59.654282,0.286581,0.258444,,,,,,,,,,,,
308869,,,,,,,,,,,,,,,,,,,,-0.026097,0.362127,1.746954,,,,,,
308874,,,,,,,,,0.988829,-3.914606,,,73.014305,58.905796,0.288403,0.265248,,,,,,,,,,,,
308880,,,,,,,,,,,,,,,,,,,,-0.028854,0.372471,1.717834,,,,,,
308884,,,,,,,,,1.071232,-1.957303,,,73.414177,58.820564,0.284428,0.265437,,,,,,,,,,,,
308891,,,,,,,,,,,,,,,,,,,,-0.031167,0.382994,1.688091,,,,,,
308894,,,,,,,,,0.961362,-0.652434,,,71.027916,58.748848,0.308791,0.265505,,,,,,,,,,,,
308901,,,,,,,,,,,,,,,,,,,,-0.033067,0.393779,1.654607,,,,,,
308905,-0.032769,0.393385,1.664451,0.013102,0.399712,1.596878,1.030265,-3.003799,1.098699,0.000000,75.662437,53.957001,75.010086,60.866680,0.290426,0.227483,0.002009,-0.046261,-0.067573,,,,,,,,,
308912,,,,,,,,,0.961362,-5.871906,,,71.281624,57.747734,0.328586,0.257914,,,,-0.034648,0.404066,1.624322,,,,,,
308919,,,,,,,,,,,,,,,,,,,,-0.036037,0.414651,1.589809,,,,,,
308924,,,,,,,,,1.043764,-3.914604,,,71.956299,57.301628,0.322581,0.261707,,,,,,,,,,,,
308932,,,,,,,,,1.043764,-3.914604,,,71.979431,57.470818,0.323086,0.259312,,,,-0.037122,0.425145,1.555296,,,,,,
308940,,,,,,,,,,,,,,,,,,,,-0.037903,0.435492,1.520674,,,,,,
308944,,,,,,,,,1.071232,-3.262170,,,73.087975,57.068630,0.312516,0.262711,,,,,,,,,,,,
308950,,,,,,,,,,,,,,,,,,,,-0.038206,0.445979,1.479186,,,,,,
308955,-0.037797,0.446060,1.481062,0.016029,0.450623,1.428705,1.022383,-3.284959,1.181102,-8.481645,77.637848,55.254532,76.743423,59.452946,0.295894,0.251004,0.009368,-0.053200,-0.052357,,,,,,,,,
308960,,,,,,,,,,,,,,,,,,,,-0.038256,0.456529,1.434626,,,,,,
308964,,,,,,,,,0.906427,-0.652435,,,73.829140,56.013676,0.325799,0.285245,,,,,,,,,,,,
308970,,,,,,,,,,,,,,,,,,,,-0.037891,0.466827,1.394638,,,,,,
308974,,,,,,,,,1.043764,-3.914604,,,74.099777,55.842590,0.323800,0.286838,,,,,,,,,,,,
308981,,,,,,,,,,,,,,,,,,,,-0.037070,0.477512,1.355391,,,,,,
308984,,,,,,,,,1.126167,-4.567039,,,74.872032,56.243183,0.316630,0.282634,,,,,,,,,,,,
308991,,,,,,,,,,,,,,,,,,,,-0.035821,0.487951,1.313124,,,,,,
308994,,,,,,,,,0.961362,-0.652434,,,73.343636,56.035698,0.332773,0.284553,,,,,,,,,,,,
309001,,,,,,,,,,,,,,,,,,,,-0.034318,0.498634,1.264599,,,,,,
309005,-0.034126,0.498227,1.280036,0.027572,0.500393,1.257244,1.020994,-3.418961,1.016297,-4.567039,80.027473,58.680279,77.503082,58.583836,0.315580,0.293348,0.019763,-0.058488,-0.022792,,,,,,,,,
309011,,,,,,,,,,,,,,,,,,,,-0.032396,0.509539,1.220113,,,,,,
309014,,,,,,,,,1.126167,-4.567039,,,73.923775,55.826950,0.352594,0.321488,,,,,,,,,,,,
309021,,,,,,,,,,,,,,,,,,,,-0.029875,0.520369,1.176427,,,,,,
309024,,,,,,,,,1.043764,-3.914604,,,74.723946,55.685478,0.345653,0.323502,,,,,,,,,,,,
309031,,,,,,,,,,,,,,,,,,,,-0.026599,0.530837,1.130221,,,,,,
309034,,,,,,,,,1.153634,-3.914605,,,75.941757,56.655533,0.334292,0.314206,,,,,,,,,,,,
309041,,,,,,,,,,,,,,,,,,,,-0.023359,0.541161,1.081509,,,,,,
309044,,,,,,,,,1.126167,-3.262170,,,76.421875,56.927193,0.330212,0.311840,,,,,,,,,,,,
309051,,,,,,,,,,,,,,,,,,,,-0.019656,0.550801,1.040102,,,,,,
309055,-0.019126,0.550780,1.046571,0.047557,0.547895,1.089437,1.026319,-3.416751,1.345906,-3.262171,81.331383,64.210548,75.192223,57.700310,0.356775,0.360714,0.030880,-0.059173,0.042866,,,,,,,,,
309059,,,,,,,,,,,,,,,,,,,,-0.015343,0.560703,0.995608,,,,,,
309064,,,,,,,,,0.851492,-1.957303,,,76.335762,58.350811,0.346339,0.355380,,,,,,,,,,,,
309069,,,,,,,,,,,,,,,,,,,,-0.010699,0.570370,0.954878,,,,,,
309074,,,,,,,,,1.153634,-3.914605,,,76.753395,59.442684,0.343078,0.345415,,,,,,,,,,,,
309080,,,,,,,,,,,,,,,,,,,,-0.005690,0.580396,0.914594,,,,,,
309084,,,,,,,,,1.126167,-1.957302,,,77.104790,60.361389,0.340410,0.336998,,,,,,,,,,,,
309092,,,,,,,,,1.098699,-1.304869,,,75.766823,61.134384,0.354902,0.329883,,,,-0.000062,0.590394,0.874541,,,,,,
309101,,,,,,,,,,,,,,,,,,,,0.006240,0.600267,0.838088,,,,,,
309104,0.006591,0.600002,0.850127,0.075404,0.592203,0.933000,1.038650,-3.269751,,,82.637146,68.995140,76.819229,61.240242,0.345280,0.329419,0.039550,-0.056850,0.082873,,,,,,,,,
309107,,,,,,,,,1.318439,-7.829209,,,,,,,,,,,,,,,,,,
309111,,,,,,,,,,,,,,,,,,,,0.012678,0.609336,0.804999,,,,,,
309114,,,,,,,,,1.016297,0.652434,,,77.704727,61.873852,0.350470,0.372353,,,,,,,,,,,,
309121,,,,,,,,,,,,,,,,,,,,0.019469,0.618469,0.769085,,,,,,
309124,,,,,,,,,1.181102,-1.957302,,,78.449783,62.951515,0.343857,0.362785,,,,,,,,,,,,
309129,,,,,,,,,,,,,,,,,,,,0.026861,0.627404,0.733413,,,,,,
309134,,,,,,,,,1.208569,-2.609737,,,79.076675,63.858261,0.338300,0.354745,,,,,,,,,,,,
309139,,,,,,,,,,,,,,,,,,,,0.034287,0.635860,0.700907,,,,,,
309144,,,,,,,,,1.208569,-2.609737,,,79.604141,64.621193,0.333632,0.347990,,,,,,,,,,,,
309151,,,,,,,,,,,,,,,,,,,,0.042421,0.644407,0.668580,,,,,,
309155,0.043015,0.644251,0.672890,0.110172,0.632784,0.796304,1.057813,-2.959354,1.098699,1.304869,82.895134,73.847298,81.137039,65.807671,0.321234,0.386255,0.045372,-0.050823,0.123414,,,,,,,,,
309160,,,,,,,,,,,,,,,,,,,,0.050565,0.652545,0.642289,,,,,,
309164,,,,,,,,,1.098699,-5.219474,,,77.525932,64.083260,0.358419,0.405452,,,,,,,,,,,,
309171,,,,,,,,,,,,,,,,,,,,0.059703,0.660946,0.607393,,,,,,
309174,,,,,,,,,1.236037,-1.957302,,,78.299347,65.355057,0.351604,0.394433,,,,,,,,,,,,
309181,,,,,,,,,,,,,,,,,,,,0.068795,0.668704,0.578194,,,,,,
309184,,,,,,,,,1.263504,-2.609736,,,78.950096,66.425140,0.345886,0.385216,,,,,,,,,,,,
309191,,,,,,,,,,,,,,,,,,,,0.078128,0.676322,0.558012,,,,,,
309194,,,,,,,,,1.290972,-0.652435,,,79.497635,67.870056,0.341090,0.371962,,,,,,,,,,,,
309199,,,,,,,,,,,,,,,,,,,,0.087946,0.683746,0.540867,,,,,,
309205,0.088491,0.683706,0.549227,0.150598,0.669620,0.687223,1.081893,-2.481776,1.510712,-1.957302,82.395973,77.215836,83.225594,71.808525,0.298653,0.367345,0.045619,-0.044436,0.137996,,,,,,,,,
309213,,,,,,,,,0.741622,-0.652433,,,77.649605,67.498749,0.355362,0.412386,,,,0.098256,0.690988,0.520745,,,,,,
309220,,,,,,,,,,,,,,,,,,,,0.108320,0.697734,0.503582,,,,,,
309224,,,,,,,,,1.290972,-0.652435,,,78.403404,68.773392,0.348622,0.401328,,,,,,,,,,,,
309230,,,,,,,,,,,,,,,,,,,,0.119044,0.704591,0.486403,,,,,,
309234,,,,,,,,,1.290972,-1.957303,,,79.037651,70.390419,0.342951,0.386523,,,,,,,,,,,,
309241,,,,,,,,,,,,,,,,,,,,0.129557,0.711019,0.472272,,,,,,
309244,,,,,,,,,1.263504,0.000000,,,79.571304,71.750984,0.338180,0.374010,,,,,,,,,,,,
309252,,,,,,,,,,,,,,,,,,,,0.140684,0.717530,0.460785,,,,,,
309255,0.140845,0.717429,0.468216,0.195155,0.703245,0.611967,1.106498,-1.860729,1.071232,-0.652434,80.813583,79.733070,77.842148,70.717590,0.340242,0.411319,0.042064,-0.037167,0.143751,,,,,,,,,
309259,,,,,,,,,,,,,,,,,,,,0.151735,0.723574,0.455103,,,,,,
309264,,,,,,,,,1.345907,-0.652434,,,79.109955,72.570808,0.327904,0.394220,,,,,,,,,,,,
309269,,,,,,,,,,,,,,,,,,,,0.163350,0.729808,0.446586,,,,,,
309274,,,,,,,,,1.290972,-0.652435,,,79.632141,73.585564,0.322919,0.385302,,,,,,,,,,,,
309280,,,,,,,,,,,,,,,,,,,,0.175259,0.735900,0.443698,,,,,,
309284,,,,,,,,,1.318439,0.000000,,,80.071510,74.983917,0.318674,0.372268,,,,,,,,,,,,
309290,,,,,,,,,,,,,,,,,,,,0.186875,0.741730,0.437931,,,,,,
309294,,,,,,,,,1.345907,0.652434,,,80.441193,76.705040,0.315051,0.355662,,,,,,,,,,,,
309300,,,,,,,,,,,,,,,,,,,,0.198746,0.747607,0.435066,,,,,,
309304,0.198898,0.747679,0.440586,0.242105,0.734684,0.574851,1.125396,-1.135408,,,77.904037,80.369896,80.207703,77.064102,0.317507,0.352605,0.033539,-0.030181,0.134265,,,,,,,,,
309307,,,,,,,,,1.455776,-4.567039,,,,,,,,,,,,,,,,,,
309313,,,,,,,,,0.961362,4.567040,,,78.922157,76.277130,0.301064,0.367662,,,,0.210523,0.753613,0.432263,,,,,,
309321,,,,,,,,,,,,,,,,,,,,0.222415,0.759577,0.432459,,,,,,
309324,,,,,,,,,1.345907,0.652434,,,79.474129,77.248604,0.295230,0.358571,,,,,,,,,,,,
309329,,,,,,,,,,,,,,,,,,,,0.234295,0.765474,0.432355,,,,,,
309334,,,,,,,,,1.290972,-0.652435,,,79.938560,78.066002,0.290179,0.350858,,,,,,,,,,,,
309339,,,,,,,,,,,,,,,,,,,,0.246169,0.771327,0.435412,,,,,,
309344,,,,,,,,,1.318439,1.304869,,,79.784790,79.298302,0.291340,0.338750,,,,,,,,,,,,
309349,,,,,,,,,,,,,,,,,,,,0.257737,0.777170,0.438322,,,,,,
309355,0.257736,0.777191,0.443986,0.289553,0.765321,0.578889,1.132471,-0.339417,1.455776,4.567039,73.303047,80.263321,83.467209,83.057877,0.206473,0.299529,0.023633,-0.024386,0.134903,,,,,,,,,
309360,,,,,,,,,,,,,,,,,,,,0.269622,0.782962,0.441143,,,,,,
309364,,,,,,,,,1.126167,-3.262170,,,78.941986,79.686661,0.250598,0.333357,,,,,,,,,,,,
309381,,,,,,,,,0.192272,0.652434,,,68.055405,74.671951,0.360513,0.384622,,,,,,,,,,,,
309384,,,,,,,,,0.796557,1.957302,,,63.796326,65.551689,0.405005,0.478767,,,,,,,,,,,,
309394,,,,,,,,,1.318439,1.304869,,,66.747253,69.313309,0.376807,0.443341,,,,,,,,,,,,
309401,,,,,,,,,,,,,,,,,,,,0.317611,0.806773,0.471896,,,,,,
309405,0.317509,0.806814,0.475024,0.335534,0.796701,0.626396,1.124039,0.508726,1.565646,5.871907,66.271912,79.041138,73.041969,76.290131,0.242195,0.361901,0.011404,-0.017237,0.151371,,,,,,,,,
309414,,,,,,,,,1.016297,-1.957302,,,68.536568,72.903198,0.286796,0.396998,,,,0.329190,0.812911,0.483165,,,,,,
309419,,,,,,,,,,,,,,,,,,,,0.340448,0.818990,0.500616,,,,,,
309424,,,,,,,,,1.345907,0.652434,,,70.191154,75.498863,0.269466,0.371750,,,,,,,,,,,,
309430,,,,,,,,,,,,,,,,,,,,0.351485,0.825235,0.518263,,,,,,
309434,,,,,,,,,1.290972,3.262171,,,71.038780,77.682861,0.260036,0.350181,,,,,,,,,,,,
309440,,,,,,,,,,,,,,,,,,,,0.363578,0.831898,0.538123,,,,,,
309444,,,,,,,,,1.318439,2.609739,,,71.751968,78.975929,0.251809,0.337264,,,,,,,,,,,,
309450,,,,,,,,,,,,,,,,,,,,0.375304,0.838819,0.557956,,,,,,
309455,0.375209,0.838961,0.561938,0.378083,0.830313,0.718702,1.100715,1.396587,1.400841,7.176776,58.392067,76.286156,75.074760,83.875717,0.136446,0.259198,-0.002176,-0.008849,0.156764,,,,,,,,,
309461,,,,,,,,,,,,,,,,,,,,0.386932,0.845906,0.581074,,,,,,
309464,,,,,,,,,1.071232,-1.957303,,,70.246956,79.830254,0.182353,0.298944,,,,,,,,,,,,
309472,,,,,,,,,1.071232,0.652434,,,69.452103,78.060028,0.188089,0.316291,,,,0.398514,0.853265,0.603832,,,,,,
309481,,,,,,,,,,,,,,,,,,,,0.409709,0.860692,0.632851,,,,,,
309484,,,,,,,,,1.153634,3.914605,,,68.783310,78.748734,0.192699,0.308912,,,,,,,,,,,,
309492,,,,,,,,,1.153634,3.914605,,,67.676048,79.328209,0.201915,0.302509,,,,0.421018,0.869061,0.670454,,,,,,
309499,,,,,,,,,,,,,,,,,,,,0.431444,0.877008,0.702676,,,,,,
309505,0.430563,0.876765,0.707276,0.415338,0.867372,0.854347,1.068188,2.291904,1.181102,0.652433,50.050041,72.089127,68.378029,83.083038,0.107809,0.220791,-0.017676,0.002752,0.147071,,,,,,,,,
309509,,,,,,,,,,,,,,,,,,,,0.442022,0.885684,0.738091,,,,,,
309514,,,,,,,,,0.988829,7.829210,,,64.067780,79.163292,0.148108,0.258574,,,,,,,,,,,,
309520,,,,,,,,,,,,,,,,,,,,0.451940,0.893967,0.774206,,,,,,
309524,,,,,,,,,1.043764,3.914604,,,62.074768,78.587936,0.165633,0.263028,,,,,,,,,,,,
309532,,,,,,,,,0.878959,2.609737,,,60.397850,75.925659,0.180333,0.288883,,,,0.460011,0.901444,0.816146,,,,,,
309541,,,,,,,,,,,,,,,,,,,,0.467956,0.908558,0.852551,,,,,,
309544,,,,,,,,,1.071232,4.567039,,,59.531433,75.863792,0.187101,0.288747,,,,,,,,,,,,
309551,,,,,,,,,,,,,,,,,,,,0.475854,0.916004,0.895497,,,,,,
309554,0.475126,0.915992,0.898843,0.445633,0.908631,1.026142,1.036390,3.110491,,,44.824791,70.108055,58.257889,75.811737,0.198195,0.288523,-0.024120,0.018499,0.127298,,,,,,,,,
309557,,,,,,,,,1.263504,5.219473,,,,,,,,,,0.483170,0.924237,0.941655,,,,,,
309564,,,,,,,,,0.741622,3.262171,,,57.186329,75.767937,0.154185,0.268018,,,,,,,,,,,,
309572,,,,,,,,,,,,,56.284718,73.008369,0.160909,0.295034,,,,0.490026,0.932727,0.982275,,,,,,
309575,,,,,,,,,0.906427,1.957303,,,,,,,,,,,,,,,,,,
309579,,,,,,,,,,,,,,,,,,,,0.496453,0.941299,1.026646,,,,,,
309584,,,,,,,,,0.933894,5.219474,,,54.437016,72.864639,0.177464,0.295920,,,,,,,,,,,,
309590,,,,,,,,,,,,,,,,,,,,0.502472,0.950149,1.068488,,,,,,
309594,,,,,,,,,0.988829,3.914606,,,53.426903,73.288246,0.185845,0.291048,,,,,,,,,,,,
309600,,,,,,,,,,,,,,,,,,,,0.507755,0.958743,1.117224,,,,,,
309605,0.507264,0.958643,1.115309,0.467611,0.954262,1.219969,1.016505,3.713054,1.181102,5.871908,43.507889,70.835060,54.755165,75.822845,0.157144,0.271974,-0.021378,0.033684,0.104660,,,,,,,,,
309611,,,,,,,,,,,,,,,,,,,,0.512675,0.967378,1.163701,,,,,,
309614,,,,,,,,,0.686687,4.567039,,,50.971878,72.510025,0.193484,0.304767,,,,,,,,,,,,
309621,,,,,,,,,,,,,,,,,,,,0.516921,0.975681,1.213693,,,,,,
309624,,,,,,,,,0.961362,4.567040,,,50.511337,72.445335,0.196688,0.305092,,,,,,,,,,,,
309632,,,,,,,,,0.906427,4.567039,,,49.579296,71.301819,0.204795,0.316434,,,,0.520545,0.984619,1.261433,,,,,,
309639,,,,,,,,,,,,,,,,,,,,0.523769,0.992921,1.312863,,,,,,
309644,,,,,,,,,0.961362,3.262171,,,49.884159,71.428749,0.200471,0.315046,,,,,,,,,,,,
309650,,,,,,,,,,,,,,,,,,,,0.526509,1.001789,1.358902,,,,,,
309655,0.526344,1.001932,1.352140,0.480304,1.003773,1.418569,1.016037,3.979581,1.071232,3.262170,47.730652,74.386948,51.229759,75.347351,0.228542,0.311187,-0.008190,0.045343,0.066428,,,,,,,,,
309660,,,,,,,,,,,,,,,,,,,,0.528690,1.010454,1.412637,,,,,,
309664,,,,,,,,,0.851492,7.176777,,,48.550144,71.565399,0.255175,0.349571,,,,,,,,,,,,
309670,,,,,,,,,,,,,,,,,,,,0.530561,1.019162,1.460418,,,,,,
309674,,,,,,,,,0.988829,5.219473,,,48.473690,72.195068,0.255791,0.343712,,,,,,,,,,,,
309681,,,,,,,,,,,,,,,,,,,,0.532073,1.027609,1.509179,,,,,,
309684,,,,,,,,,1.016297,4.567039,,,48.409363,72.724869,0.256298,0.338747,,,,,,,,,,,,
309692,,,,,,,,,0.933894,2.609737,,,48.899780,70.992470,0.251160,0.356750,,,,0.533102,1.036002,1.562981,,,,,,
309699,,,,,,,,,,,,,,,,,,,,0.533707,1.044169,1.609012,,,,,,
309705,0.533650,1.044503,1.598402,0.483215,1.056032,1.608828,1.034469,3.919244,1.236037,5.871907,56.812500,79.754936,49.312416,71.713005,0.339352,0.404833,0.012917,0.050098,0.010426,,,,,,,,,
309709,,,,,,,,,,,,,,,,,,,,0.533907,1.052588,1.658816,,,,,,
309714,,,,,,,,,0.796557,1.957302,,,50.204151,72.319260,0.331757,0.400257,,,,,,,,,,,,
309720,,,,,,,,,,,,,,,,,,,,0.533524,1.062883,1.699163,,,,,,
309724,,,,,,,,,1.016297,4.567039,,,50.954456,72.829369,0.325425,0.396541,,,,,,,,,,,,
309732,,,,,,,,,1.016297,1.957302,,,52.130306,72.169487,0.314603,0.404657,,,,0.533393,1.072661,1.746821,,,,,,
309741,,,,,,,,,,,,,,,,,,,,0.532462,1.082697,1.789596,,,,,,
309744,,,,,,,,,1.126167,4.567039,,,53.119667,73.247887,0.305448,0.395174,,,,,,,,,,,,
309751,,,,,,,,,,,,,,,,,,,,0.531081,1.092536,1.835371,,,,,,
309755,0.530627,1.093183,1.834633,0.476353,1.109339,1.785972,1.062898,3.675608,1.236036,-0.652434,65.872421,83.567444,54.496658,74.155258,0.384553,0.426108,0.029751,0.048183,-0.048661,,,,,,,,,
309761,,,,,,,,,,,,,,,,,,,,0.529210,1.102397,1.876994,,,,,,
309764,,,,,,,,,1.043764,6.524342,,,55.655258,74.918716,0.375010,0.420203,,,,,,,,,,,,
309769,,,,,,,,,,,,,,,,,,,,0.527047,1.113018,1.917641,,,,,,
309774,,,,,,,,,1.098699,2.609736,,,57.174648,75.561089,0.361556,0.415381,,,,,,,,,,,,
309779,,,,,,,,,,,,,,,,,,,,0.524138,1.123520,1.957664,,,,,,
309784,,,,,,,,,1.208569,3.914605,,,58.453064,76.646126,0.350255,0.405915,,,,,,,,,,,,
309791,,,,,,,,,,,,,,,,,,,,0.520992,1.133646,1.994453,,,,,,
309794,,,,,,,,,1.016297,0.652434,,,58.984177,75.380905,0.346322,0.420204,,,,,,,,,,,,
309800,,,,,,,,,,,,,,,,,,,,0.517264,1.143607,2.030614,,,,,,
309804,0.517155,1.143459,2.016899,0.460243,1.161556,1.952652,1.087970,3.419933,,,71.814636,86.896507,60.520142,76.494522,0.332033,0.410483,0.040881,0.043534,-0.064247,,,,,,,,,
309807,,,,,,,,,1.345907,-0.652434,,,,,,,,,,,,,,,,,,
309811,,,,,,,,,,,,,,,,,,,,0.513066,1.153966,2.062955,,,,,,
309814,,,,,,,,,1.071232,5.871908,,,61.812504,77.431519,0.380532,0.436296,,,,,,,,,,,,
309821,,,,,,,,,,,,,,,,,,,,0.508443,1.164355,2.095114,,,,,,
309824,,,,,,,,,1.208569,2.609737,,,62.899895,78.219910,0.371441,0.430148,,,,,,,,,,,,
309831,,,,,,,,,,,,,,,,,,,,0.503368,1.174772,2.130144,,,,,,
309834,,,,,,,,,1.236037,3.262171,,,63.814827,79.427803,0.363891,0.419563,,,,,,,,,,,,
309839,,,,,,,,,,,,,,,,,,,,0.497954,1.184954,2.161698,,,,,,
309844,,,,,,,,,1.290972,1.957303,,,65.673737,80.444122,0.346530,0.410690,,,,,,,,,,,,
309851,,,,,,,,,,,,,,,,,,,,0.492038,1.194979,2.192984,,,,,,
309855,0.491544,1.195407,2.186408,0.435880,1.210326,2.116126,1.096998,3.272406,1.455776,1.957302,74.043335,87.675278,68.871452,82.932884,0.337875,0.394539,0.044324,0.036830,-0.070282,,,,,,,,,
309860,,,,,,,,,,,,,,,,,,,,0.485616,1.205018,2.224116,,,,,,
309864,,,,,,,,,1.016297,1.957302,,,67.205666,80.126038,0.355900,0.424117,,,,,,,,,,,,
309870,,,,,,,,,,,,,,,,,,,,0.478737,1.215273,2.254819,,,,,,
309874,,,,,,,,,1.263504,2.609736,,,67.437698,81.031616,0.354901,0.416390,,,,,,,,,,,,
309881,,,,,,,,,,,,,,,,,,,,0.471494,1.225555,2.282199,,,,,,
309884,,,,,,,,,1.263504,1.304869,,,68.722023,81.793571,0.343122,0.409947,,,,,,,,,,,,
309892,,,,,,,,,1.098699,2.609736,,,67.624481,80.801048,0.355381,0.421247,,,,0.463862,1.235655,2.309454,,,,,,
309899,,,,,,,,,,,,,,,,,,,,0.455866,1.245196,2.336705,,,,,,
309905,0.455953,1.244596,2.335029,0.404650,1.253267,2.286158,1.081742,3.299626,1.620581,3.262171,71.729797,86.817001,72.146439,85.411377,0.286943,0.366842,0.041761,0.031036,-0.048871,,,,,,,,,
309910,,,,,,,,,,,,,,,,,,,,0.447225,1.254828,2.363744,,,,,,
309914,,,,,,,,,0.988829,1.304868,,,69.416695,82.211441,0.314703,0.399762,,,,,,,,,,,,
309921,,,,,,,,,,,,,,,,,,,,0.438401,1.264244,2.390539,,,,,,
309924,,,,,,,,,1.290972,3.262171,,,70.387146,83.330818,0.305267,0.389266,,,,,,,,,,,,
309931,,,,,,,,,,,,,,,,,,,,0.429129,1.273422,2.417076,,,,,,
309934,,,,,,,,,1.318439,2.609739,,,71.203682,84.272667,0.297207,0.380356,,,,,,,,,,,,
309942,,,,,,,,,1.290972,3.262171,,,71.346176,85.065132,0.295858,0.372782,,,,0.419703,1.282113,2.443692,,,,,,
309951,,,,,,,,,,,,,,,,,,,,0.410318,1.290830,2.473265,,,,,,
309954,0.410101,1.290551,2.475335,0.368229,1.288198,2.473748,1.040438,3.538587,,,,,70.376984,83.553741,0.305821,0.388548,,,,,,,,,,,,
309957,,,,,,,,,1.345906,7.176775,64.162094,83.590599,,,,,0.031463,0.027728,-0.001586,,,,,,,,,
309960,,,,,,,,,,,,,,,,,,,,0.400299,1.299289,2.502442,,,,,,
309964,,,,,,,,,1.153634,-2.609736,,,71.195137,84.460228,0.220556,0.347046,,,,,,,,,,,,
309970,,,,,,,,,,,,,,,,,,,,0.390173,1.307527,2.528662,,,,,,
309974,,,,,,,,,1.236037,4.567040,,,70.794441,85.222946,0.223236,0.339092,,,,,,,,,,,,
309980,,,,,,,,,,,,,,,,,,,,0.379683,1.315323,2.560511,,,,,,
309984,,,,,,,,,1.236037,3.262171,,,70.457298,85.320152,0.225349,0.337774,,,,,,,,,,,,
309991,,,,,,,,,,,,,,,,,,,,0.369094,1.322834,2.589373,,,,,,
309994,,,,,,,,,1.236037,3.262171,,,69.629082,85.401947,0.232537,0.336594,,,,,,,,,,,,
310001,,,,,,,,,,,,,,,,,,,,0.357866,1.330212,2.623574,,,,,,
310005,0.357928,1.329752,2.624805,0.328428,1.313378,2.689281,0.978627,4.001602,1.318439,7.829209,53.009842,78.940437,72.199478,88.738029,0.091473,0.254772,0.017558,0.028812,0.064476,,,,,,,,,
310013,,,,,,,,,0.906427,-1.957303,,,67.283150,82.287773,0.137782,0.318605,,,,0.346563,1.337073,2.663345,,,,,,
310019,,,,,,,,,,,,,,,,,,,,0.335171,1.343564,2.703032,,,,,,
310024,,,,,,,,,1.098699,5.219474,,,65.324722,82.305962,0.154903,0.317750,,,,,,,,,,,,
310030,,,,,,,,,,,,,,,,,,,,0.323576,1.349665,2.745232,,,,,,
310034,,,,,,,,,1.071232,4.567039,,,63.676903,82.321259,0.169248,0.316921,,,,,,,,,,,,
310040,,,,,,,,,,,,,,,,,,,,0.311814,1.355350,2.792680,,,,,,
310044,,,,,,,,,1.071232,5.871908,,,61.745884,82.334137,0.186811,0.316113,,,,,,,,,,,,
310051,,,,,,,,,,,,,,,,,,,,0.299701,1.360329,2.845422,,,,,,
310055,0.300407,1.359413,2.851521,0.287075,1.327651,2.937177,0.908898,4.637468,1.043764,1.304868,42.486763,72.784645,61.754757,83.978600,0.077638,0.235872,0.003690,0.034248,0.085655,,,,,,,,,
310061,,,,,,,,,,,,,,,,,,,,0.287810,1.364811,2.900956,,,,,,
310064,,,,,,,,,0.961362,8.481646,,,57.405876,79.916817,0.118143,0.275063,,,,,,,,,,,,
310071,,,,,,,,,,,,,,,,,,,,0.277152,1.368303,2.956350,,,,,,
310074,,,,,,,,,0.933894,6.524341,,,55.380360,79.221947,0.135819,0.280724,,,,,,,,,,,,
310079,,,,,,,,,,,,,,,,,,,,0.267131,1.371623,3.015241,,,,,,
310084,,,,,,,,,1.016297,7.176775,,,53.131546,79.181831,0.156178,0.279846,,,,,,,,,,,,
310089,,,,,,,,,,,,,,,,,,,,0.256906,1.374009,3.070794,,,,,,
310094,,,,,,,,,0.906427,5.871908,,,51.783939,78.603531,0.167795,0.284465,,,,,,,,,,,,
310100,,,,,,,,,,,,,,,,,,,,0.247200,1.375866,3.134375,,,,,,
310105,0.247902,1.375032,3.135251,0.245865,1.330585,-3.075433,0.848667,5.248053,1.208569,7.829209,37.050129,69.741547,52.283691,81.384209,0.105384,0.223899,0.001755,0.044459,0.072501,,,,,,,,,
310113,,,,,,,,,0.521882,1.957302,,,48.347836,74.466637,0.142483,0.292130,,,,0.236895,1.377407,-3.090615,,,,,,
310121,,,,,,,,,,,,,,,,,,,,0.227298,1.378388,-3.023741,,,,,,
310124,,,,,,,,,0.878959,6.524343,,,46.669838,74.091629,0.157339,0.295010,,,,,,,,,,,,
310131,,,,,,,,,,,,,,,,,,,,0.217473,1.378594,-2.968192,,,,,,
310134,,,,,,,,,0.906427,5.871908,,,45.257969,73.776093,0.169816,0.297358,,,,,,,,,,,,
310141,,,,,,,,,,,,,,,,,,,,0.208274,1.378530,-2.901120,,,,,,
310144,,,,,,,,,0.906427,7.176775,,,44.070023,74.055145,0.180292,0.293705,,,,,,,,,,,,
310149,,,,,,,,,,,,,,,,,,,,0.199137,1.377604,-2.836747,,,,,,
310155,0.199480,1.376748,-2.832779,0.206260,1.322501,-2.808030,0.814331,5.483375,0.933894,3.914605,37.945126,69.455818,45.248657,76.468117,0.175995,0.265316,0.010028,0.053742,0.024749,,,,,,,,,
310159,,,,,,,,,,,,,,,,,,,,0.190560,1.376052,-2.772216,,,,,,
310164,,,,,,,,,0.824024,9.134078,,,42.428558,72.508408,0.203299,0.304302,,,,,,,,,,,,
310171,,,,,,,,,,,,,,,,,,,,0.182027,1.373993,-2.707154,,,,,,
310174,,,,,,,,,0.769089,3.914606,,,41.689358,70.810341,0.209942,0.321012,,,,,,,,,,,,
310180,,,,,,,,,,,,,,,,,,,,0.174053,1.371467,-2.644402,,,,,,
310184,,,,,,,,,0.933894,5.219474,,,41.611938,71.015221,0.209983,0.318651,,,,,,,,,,,,
310191,,,,,,,,,,,,,,,,,,,,0.166470,1.368246,-2.584132,,,,,,
310194,,,,,,,,,0.878959,6.524343,,,41.546799,71.187607,0.209914,0.316581,,,,,,,,,,,,
310201,,,,,,,,,,,,,,,,,,,,0.159330,1.364968,-2.526251,,,,,,
310204,0.159286,1.364280,-2.527358,0.169422,1.304445,-2.571661,0.812444,5.112545,0.906427,5.871908,,,41.491989,71.332649,0.209753,0.314755,,,,,,,,,,,,
310207,,,,,,,,,,,45.078701,71.115410,,,,,0.026201,0.054740,-0.044304,,,,,,,,,
310213,,,,,,,,,0.851492,4.567039,,,41.445873,69.821060,0.282276,0.346726,,,,0.152449,1.361516,-2.461858,,,,,,
310219,,,,,,,,,,,,,,,,,,,,0.145974,1.357573,-2.402743,,,,,,
310224,,,,,,,,,0.906427,5.871908,,,41.407070,70.727379,0.283399,0.337740,,,,,,,,,,,,
310229,,,,,,,,,,,,,,,,,,,,0.139909,1.353586,-2.342803,,,,,,
310234,,,,,,,,,0.988829,3.914606,,,42.463509,70.945412,0.273357,0.335594,,,,,,,,,,,,
310240,,,,,,,,,,,,,,,,,,,,0.133835,1.348776,-2.285188,,,,,,
310244,,,,,,,,,0.933894,3.914605,,,43.896938,70.584320,0.259259,0.339311,,,,,,,,,,,,
310250,,,,,,,,,,,,,,,,,,,,0.127235,1.342737,-2.236396,,,,,,
310255,0.126977,1.341963,-2.244403,0.136178,1.278098,-2.379966,0.834896,4.296208,1.016297,1.957302,55.764957,72.488068,46.192112,73.547760,0.345085,0.323191,0.044175,0.047031,-0.135563,,,,,,,,,
310261,,,,,,,,,,,,,,,,,,,,0.120866,1.336798,-2.180540,,,,,,
310264,,,,,,,,,0.878959,6.524343,,,44.856010,69.506683,0.360628,0.364198,,,,,,,,,,,,
310272,,,,,,,,,0.988829,1.304868,,,46.454533,68.829231,0.346505,0.371705,,,,0.114677,1.330160,-2.133543,,,,,,
310282,,,,,,,,,0.961362,1.957303,,,48.344074,68.803772,0.329093,0.372696,,,,0.109378,1.323174,-2.085787,,,,,,
310289,,,,,,,,,,,,,,,,,,,,0.104132,1.316318,-2.043616,,,,,,
310294,,,,,,,,,1.098699,1.304869,,,50.478477,69.326889,0.308807,0.368097,,,,,,,,,,,,
310300,,,,,,,,,,,,,,,,,,,,0.098969,1.308284,-2.001359,,,,,,
310304,0.098960,1.307557,-2.008083,0.106997,1.245586,-2.231755,0.864024,3.379017,1.016297,3.262172,,,51.729820,69.767044,0.297100,0.364240,,,,,,,,,,,,
310307,,,,,,,,,,,64.191437,70.785393,,,,,0.052736,0.033524,-0.223671,,,,,,,,,
310313,,,,,,,,,0.961362,0.652434,,,52.782700,68.503761,0.373118,0.360302,,,,0.094172,1.300125,-1.964981,,,,,,
310320,,,,,,,,,,,,,,,,,,,,0.089383,1.291647,-1.928240,,,,,,
310324,,,,,,,,,1.071232,1.957303,,,53.668591,69.074463,0.366364,0.354937,,,,,,,,,,,,
310331,,,,,,,,,,,,,,,,,,,,0.085282,1.282445,-1.897792,,,,,,
310334,,,,,,,,,1.016297,1.957302,,,54.958523,69.010109,0.355311,0.355936,,,,,,,,,,,,
310341,,,,,,,,,,,,,,,,,,,,0.081477,1.273513,-1.866911,,,,,,
310344,,,,,,,,,1.098699,1.304869,,,56.588413,69.500504,0.340533,0.351289,,,,,,,,,,,,
310352,,,,,,,,,,,,,,,,,,,,0.077903,1.263869,-1.842761,,,,,,
310355,0.077888,1.263284,-1.851169,0.082056,1.209304,-2.119454,0.881852,2.576480,1.236037,-1.957302,67.746628,67.070877,60.682522,73.180382,0.336556,0.276123,0.050719,0.018942,-0.268285,,,,,,,,,
310359,,,,,,,,,,,,,,,,,,,,0.074927,1.253983,-1.825265,,,,,,
310364,,,,,,,,,0.961362,4.567040,,,58.681870,69.742111,0.358376,0.309972,,,,,,,,,,,,
310372,,,,,,,,,1.071232,0.652434,,,59.721237,69.571869,0.349587,0.311174,,,,0.072062,1.243887,-1.804190,,,,,,
310380,,,,,,,,,,,,,,,,,,,,0.069359,1.233557,-1.793651,,,,,,
310384,,,,,,,,,1.126167,0.652435,,,61.140305,69.428627,0.336718,0.312135,,,,,,,,,,,,
310390,,,,,,,,,,,,,,,,,,,,0.066797,1.223163,-1.783002,,,,,,
310394,,,,,,,,,1.153634,-1.304868,,,62.878853,69.308098,0.320306,0.312893,,,,,,,,,,,,
310401,,,,,,,,,,,,,,,,,,,,0.064610,1.212421,-1.782973,,,,,,
310405,0.064281,1.212069,-1.794162,0.061268,1.171667,-2.034837,0.875652,1.943975,1.181102,3.262171,65.811417,63.027176,67.608925,71.929405,0.253293,0.244462,0.040066,0.006011,-0.240675,,,,,,,,,
310411,,,,,,,,,,,,,,,,,,,,0.062541,1.201528,-1.783002,,,,,,
310414,,,,,,,,,0.961362,-4.567040,,,64.509743,68.144997,0.284545,0.281283,,,,,,,,,,,,
310422,,,,,,,,,1.098699,-1.304869,,,65.169350,67.683510,0.278078,0.284966,,,,0.060513,1.190491,-1.786561,,,,,,
310432,,,,,,,,,0.988829,1.304868,,,64.635262,67.295219,0.283654,0.287996,,,,0.058511,1.179339,-1.790143,,,,,,
310440,,,,,,,,,,,,,,,,,,,,0.056297,1.168106,-1.797265,,,,,,
310444,,,,,,,,,1.126167,-0.652435,,,65.819511,67.513054,0.271810,0.284920,,,,,,,,,,,,
310450,,,,,,,,,,,,,,,,,,,,0.054228,1.157421,-1.800793,,,,,,
310455,0.053960,1.157415,-1.802963,0.044375,1.134946,-1.971238,0.839396,1.462731,1.071232,-0.652434,59.136425,57.845970,69.538651,67.151794,0.165788,0.234859,0.024071,-0.004158,-0.168275,,,,,,,,,
310461,,,,,,,,,,,,,,,,,,,,0.052120,1.146603,-1.811355,,,,,,
310464,,,,,,,,,1.126167,-0.652435,,,66.133415,67.392372,0.198441,0.230544,,,,,,,,,,,,
310472,,,,,,,,,1.016297,0.652434,,,65.446426,66.505714,0.204049,0.237679,,,,0.049820,1.135755,-1.814864,,,,,,
310482,,,,,,,,,0.961362,-0.652434,,,65.412933,65.759674,0.203129,0.243557,,,,0.047371,1.124822,-1.825381,,,,,,
310489,,,,,,,,,,,,,,,,,,,,0.044898,1.114198,-1.828889,,,,,,
310494,,,,,,,,,1.043764,0.000000,,,64.840210,65.676498,0.207715,0.242822,,,,,,,,,,,,
310499,,,,,,,,,,,,,,,,,,,,0.042410,1.103592,-1.832398,,,,,,
310504,0.042362,1.103849,-1.829924,0.031000,1.101064,-1.923650,0.772950,1.097803,,,49.194153,50.152466,64.358322,65.061974,0.211490,0.247524,0.005603,-0.010269,-0.093726,,,,,,,,,
310507,,,,,,,,,1.236036,0.652434,,,,,,,,,,,,,,,,,,
310510,,,,,,,,,,,,,,,,,,,,0.039649,1.092783,-1.828863,,,,,,
310514,,,,,,,,,0.714155,0.000000,,,63.952862,64.544914,0.113170,0.172881,,,,,,,,,,,,
310520,,,,,,,,,,,,,,,,,,,,0.037122,1.082251,-1.832267,,,,,,
310524,,,,,,,,,0.906427,-0.652435,,,62.522621,63.020775,0.124806,0.185549,,,,,,,,,,,,
310532,,,,,,,,,0.878959,1.304869,,,60.774673,62.282906,0.139970,0.190502,,,,0.034595,1.071472,-1.832128,,,,,,
310541,,,,,,,,,,,,,,,,,,,,0.032113,1.060828,-1.828177,,,,,,
310544,,,,,,,,,0.824024,1.304869,,,59.303951,61.117519,0.152655,0.199963,,,,,,,,,,,,
310552,,,,,,,,,,,,,,,,,,,,0.029678,1.050154,-1.823932,,,,,,
310555,0.029951,1.051294,-1.818960,0.020702,1.071468,-1.888400,0.680839,0.818213,0.988829,1.304868,37.077053,38.100449,59.155571,61.770592,0.028552,0.068178,-0.017284,-0.013921,-0.069440,,,,,,,,,
310559,,,,,,,,,,,,,,,,,,,,0.027586,1.040378,-1.819867,,,,,,
310564,,,,,,,,,0.549350,1.304868,,,54.674377,57.419201,0.069845,0.107828,,,,,,,,,,,,
310569,,,,,,,,,,,,,,,,,,,,0.025787,1.033040,-1.807051,,,,,,
310574,,,,,,,,,0.714155,0.000000,,,52.537533,55.936111,0.088121,0.119092,,,,,,,,,,,,
310580,,,,,,,,,,,,,,,,,,,,0.023987,1.024767,-1.799962,,,,,,
310584,,,,,,,,,0.659220,1.304869,,,50.739594,54.143700,0.103368,0.133807,,,,,,,,,,,,
310591,,,,,,,,,,,,,,,,,,,,0.022347,1.016949,-1.792719,,,,,,
310594,,,,,,,,,0.686687,0.652435,,,48.682262,52.635563,0.121620,0.145981,,,,,,,,,,,,
310601,,,,,,,,,,,,,,,,,,,,0.020705,1.009723,-1.782241,,,,,,
310605,0.020820,1.010407,-1.782584,0.013037,1.047088,-1.862813,0.570633,0.600874,0.769089,1.304867,25.924952,25.923002,48.584854,52.455704,0.006541,0.020699,-0.034225,-0.015320,-0.080230,,,,,,,,,
310611,,,,,,,,,,,,,,,,,,,,0.019204,1.002445,-1.774892,,,,,,
310614,,,,,,,,,0.466947,0.652434,,,45.235634,49.037109,0.036171,0.050262,,,,,,,,,,,,
310622,,,,,,,,,0.521882,0.652434,,,42.962147,46.705250,0.055499,0.069424,,,,0.017942,0.995840,-1.767708,,,,,,
310632,,,,,,,,,0.466947,0.652434,,,40.504692,44.198681,0.077157,0.090835,,,,0.016837,0.990046,-1.757096,,,,,,
310640,,,,,,,,,,,,,,,,,,,,0.015708,0.984302,-1.753127,,,,,,
310644,,,,,,,,,0.466947,0.652434,,,38.436989,41.545109,0.095332,0.114246,,,,,,,,,,,,
310650,,,,,,,,,,,,,,,,,,,,0.014797,0.978896,-1.749348,,,,,,
310654,0.014922,0.979618,-1.749399,0.007558,1.028240,-1.844800,0.451439,0.429813,,,15.337259,14.657113,36.697224,39.856937,0.110575,0.128341,-0.046540,-0.015885,-0.095401,,,,,,,,,
310657,,,,,,,,,0.549350,0.000000,,,,,,,,,,,,,,,,,,
310661,,,,,,,,,,,,,,,,,,,,0.014071,0.974614,-1.742471,,,,,,
310664,,,,,,,,,0.357077,0.652434,,,35.233383,37.891968,0.015357,0.030685,,,,,,,,,,,,
310671,,,,,,,,,,,,,,,,,,,,0.013375,0.970336,-1.742577,,,,,,
310674,,,,,,,,,0.357077,-0.652434,,,33.457165,35.694099,0.029496,0.048456,,,,,,,,,,,,
310679,,,,,,,,,,,,,,,,,,,,0.012766,0.966394,-1.735597,,,,,,
310684,,,,,,,,,0.357077,0.652434,,,31.418114,33.844814,0.046670,0.063111,,,,,,,,,,,,
310692,,,,,,,,,0.274675,0.000000,,,29.157913,31.199738,0.066508,0.086254,,,,0.012083,0.962116,-1.735302,,,,,,
310699,,,,,,,,,,,,,,,,,,,,0.011487,0.958068,-1.734833,,,,,,
310705,0.011572,0.958742,-1.736055,0.003901,1.014922,-1.832883,0.332751,0.294373,0.384545,0.000000,5.798618,5.139677,28.345266,30.063257,-0.025262,-0.002541,-0.054152,-0.016808,-0.096828,,,,,,,,,
310710,,,,,,,,,,,,,,,,,,,,0.011037,0.954946,-1.731148,,,,,,
310714,,,,,,,,,0.192272,0.652434,,,25.483334,26.928850,-0.000579,0.024446,,,,,,,,,,,,
310720,,,,,,,,,,,,,,,,,,,,0.010672,0.952438,-1.728004,,,,,,
310724,,,,,,,,,0.192272,-0.652434,,,23.075302,24.836103,0.020046,0.041434,,,,,,,,,,,,
310731,,,,,,,,,,,,,,,,,,,,0.010295,0.949896,-1.727892,,,,,,
310734,,,,,,,,,0.164805,1.304868,,,21.049187,23.075268,0.037257,0.055455,,,,,,,,,,,,
310741,,,,,,,,,,,,,,,,,,,,0.010085,0.947623,-1.723990,,,,,,
310744,,,,,,,,,0.164805,0.000000,,,19.344412,21.049156,0.051595,0.072534,,,,,,,,,,,,
310752,,,,,,,,,,,,,,,,,,,,0.009813,0.945999,-1.720353,,,,,,
310755,0.009848,0.946386,-1.721671,0.001663,1.006456,-1.825625,0.223227,0.187888,0.164805,0.000000,-2.183040,-2.777727,17.910015,19.344387,-0.017896,0.005984,-0.058157,-0.017120,-0.103954,,,,,,,,,
310759,,,,,,,,,,,,,,,,,,,,0.009678,0.944836,-1.720597,,,,,,
310764,,,,,,,,,0.082402,0.652434,,,15.614027,17.365452,0.001505,0.021744,,,,,,,,,,,,
310770,,,,,,,,,,,,,,,,,,,,0.009578,0.943917,-1.720947,,,,,,
310774,,,,,,,,,0.082402,-0.652434,,,14.226727,15.155832,0.012096,0.040254,,,,,,,,,,,,
310780,,,,,,,,,,,,,,,,,,,,0.009427,0.942945,-1.717254,,,,,,
310784,,,,,,,,,0.027467,0.652434,,,11.970366,13.296659,0.031829,0.055631,,,,,,,,,,,,
310792,,,,,,,,,0.054935,0.000000,,,10.616407,11.732349,0.042808,0.068372,,,,0.009289,0.941803,-1.713099,,,,,,
310799,,,,,,,,,,,,,,,,,,,,0.009156,0.941283,-1.712941,,,,,,
310804,0.009180,0.941483,-1.713673,0.000499,1.001951,-1.821857,0.130292,0.106338,,,-8.190166,-8.589723,9.477187,10.416141,0.051869,0.078895,-0.058615,-0.017202,-0.108183,,,,,,,,,
310807,,,,,,,,,0.054935,0.000000,,,,,,,,,,0.009151,0.941268,-1.713195,,,,,,
310814,,,,,,,,,0.027467,0.652434,,,7.974104,9.308682,0.003595,0.028270,,,,,,,,,,,,
310820,,,,,,,,,,,,,,,,,,,,0.009216,0.941308,-1.709771,,,,,,
310824,,,,,,,,,-0.000000,0.000000,,,6.709410,7.832324,0.013262,0.039749,,,,,,,,,,,,
310830,,,,,,,,,,,,,,,,,,,,0.009251,0.941378,-1.706194,,,,,,
310834,,,,,,,,,-0.000000,0.000000,,,5.645297,6.590117,0.021136,0.049135,,,,,,,,,,,,
310841,,,,,,,,,,,,,,,,,,,,0.009245,0.941451,-1.702749,,,,,,
310844,,,,,,,,,-0.000000,0.000000,,,4.749952,5.544923,0.027502,0.056760,,,,,,,,,,,,
310851,,,,,,,,,,,,,,,,,,,,0.009164,0.941567,-1.702749,,,,,,
310855,0.009166,0.941560,-1.703666,0.000061,1.000240,-1.820443,0.059594,0.047859,-0.000000,0.000000,-12.210570,-12.428800,3.996609,4.665497,-0.008410,0.023745,-0.056956,-0.016798,-0.116777,,,,,,,,,
310862,,,,,,,,,-0.000000,0.000000,,,3.362746,3.925549,-0.005186,0.027873,,,,0.009183,0.941672,-1.702749,,,,,,
310869,,,,,,,,,,,,,,,,,,,,0.009272,0.941882,-1.702839,,,,,,
310874,,,,,,,,,-0.000000,0.000000,,,2.829414,3.302956,-0.002861,0.030953,,,,,,,,,,,,
310880,,,,,,,,,,,,,,,,,,,,0.009364,0.942164,-1.702924,,,,,,
310884,,,,,,,,,-0.000000,0.000000,,,2.380668,2.779107,-0.001292,0.033150,,,,,,,,,,,,
310890,,,,,,,,,,,,,,,,,,,,0.009432,0.942601,-1.703161,,,,,,
310894,,,,,,,,,-0.000000,0.000000,,,2.003094,2.338340,-0.000359,0.034604,,,,,,,,,,,,
310900,,,,,,,,,,,,,,,,,,,,0.009477,0.943022,-1.703222,,,,,,
310904,0.009451,0.942900,-1.703259,0.000000,1.000000,-1.820245,0.015251,0.012174,,,-14.592837,-14.649326,1.685403,1.967479,0.000039,0.035434,-0.055352,-0.016910,-0.116985,,,,,,,,,
310907,,,,,,,,,-0.000000,0.000000,,,,,,,,,,,,,,,,,,
310912,,,,,,,,,-0.000000,0.000000,,,1.418098,1.655437,-0.024313,0.013088,,,,0.009480,0.943528,-1.707008,,,,,,
310921,,,,,,,,,,,,,,,,,,,,0.009516,0.944116,-1.707132,,,,,,
310924,,,,,,,,,-0.000000,0.000000,,,1.193187,1.392884,-0.025221,0.012505,,,,,,,,,,,,
310929,,,,,,,,,,,,,,,,,,,,0.009569,0.944694,-1.703479,,,,,,
310934,,,,,,,,,-0.000000,0.000000,,,1.003948,1.171972,-0.026448,0.011550,,,,,,,,,,,,
310939,,,,,,,,,,,,,,,,,,,,0.009636,0.945350,-1.703506,,,,,,
310944,,,,,,,,,,,,,0.844721,0.986097,-0.027943,0.010281,,,,,,,,,,,,
