ts,x,y,yaw,x_des,y_des,yaw_des,v_ff,w_ff,v_actual,w_actual,omega_l_cmd,omega_r_cmd,omega_l_meas,omega_r_meas,duty_l,duty_r,x_err,y_err,yaw_err,x_raw,y_raw,yaw_raw,acc_x,acc_y,acc_z,gyro_x,gyro_y,gyro_z
23369,,,,,,,,,-0.000000,0.000000,,,0.000000,0.000000,0.000000,0.000000,,,,,,,,,,,,
23375,,,,,,,,,,,,,,,,,,,,0.517883,-0.017746,1.605474,,,,,,
23379,,,,,,,,,-0.000000,0.000000,,,0.000000,0.000000,0.000000,0.000000,,,,,,,,,,,,
23384,,,,,,,,,,,,,,,,,,,,0.517881,-0.017745,1.605474,,,,,,
23389,,,,,,,,,-0.000000,0.000000,,,0.000000,0.000000,0.000000,0.000000,,,,,,,,,,,,
23392,,,,,,,,,,,,,,,,,,,,0.517878,-0.017743,1.605474,,,,,,
23399,,,,,,,,,-0.000000,0.000000,,,0.000000,0.000000,0.000000,0.000000,,,,0.517878,-0.017752,1.605474,,,,,,
23409,,,,,,,,,-0.000000,0.000000,,,0.000000,0.000000,0.000000,0.000000,,,,,,,,,,,,
23415,,,,,,,,,,,,,,,,,,,,0.517870,-0.017768,1.609317,,,,,,
23418,0.517870,-0.017768,1.609317,0.496057,0.062667,1.696460,0.628319,1.256637,-0.000000,0.000000,56.744053,67.181381,0.000000,0.000000,0.578789,0.685250,0.081215,0.018699,0.087143,,,,,,,,,
23423,,,,,,,,,,,,,,,,,,,,0.517901,-0.017761,1.605531,,,,,,
23429,,,,,,,,,0.384545,2.609737,,,0.544543,1.633630,0.584584,0.682023,,,,0.517931,-0.017745,1.605581,,,,,,
23439,,,,,,,,,0.824024,2.609737,,,9.170870,12.809944,0.507835,0.581134,,,,,,,,,,,,
23447,,,,,,,,,1.290972,3.262171,,,19.151777,25.480953,0.415545,0.462764,,,,0.517884,-0.017851,1.605581,,,,,,
23459,,,,,,,,,1.263504,1.304869,,,28.094254,35.053253,0.331850,0.373467,,,,,,,,,,,,
23468,0.517539,-0.012591,1.611331,0.491144,0.093691,1.759292,0.628319,1.256637,0.824024,2.609737,62.558765,75.459030,31.262106,38.751038,0.364578,0.426607,0.107264,0.022066,0.147961,0.517944,-0.014198,1.601806,,,,,,
23479,,,,,,,,,1.373374,2.609737,,,38.283882,47.307785,0.299215,0.346670,,,,,,,,,,,,
23490,,,,,,,,,0.631752,1.957303,,,38.202030,46.883827,0.304905,0.356625,,,,0.517859,-0.012362,1.601872,,,,,,
23493,,,,,,,,,,,,,,,,,,,,0.517676,-0.009993,1.605720,,,,,,
23499,,,,,,,,,1.236037,1.957302,,,43.034046,51.972538,0.260490,0.310435,,,,0.517506,-0.007094,1.605706,,,,,,
23509,,,,,,,,,0.741622,1.957302,,,42.743359,51.897835,0.267359,0.315894,,,,,,,,,,,,
23516,0.517191,-0.001147,1.617893,0.484292,0.124345,1.822124,0.628319,1.256637,,,,,,,,,,,,0.517436,-0.003484,1.609530,,,,,,
23519,,,,,,,,,0.439480,1.304869,66.547279,81.742424,40.320602,49.112263,0.336718,0.413110,0.126902,0.026954,0.204231,,,,,,,,,
23523,,,,,,,,,,,,,,,,,,,,0.517368,0.000170,1.613339,,,,,,
23529,,,,,,,,,0.769089,2.609737,,,40.460270,49.491199,0.340538,0.415771,,,,0.517237,0.004275,1.621019,,,,,,
23539,,,,,,,,,0.714154,2.609737,,,40.033241,49.810036,0.350111,0.418969,,,,,,,,,,,,
23549,,,,,,,,,0.769089,2.609737,,,39.673939,50.078304,0.359079,0.422619,,,,0.517055,0.009215,1.624835,,,,,,
23554,,,,,,,,,,,,,,,,,,,,0.516935,0.014759,1.632487,,,,,,
23559,,,,,,,,,0.686687,1.957303,,,39.916164,50.848572,0.361983,0.421095,,,,0.516801,0.020343,1.640051,,,,,,
23568,0.516574,0.021409,1.646402,0.475528,0.154508,1.884956,0.628319,1.256637,0.659220,2.609737,68.056129,84.657646,39.030888,50.407585,0.391729,0.461507,0.135819,0.030875,0.238554,0.516569,0.026575,1.651392,,,,,,
23579,,,,,,,,,1.071232,3.262170,,,42.097820,54.392887,0.366252,0.427707,,,,,,,,,,,,
23585,,,,,,,,,,,,,,,,,,,,0.516351,0.033312,1.662666,,,,,,
23589,,,,,,,,,0.988829,2.609737,,,44.133793,56.657032,0.350676,0.410666,,,,,,,,,,,,
23592,,,,,,,,,,,,,,,,,,,,0.516028,0.040461,1.673859,,,,,,
23599,,,,,,,,,0.961362,1.957303,,,45.302315,58.017540,0.343542,0.402389,,,,0.515741,0.047823,1.688610,,,,,,
23609,,,,,,,,,1.043764,2.609737,,,47.919140,60.251358,0.321401,0.384932,,,,,,,,,,,,
23615,,,,,,,,,,,,,,,,,,,,0.515275,0.055657,1.703323,,,,,,
23618,0.514795,0.057122,1.709486,0.464888,0.184062,1.947787,0.628319,1.256637,0.769089,1.304867,67.153763,83.765427,47.398220,58.863632,0.321538,0.394867,0.132620,0.031879,0.238301,,,,,,,,,
23623,,,,,,,,,,,,,,,,,,,,0.514520,0.063918,1.721620,,,,,,
23629,,,,,,,,,1.208569,3.914605,,,50.227177,62.596889,0.296633,0.361768,,,,0.513568,0.072684,1.739861,,,,,,
23639,,,,,,,,,0.961362,1.957303,,,50.973831,63.015335,0.292403,0.361734,,,,,,,,,,,,
23649,,,,,,,,,1.043764,1.304868,,,52.146610,63.911957,0.283677,0.356738,,,,0.512613,0.081844,1.757862,,,,,,
23653,,,,,,,,,,,,,,,,,,,,0.511264,0.091495,1.790152,,,,,,
23659,,,,,,,,,0.961362,1.957303,,,52.588840,64.666374,0.282167,0.353014,,,,0.509709,0.101163,1.807768,,,,,,
23668,0.509384,0.101431,1.807723,0.452414,0.212890,2.010619,0.628319,1.256637,0.796557,3.262171,65.103348,80.291504,51.327305,63.667515,0.277034,0.331588,0.121717,0.029217,0.202896,0.507707,0.110892,1.832320,,,,,,
23679,,,,,,,,,1.236037,3.262171,,,54.077652,67.183418,0.251735,0.299051,,,,,,,,,,,,
23685,,,,,,,,,,,,,,,,,,,,0.505408,0.120596,1.860111,,,,,,
23689,,,,,,,,,0.988829,2.609737,,,54.213619,67.418983,0.252554,0.299270,,,,,,,,,,,,
23693,,,,,,,,,,,,,,,,,,,,0.502753,0.130771,1.890992,,,,,,
23699,,,,,,,,,1.043764,2.609737,,,54.328022,68.161736,0.253565,0.294268,,,,0.499984,0.140516,1.921548,,,,,,
23709,,,,,,,,,0.521882,1.957302,,,50.612480,63.341251,0.293618,0.345863,,,,,,,,,,,,
23716,0.497272,0.148329,1.938712,0.438153,0.240877,2.073451,0.628319,1.256637,,,,,,,,,,,,0.496843,0.150334,1.941750,,,,,,
23719,,,,,,,,,1.345907,4.567038,62.993023,75.370140,54.020744,68.542526,0.240227,0.246002,0.107618,0.021875,0.134739,,,,,,,,,
23723,,,,,,,,,,,,,,,,,,,,0.493279,0.160036,1.971738,,,,,,
23729,,,,,,,,,1.153634,0.000000,,,56.888454,68.562538,0.212771,0.247164,,,,0.489463,0.169443,1.998184,,,,,,
23739,,,,,,,,,1.016297,0.652434,,,57.123173,68.579376,0.211597,0.248353,,,,,,,,,,,,
23746,,,,,,,,,,,,,,,,,,,,0.485384,0.179048,2.024453,,,,,,
23749,,,,,,,,,0.961362,1.957303,,,56.776123,68.048996,0.216311,0.255121,,,,,,,,,,,,
23759,,,,,,,,,1.016297,3.262172,,,56.484112,68.691826,0.220533,0.250029,,,,,,,,,,,,
23770,0.484552,0.180322,2.030938,0.422164,0.267913,2.136283,0.628319,1.256637,0.906427,1.957303,63.355621,74.478157,56.238415,67.599068,0.228040,0.253412,0.106185,0.017002,0.105345,0.472176,0.208860,2.101563,,,,,,
23779,,,,,,,,,0.796557,1.957302,,,53.853512,65.045998,0.253789,0.280829,,,,,,,,,,,,
23785,,,,,,,,,,,,,,,,,,,,0.466975,0.218412,2.126759,,,,,,
23789,,,,,,,,,1.016297,1.957302,,,55.114117,65.620560,0.242831,0.276855,,,,,,,,,,,,
23792,,,,,,,,,,,,,,,,,,,,0.461736,0.227652,2.148782,,,,,,
23799,,,,,,,,,1.043764,2.609737,,,55.085701,66.648537,0.244769,0.268141,,,,0.456099,0.236791,2.173639,,,,,,
23809,,,,,,,,,0.988829,1.304868,,,55.606335,66.968933,0.241113,0.266439,,,,,,,,,,,,
23816,0.451224,0.243568,2.187016,0.404508,0.293893,2.199115,0.628319,1.256637,,,,,,,,,,,,0.450344,0.245388,2.195341,,,,,,
23819,,,,,,,,,1.043764,2.609737,54.775101,62.047478,53.866226,65.060341,0.172891,0.160616,0.068068,0.009037,0.012098,,,,,,,,,
23823,,,,,,,,,,,,,,,,,,,,0.444616,0.254089,2.217112,,,,,,
23829,,,,,,,,,0.933894,1.304869,,,56.213898,67.266258,0.149126,0.137513,,,,0.438917,0.262301,2.235765,,,,,,
23839,,,,,,,,,0.878959,1.304869,,,55.466515,65.855057,0.156462,0.150863,,,,,,,,,,,,
23846,,,,,,,,,,,,,,,,,,,,0.433128,0.270219,2.257342,,,,,,
23849,,,,,,,,,0.878959,1.304869,,,55.382210,64.667671,0.157183,0.162213,,,,,,,,,,,,
23859,,,,,,,,,0.878959,1.304869,,,54.766731,63.668606,0.163340,0.171880,,,,,,,,,,,,
23863,,,,,,,,,,,,,,,,,,,,0.420447,0.285886,2.278270,,,,,,
23870,0.420795,0.285269,2.276084,0.385257,0.318712,2.261947,0.628319,1.256637,0.851492,-0.652435,49.827805,55.986671,54.793411,61.738903,0.112607,0.129418,0.048502,0.005380,-0.014137,,,,,,,,,
23873,,,,,,,,,,,,,,,,,,,,0.413955,0.293753,2.287009,,,,,,
23879,,,,,,,,,0.631752,0.652435,,,51.548599,58.481625,0.144711,0.161492,,,,,,,,,,,,
23886,,,,,,,,,,,,,,,,,,,,0.407765,0.301577,2.298783,,,,,,
23889,,,,,,,,,0.769089,1.304867,,,50.996590,56.830036,0.149997,0.177839,,,,,,,,,,,,
23894,,,,,,,,,,,,,,,,,,,,0.401774,0.308571,2.304484,,,,,,
23899,,,,,,,,,0.796557,-0.652434,,,50.532127,55.984932,0.154501,0.186291,,,,,,,,,,,,
23902,,,,,,,,,,,,,,,,,,,,0.396640,0.314510,2.314004,,,,,,
23909,,,,,,,,,0.796557,1.957302,,,50.141331,55.818405,0.158346,0.187990,,,,0.391709,0.320459,2.323363,,,,,,
23918,0.391871,0.319951,2.327601,0.364484,0.342274,2.324779,0.628319,1.256637,0.631752,0.652435,45.826870,52.418896,48.178883,53.500118,0.137491,0.175278,0.035033,0.004584,-0.002822,,,,,,,,,
23929,,,,,,,,,0.988829,1.304868,,,45.983139,50.460423,0.159417,0.206067,,,,0.386806,0.325699,2.332724,,,,,,
23933,,,,,,,,,,,,,,,,,,,,0.381425,0.331310,2.338779,,,,,,
23939,,,,,,,,,0.686687,0.652435,,,49.036530,54.437344,0.128241,0.165894,,,,0.376408,0.336566,2.350988,,,,,,
23949,,,,,,,,,0.741622,1.957302,,,47.793846,53.971722,0.140275,0.170240,,,,,,,,,,,,
23959,,,,,,,,,0.741622,0.652433,,,46.748253,53.035404,0.150546,0.179480,,,,,,,,,,,,
23963,,,,,,,,,,,,,,,,,,,,0.366277,0.346976,2.375126,,,,,,
23968,0.366250,0.346933,2.373874,0.342274,0.364484,2.387610,0.628319,1.256637,0.521882,1.957302,43.927181,51.165039,44.234863,50.613956,0.156622,0.191266,0.029440,0.004023,0.013736,,,,,,,,,
23971,,,,,,,,,,,,,,,,,,,,0.361029,0.352102,2.387041,,,,,,
23979,,,,,,,,,0.878959,1.304869,,,45.387356,51.843811,0.144805,0.178832,,,,,,,,,,,,
23989,,,,,,,,,0.714154,1.304868,,,44.723434,51.244980,0.151285,0.184804,,,,0.355578,0.357029,2.398898,,,,,,
23994,,,,,,,,,,,,,,,,,,,,0.350481,0.361685,2.413526,,,,,,
23999,,,,,,,,,0.686687,0.652435,,,43.620266,50.196583,0.162378,0.195481,,,,,,,,,,,,
24002,,,,,,,,,,,,,,,,,,,,0.345190,0.366550,2.425364,,,,,,
24009,,,,,,,,,0.714154,2.609737,,,43.236603,49.859001,0.166353,0.199119,,,,0.340064,0.370999,2.440163,,,,,,
24018,0.339984,0.370927,2.445548,0.318712,0.385257,2.450442,0.628319,1.256637,0.521882,0.652434,43.014854,49.874523,41.280159,47.941330,0.177141,0.205777,0.025512,0.002642,0.004894,,,,,,,,,
24030,,,,,,,,,0.549350,1.304868,,,39.634010,46.327805,0.194278,0.222621,,,,0.334826,0.375617,2.454799,,,,,,
24034,,,,,,,,,,,,,,,,,,,,0.329814,0.379966,2.469686,,,,,,
24039,,,,,,,,,1.043764,2.609737,,,42.605286,50.415619,0.164648,0.181635,,,,0.324566,0.384106,2.484245,,,,,,
24049,,,,,,,,,0.659220,1.304869,,,41.838058,49.498756,0.172555,0.190879,,,,,,,,,,,,
24057,,,,,,,,,0.741622,0.652433,,,41.737057,49.271851,0.173821,0.193268,,,,0.319519,0.388149,2.499213,,,,,,
24064,,,,,,,,,,,,,,,,,,,,0.314635,0.392143,2.516822,,,,,,
24068,0.314336,0.392311,2.513577,0.293893,0.404508,2.513274,0.628319,1.256637,0.521882,0.652434,42.616264,49.259792,40.562984,46.902760,0.181986,0.211283,0.023709,0.002142,-0.000303,,,,,,,,,
24072,,,,,,,,,,,,,,,,,,,,0.309826,0.395946,2.537404,,,,,,
24079,,,,,,,,,0.851492,1.957303,,,41.208752,48.721210,0.175810,0.193207,,,,0.304564,0.399933,2.552031,,,,,,
24089,,,,,,,,,0.686687,3.262170,,,40.663013,49.162167,0.181658,0.188817,,,,,,,,,,,,
24095,,,,,,,,,,,,,,,,,,,,0.298809,0.404179,2.566285,,,,,,
24099,,,,,,,,,0.686687,0.652435,,,40.203831,47.899559,0.186732,0.201715,,,,,,,,,,,,
24103,,,,,,,,,,,,,,,,,,,,0.292987,0.408146,2.577784,,,,,,
24109,,,,,,,,,0.686687,1.957303,,,40.362015,47.926289,0.185601,0.201714,,,,0.286894,0.412079,2.592091,,,,,,
24118,0.286788,0.412001,2.593712,0.267913,0.422164,2.576106,0.628319,1.256637,0.521882,0.652434,42.315437,48.252884,38.861485,46.315147,0.198289,0.208144,0.021406,0.001156,-0.017606,,,,,,,,,
24126,,,,,,,,,,,,,,,,,,,,0.281257,0.415708,2.603583,,,,,,
24129,,,,,,,,,0.824024,1.304869,,,40.321651,47.682251,0.184086,0.194587,,,,,,,,,,,,
24134,,,,,,,,,,,,,,,,,,,,0.275447,0.419289,2.617965,,,,,,
24139,,,,,,,,,0.714154,1.304868,,,40.461151,47.743443,0.183062,0.194077,,,,0.269774,0.422773,2.629527,,,,,,
24149,,,,,,,,,0.714155,0.000000,,,40.578526,47.250389,0.182236,0.199208,,,,0.264096,0.426208,2.641045,,,,,,
24159,,,,,,,,,0.714154,2.609737,,,40.677284,47.380077,0.181576,0.198086,,,,,,,,,,,,
24164,,,,,,,,,,,,,,,,,,,,0.258120,0.429807,2.649600,,,,,,
24168,0.257880,0.429719,2.655855,0.240877,0.438153,2.638938,0.628319,1.256637,0.494415,0.000000,41.624989,47.576340,39.126751,45.311024,0.190676,0.212464,0.018974,0.000480,-0.016917,,,,,,,,,
24172,,,,,,,,,,,,,,,,,,,,0.252261,0.433298,2.661042,,,,,,
24179,,,,,,,,,0.878959,1.304869,,,40.544849,47.381924,0.176711,0.191794,,,,0.246021,0.436766,2.672347,,,,,,
24189,,,,,,,,,0.714154,1.304868,,,40.648949,46.946205,0.175866,0.196277,,,,,,,,,,,,
24195,,,,,,,,,,,,,,,,,,,,0.239986,0.440013,2.683741,,,,,,
24199,,,,,,,,,0.659220,1.304869,,,40.736538,46.579594,0.175167,0.200142,,,,,,,,,,,,
24209,,,,,,,,,0.659220,1.304869,,,40.265694,46.815670,0.180148,0.197934,,,,,,,,,,,,
24218,0.239004,0.440368,2.686873,0.212890,0.452414,2.701770,0.628319,1.256637,0.549350,0.000000,43.743530,50.960468,39.324982,44.836132,0.211624,0.252795,0.028752,0.000648,0.014896,,,,,,,,,
24221,,,,,,,,,,,,,,,,,,,,0.220712,0.449840,2.717707,,,,,,
24229,,,,,,,,,0.906427,1.957303,,,40.711639,46.982349,0.198364,0.232129,,,,,,,,,,,,
24236,,,,,,,,,,,,,,,,,,,,0.214128,0.452867,2.728940,,,,,,
24239,,,,,,,,,0.686687,1.957303,,,40.789288,47.154549,0.198178,0.231168,,,,,,,,,,,,
24244,,,,,,,,,,,,,,,,,,,,0.207500,0.455893,2.737419,,,,,,
24249,,,,,,,,,0.741622,0.652433,,,41.399162,47.843979,0.192548,0.224897,,,,0.201087,0.458686,2.748743,,,,,,
24259,,,,,,,,,0.714154,1.304868,,,41.367767,47.879520,0.193337,0.225158,,,,0.194723,0.461405,2.762940,,,,,,
24268,0.195705,0.460865,2.762029,0.184062,0.464888,2.764602,0.628319,1.256637,0.576817,0.652434,39.367256,46.093849,40.252266,46.275799,0.160553,0.192492,0.012305,0.000577,0.002573,,,,,,,,,
24275,,,,,,,,,,,,,,,,,,,,0.188161,0.464201,2.774180,,,,,,
24279,,,,,,,,,0.878959,1.304869,,,41.491856,48.193687,0.147732,0.172893,,,,,,,,,,,,
24283,,,,,,,,,,,,,,,,,,,,0.181266,0.466952,2.788271,,,,,,
24289,,,,,,,,,0.714154,2.609737,,,41.445759,48.173767,0.147777,0.172677,,,,0.174304,0.469550,2.799450,,,,,,
24299,,,,,,,,,0.631752,0.652435,,,40.862431,47.612465,0.153311,0.177986,,,,,,,,,,,,
24309,,,,,,,,,0.769089,1.304867,,,37.648903,43.872925,0.185790,0.215826,,,,,,,,,,,,
24313,,,,,,,,,,,,,,,,,,,,0.160280,0.474629,2.827422,,,,,,
24318,0.160218,0.474571,2.827407,0.154508,0.475528,2.827433,0.628319,1.256637,0.659220,1.304869,37.564991,44.196022,41.479561,48.350082,0.128678,0.151245,0.005726,0.000855,0.000026,,,,,,,,,
24322,,,,,,,,,,,,,,,,,,,,0.153270,0.476998,2.838504,,,,,,
24329,,,,,,,,,0.686687,0.652435,,,41.435417,47.760815,0.128346,0.156425,,,,0.146526,0.479343,2.852520,,,,,,
24339,,,,,,,,,0.659220,2.609737,,,40.309185,47.265007,0.139059,0.160769,,,,,,,,,,,,
24345,,,,,,,,,,,,,,,,,,,,0.139544,0.481621,2.866418,,,,,,
24349,,,,,,,,,0.686687,0.652435,,,39.906116,46.847832,0.142622,0.164410,,,,,,,,,,,,
24353,,,,,,,,,,,,,,,,,,,,0.132775,0.483606,2.880341,,,,,,
24359,,,,,,,,,0.659220,1.304869,,,39.566975,46.496822,0.145613,0.167460,,,,0.125983,0.485616,2.894257,,,,,,
24370,0.126199,0.485457,2.894120,0.124345,0.484292,2.890265,0.628319,1.256637,0.274675,1.304868,36.449089,42.940594,36.014362,42.934223,0.170067,0.190533,0.001512,0.001584,-0.003855,,,,,,,,,
24376,,,,,,,,,,,,,,,,,,,,0.119177,0.487496,2.908115,,,,,,
24379,,,,,,,,,1.016297,1.957302,,,39.559715,46.471172,0.133991,0.154458,,,,,,,,,,,,
24384,,,,,,,,,,,,,,,,,,,,0.112580,0.489189,2.921950,,,,,,
24389,,,,,,,,,0.604285,1.304869,,,38.730972,46.179901,0.141822,0.156723,,,,,,,,,,,,
24392,,,,,,,,,,,,,,,,,,,,0.105863,0.490699,2.932827,,,,,,
24399,,,,,,,,,0.631752,0.652435,,,38.578209,45.390282,0.142924,0.164129,,,,0.099428,0.492247,2.943964,,,,,,
24409,,,,,,,,,0.302142,0.652434,,,35.182415,41.458637,0.177135,0.203742,,,,,,,,,,,,
24416,0.094427,0.493219,2.955287,0.093691,0.491144,2.953097,0.628319,1.256637,,,,,,,,,,,,0.092864,0.493617,2.957903,,,,,,
24419,,,,,,,,,0.824024,1.304869,36.080360,42.649670,37.226086,43.595982,0.152782,0.179270,0.000338,0.002176,-0.002190,,,,,,,,,
24423,,,,,,,,,,,,,,,,,,,,0.086606,0.494893,2.968794,,,,,,
24429,,,,,,,,,0.824024,1.304869,,,38.401085,45.394344,0.140568,0.160737,,,,0.080326,0.496051,2.979774,,,,,,
24439,,,,,,,,,0.604285,1.304869,,,37.756100,44.729313,0.146682,0.166971,,,,,,,,,,,,
24446,,,,,,,,,,,,,,,,,,,,0.074096,0.497181,2.993582,,,,,,
24449,,,,,,,,,0.576817,1.957303,,,37.213409,44.169758,0.151883,0.172263,,,,,,,,,,,,
24454,,,,,,,,,,,,,,,,,,,,0.067997,0.498123,3.004811,,,,,,
24459,,,,,,,,,0.604285,1.304869,,,36.756790,43.698948,0.156314,0.176761,,,,0.062072,0.499003,3.013279,,,,,,
24470,0.062282,0.498908,3.013886,0.062667,0.496057,3.015929,0.628319,1.256637,0.521882,-4.567040,35.685642,42.434883,38.006222,40.035549,0.139408,0.211727,-0.000745,0.002778,0.002043,,,,,,,,,
24476,,,,,,,,,,,,,,,,,,,,0.056119,0.499873,3.027232,,,,,,
24479,,,,,,,,,0.769089,6.524341,,,36.879318,44.032227,0.150438,0.171441,,,,,,,,,,,,
24486,,,,,,,,,,,,,,,,,,,,0.050164,0.500713,3.038425,,,,,,
24489,,,,,,,,,0.631752,1.957303,,,36.475685,44.127773,0.154317,0.170147,,,,0.044592,0.501500,3.052478,,,,,,
24499,,,,,,,,,0.631752,0.652435,,,36.680611,43.663620,0.152068,0.174543,,,,,,,,,,,,
24509,,,,,,,,,0.631752,1.957303,,,36.308495,43.817627,0.155665,0.172726,,,,,,,,,,,,
24518,0.043435,0.501503,3.057450,0.031395,0.499013,3.078761,0.628319,1.256637,0.659220,1.304869,38.812489,46.340363,34.906307,42.313576,0.201737,0.227627,0.011788,0.003493,0.021311,0.027578,0.503632,3.097284,,,,,,
24529,,,,,,,,,0.576817,1.957303,,,35.904682,43.770786,0.192334,0.213569,,,,,,,,,,,,
24534,,,,,,,,,,,,,,,,,,,,0.021375,0.504025,3.108321,,,,,,
24539,,,,,,,,,0.631752,0.652435,,,36.200169,43.363251,0.189902,0.218239,,,,,,,,,,,,
24542,,,,,,,,,,,,,,,,,,,,0.015066,0.504370,3.122066,,,,,,
24549,,,,,,,,,0.659220,1.304869,,,36.448792,43.564896,0.187889,0.216778,,,,,,,,,,,,
24552,,,,,,,,,,,,,,,,,,,,0.008980,0.504596,3.135935,,,,,,
24559,,,,,,,,,0.604285,1.304869,,,36.113441,43.190018,0.191782,0.221157,,,,,,,,,,,,
24566,0.003827,0.504561,-3.135638,0.000000,0.500000,-3.141592,0.628319,1.256637,,,,,,,,,,,,0.002964,0.504704,-3.133359,,,,,,
24569,,,,,,,,,0.521882,0.652434,37.119884,43.586735,35.286736,41.785507,0.183489,0.208026,0.003854,0.004538,-0.005954,,,,,,,,,
24575,,,,,,,,,,,,,,,,,,,,-0.003154,0.504636,-3.119419,,,,,,
24579,,,,,,,,,0.796557,1.957302,,,36.769318,43.871010,0.168734,0.187114,,,,,,,,,,,,
24584,,,,,,,,,,,,,,,,,,,,-0.009714,0.504564,-3.108452,,,,,,
24589,,,,,,,,,0.357077,0.652434,,,37.472218,43.992123,0.161634,0.185822,,,,-0.016121,0.504385,-3.094583,,,,,,
24599,,,,,,,,,0.961362,1.957303,,,36.430008,43.549484,0.172194,0.190256,,,,-0.022712,0.504127,-3.080797,,,,,,
24609,,,,,,,,,0.604285,1.304869,,,36.642178,43.721592,0.170168,0.188508,,,,,,,,,,,,
24615,,,,,,,,,,,,,,,,,,,,-0.029349,0.503791,-3.072563,,,,,,
24618,-0.029098,0.503758,-3.072382,-0.031395,0.499013,-3.078760,0.628319,1.256637,0.659220,1.304869,36.780457,43.231205,35.187069,41.688232,0.181644,0.205595,0.002619,0.004575,-0.006378,,,,,,,,,
24629,,,,,,,,,0.329610,0.000000,,,34.507282,40.521904,0.188896,0.217800,,,,-0.029349,0.503791,-3.072563,,,,,,
24634,,,,,,,,,,,,,,,,,,,,-0.035930,0.503406,-3.061547,,,,,,
24639,,,,,,,,,0.906427,1.957303,,,37.202572,43.896904,0.161859,0.183917,,,,,,,,,,,,
24642,,,,,,,,,,,,,,,,,,,,-0.042787,0.502990,-3.050510,,,,,,
24649,,,,,,,,,0.686687,0.652435,,,37.836758,44.013912,0.155306,0.182590,,,,,,,,,,,,
24652,,,,,,,,,,,,,,,,,,,,-0.042787,0.502990,-3.050510,,,,,,
24659,,,,,,,,,0.686687,1.957303,,,37.281273,44.112362,0.160760,0.181429,,,,-0.049472,0.502519,-3.039631,,,,,,
24668,-0.050626,0.502298,-3.034169,-0.062667,0.496057,-3.015929,0.628319,1.256637,0.466947,0.652434,39.101601,46.535843,36.269348,42.561569,0.194658,0.230778,0.012641,0.004914,0.018240,-0.056432,0.502057,-3.025993,,,,,,
24675,,,,,,,,,,,,,,,,,,,,-0.070038,0.500763,-3.003839,,,,,,
24679,,,,,,,,,0.824024,1.304869,,,38.140629,44.523991,0.176137,0.211557,,,,,,,,,,,,
24683,,,,,,,,,,,,,,,,,,,,-0.076794,0.500052,-2.992612,,,,,,
24689,,,,,,,,,0.686687,1.957303,,,38.081493,45.086086,0.176932,0.206225,,,,,,,,,,,,
24692,,,,,,,,,,,,,,,,,,,,-0.083356,0.499201,-2.978724,,,,,,
24699,,,,,,,,,0.714154,1.304868,,,38.031738,45.014488,0.177644,0.207246,,,,-0.089912,0.498264,-2.967462,,,,,,
24707,,,,,,,,,0.631752,1.957303,,,37.989876,44.954247,0.178285,0.208164,,,,-0.063247,0.501445,-3.012105,,,,,,
24715,,,,,,,,,,,,,,,,,,,,-0.096862,0.497149,-2.950780,,,,,,
24718,-0.095601,0.497172,-2.949570,-0.093691,0.491144,-2.953098,0.628319,1.256637,0.686687,0.652435,35.767136,42.364834,36.865566,43.814472,0.155964,0.177562,-0.000724,0.006281,-0.003528,,,,,,,,,
24722,,,,,,,,,,,,,,,,,,,,-0.103855,0.495877,-2.937033,,,,,,
24729,,,,,,,,,0.686687,1.957303,,,38.642288,45.578182,0.137621,0.159282,,,,-0.110596,0.494622,-2.923172,,,,,,
24739,,,,,,,,,0.631752,0.652435,,,37.959049,45.428539,0.144015,0.160166,,,,,,,,,,,,
24744,,,,,,,,,,,,,,,,,,,,-0.117308,0.493076,-2.909207,,,,,,
24749,,,,,,,,,0.604285,1.304869,,,37.928715,44.758087,0.143886,0.166392,,,,,,,,,,,,
24752,,,,,,,,,,,,,,,,,,,,-0.123692,0.491689,-2.892499,,,,,,
24759,,,,,,,,,0.686687,1.957303,,,37.358646,44.738510,0.149269,0.166113,,,,-0.130081,0.490167,-2.881245,,,,,,
24768,-0.129987,0.490074,-2.878769,-0.124345,0.484292,-2.890266,0.628319,1.256637,0.466947,0.652434,35.009094,41.305843,36.334450,43.088409,0.151665,0.171668,-0.003946,0.007049,-0.011497,,,,,,,,,
24774,,,,,,,,,,,,,,,,,,,,-0.136440,0.488744,-2.869965,,,,,,
24779,,,,,,,,,0.796557,0.652434,,,37.650864,44.422729,0.137973,0.157701,,,,,,,,,,,,
24782,,,,,,,,,,,,,,,,,,,,-0.142800,0.487022,-2.858860,,,,,,
24789,,,,,,,,,0.631752,1.957303,,,37.669407,44.456341,0.137255,0.156735,,,,,,,,,,,,
24795,,,,,,,,,,,,,,,,,,,,-0.148947,0.485356,-2.847640,,,,,,
24799,,,,,,,,,0.631752,1.957303,,,37.140465,43.940079,0.142118,0.161371,,,,,,,,,,,,
24803,,,,,,,,,,,,,,,,,,,,-0.155008,0.483600,-2.839168,,,,,,
24809,,,,,,,,,0.604285,0.000000,,,37.239956,43.505695,0.140677,0.165274,,,,-0.160901,0.481824,-2.825103,,,,,,
24818,-0.160753,0.481847,-2.829607,-0.154508,0.475528,-2.827434,0.628319,1.256637,0.659220,1.304869,34.715534,41.572163,35.690041,42.051117,0.153046,0.182388,-0.004004,0.007931,0.002173,,,,,,,,,
24830,,,,,,,,,0.329610,1.304868,,,34.385941,40.827236,0.166153,0.194775,,,,-0.166889,0.480031,-2.811107,,,,,,
24833,,,,,,,,,,,,,,,,,,,,-0.172653,0.478108,-2.802657,,,,,,
24839,,,,,,,,,0.933894,1.304869,,,37.100471,44.153809,0.138531,0.160993,,,,-0.178435,0.476254,-2.791424,,,,,,
24849,,,,,,,,,0.631752,1.957303,,,37.206306,43.685528,0.136974,0.165254,,,,,,,,,,,,
24859,,,,,,,,,0.576817,0.652434,,,36.750813,43.291515,0.141122,0.168850,,,,,,,,,,,,
24868,-0.179242,0.475942,-2.791891,-0.184062,0.464888,-2.764601,0.628319,1.256637,0.466947,0.652434,37.659500,45.528507,35.278473,41.326363,0.185761,0.228905,0.008315,0.008734,0.027290,,,,,,,,,
24871,,,,,,,,,,,,,,,,,,,,-0.195303,0.470151,-2.751897,,,,,,
24879,,,,,,,,,0.741622,1.957302,,,36.217819,42.940144,0.176656,0.213285,,,,,,,,,,,,
24884,,,,,,,,,,,,,,,,,,,,-0.201273,0.467725,-2.737911,,,,,,
24890,,,,,,,,,0.302142,0.652434,,,33.196384,39.397091,0.207763,0.249942,,,,-0.206957,0.465471,-2.726602,,,,,,
24899,,,,,,,,,0.961362,1.957303,,,36.099583,43.495029,0.179043,0.209369,,,,-0.212569,0.463269,-2.712446,,,,,,
24909,,,,,,,,,0.631752,1.957303,,,36.364159,43.675774,0.176656,0.207932,,,,,,,,,,,,
24914,,,,,,,,,,,,,,,,,,,,-0.217947,0.461038,-2.695346,,,,,,
24918,-0.217142,0.461260,-2.695238,-0.212890,0.452414,-2.701770,0.628319,1.256637,0.494415,1.304868,35.990139,42.538731,34.953144,42.194221,0.174280,0.192919,-0.000017,0.009815,-0.006532,,,,,,,,,
24921,,,,,,,,,,,,,,,,,,,,-0.223617,0.458787,-2.681041,,,,,,
24929,,,,,,,,,0.769089,1.304867,,,36.488632,43.670361,0.158826,0.177931,,,,,,,,,,,,
24935,,,,,,,,,,,,,,,,,,,,-0.229641,0.456140,-2.663965,,,,,,
24939,,,,,,,,,0.659220,2.609737,,,36.146961,43.823299,0.162211,0.176145,,,,,,,,,,,,
24943,,,,,,,,,,,,,,,,,,,,-0.235356,0.453522,-2.646816,,,,,,
24949,,,,,,,,,0.604285,1.304869,,,35.859482,43.951981,0.165112,0.174575,,,,-0.241474,0.450579,-2.632568,,,,,,
24959,,,,,,,,,0.659220,1.304869,,,35.617596,43.515709,0.167605,0.178743,,,,,,,,,,,,
24965,,,,,,,,,,,,,,,,,,,,-0.247107,0.447606,-2.615420,,,,,,
24968,-0.247046,0.447474,-2.616647,-0.240877,0.438153,-2.638938,0.628319,1.256637,0.439480,1.304869,36.097618,42.047607,34.324986,42.059544,0.181961,0.188391,-0.000667,0.011158,-0.022292,,,,,,,,,
24973,,,,,,,,,,,,,,,,,,,,-0.252851,0.444433,-2.604014,,,,,,
24979,,,,,,,,,0.824024,1.304869,,,36.504642,44.101585,0.160083,0.167560,,,,-0.258248,0.441336,-2.592519,,,,,,
24989,,,,,,,,,0.604285,1.304869,,,36.160435,43.641586,0.163512,0.171841,,,,,,,,,,,,
24994,,,,,,,,,,,,,,,,,,,,-0.263781,0.438074,-2.581020,,,,,,
24999,,,,,,,,,0.631752,0.652435,,,36.415359,43.254543,0.160900,0.175470,,,,,,,,,,,,
25002,,,,,,,,,,,,,,,,,,,,-0.269331,0.434777,-2.566517,,,,,,
25009,,,,,,,,,0.659220,1.304869,,,36.629852,42.928886,0.158648,0.178550,,,,-0.274619,0.431486,-2.557849,,,,,,
25018,-0.274653,0.431365,-2.557310,-0.267913,0.422164,-2.576106,0.628319,1.256637,0.466947,0.652434,36.062767,42.156090,35.176697,41.565792,0.173008,0.193384,-0.000546,0.011393,-0.018796,,,,,,,,,
25024,,,,,,,,,,,,,,,,,,,,-0.280228,0.427963,-2.546314,,,,,,
25029,,,,,,,,,0.796557,0.652434,,,36.676731,43.141602,0.157885,0.177429,,,,,,,,,,,,
25032,,,,,,,,,,,,,,,,,,,,-0.285604,0.424472,-2.537705,,,,,,
25039,,,,,,,,,0.604285,1.304869,,,36.849773,42.833855,0.155997,0.180371,,,,,,,,,,,,
25046,,,,,,,,,,,,,,,,,,,,-0.290771,0.421046,-2.528999,,,,,,
25049,,,,,,,,,0.659220,1.304869,,,36.450825,42.574917,0.159909,0.182876,,,,,,,,,,,,
25053,,,,,,,,,,,,,,,,,,,,-0.295708,0.417613,-2.517251,,,,,,
25059,,,,,,,,,0.604285,1.304869,,,36.659695,42.901592,0.157701,0.179460,,,,-0.300855,0.414072,-2.505573,,,,,,
25070,-0.300726,0.414059,-2.504441,-0.293893,0.404508,-2.513274,0.628319,1.256637,0.576817,0.652434,36.074024,42.569553,36.290894,42.087368,0.161458,0.191834,0.000190,0.011742,-0.008833,,,,,,,,,
25075,,,,,,,,,,,,,,,,,,,,-0.306325,0.410441,-2.499774,,,,,,
25079,,,,,,,,,0.686687,1.957303,,,36.525127,42.491367,0.159026,0.187809,,,,,,,,,,,,
25083,,,,,,,,,,,,,,,,,,,,-0.311393,0.406832,-2.488165,,,,,,
25089,,,,,,,,,0.631752,0.652435,,,36.722214,42.286751,0.156925,0.189912,,,,-0.316443,0.403052,-2.476495,,,,,,
25099,,,,,,,,,0.631752,0.652435,,,36.343498,42.659130,0.160659,0.186170,,,,,,,,,,,,
25109,,,,,,,,,0.329610,1.304868,,,37.113934,42.972450,0.152746,0.182957,,,,,,,,,,,,
25118,-0.316211,0.403120,-2.473366,-0.318712,0.385257,-2.450443,0.628319,1.256637,0.769089,1.304867,39.039745,46.809708,35.039459,41.057903,0.203948,0.245654,0.013031,0.012471,0.022923,,,,,,,,,
25121,,,,,,,,,,,,,,,,,,,,-0.331431,0.391637,-2.438184,,,,,,
25129,,,,,,,,,0.769089,2.609737,,,36.016716,43.258804,0.194780,0.224355,,,,,,,,,,,,
25134,,,,,,,,,,,,,,,,,,,,-0.336397,0.387564,-2.423439,,,,,,
25139,,,,,,,,,0.631752,0.652435,,,36.294434,42.932472,0.192552,0.228394,,,,,,,,,,,,
25142,,,,,,,,,,,,,,,,,,,,-0.341254,0.383435,-2.411578,,,,,,
25149,,,,,,,,,0.659220,1.304869,,,36.528107,43.202438,0.190718,0.226416,,,,,,,,,,,,
25159,,,,,,,,,0.686687,1.957303,,,36.724720,43.974129,0.189215,0.219266,,,,,,,,,,,,
25163,,,,,,,,,,,,,,,,,,,,-0.351378,0.374465,-2.387812,,,,,,
25170,-0.350600,0.374978,-2.386782,-0.342274,0.364484,-2.387611,0.628319,1.256637,0.824024,1.304869,36.163925,43.008907,38.523781,45.712517,0.141994,0.163333,0.001125,0.013348,-0.000829,,,,,,,,,
25173,,,,,,,,,,,,,,,,,,,,-0.356192,0.370132,-2.372955,,,,,,
25179,,,,,,,,,0.521882,1.957302,,,36.770248,43.907936,0.159408,0.181199,,,,,,,,,,,,
25185,,,,,,,,,,,,,,,,,,,,-0.361050,0.365443,-2.358037,,,,,,
25189,,,,,,,,,0.686687,0.652435,,,36.928455,44.023193,0.157673,0.179844,,,,,,,,,,,,
25193,,,,,,,,,,,,,,,,,,,,-0.365903,0.360801,-2.343016,,,,,,
25199,,,,,,,,,0.631752,1.957303,,,37.061573,44.120171,0.156162,0.178652,,,,-0.370894,0.356068,-2.327942,,,,,,
25209,,,,,,,,,0.631752,0.652435,,,37.173576,44.201767,0.154840,0.177597,,,,,,,,,,,,
25215,,,,,,,,,,,,,,,,,,,,-0.375654,0.351194,-2.312856,,,,,,
25218,-0.375447,0.351337,-2.316323,-0.364484,0.342274,-2.324779,0.628319,1.256637,0.521882,0.652434,35.770073,42.329384,36.178730,42.636791,0.160769,0.186390,-0.000778,0.014202,-0.008456,,,,,,,,,
25222,,,,,,,,,,,,,,,,,,,,-0.380312,0.346497,-2.297742,,,,,,
25229,,,,,,,,,0.769089,1.304867,,,37.519840,44.042740,0.147008,0.171988,,,,-0.385240,0.341316,-2.285573,,,,,,
25239,,,,,,,,,0.659220,1.304869,,,37.014622,44.136620,0.151811,0.170688,,,,,,,,,,,,
25244,,,,,,,,,,,,,,,,,,,,-0.389731,0.336305,-2.270324,,,,,,
25249,,,,,,,,,0.659220,2.609737,,,36.589531,44.215607,0.155898,0.169521,,,,,,,,,,,,
25252,,,,,,,,,,,,,,,,,,,,-0.394148,0.331194,-2.261217,,,,,,
25259,,,,,,,,,0.631752,0.652435,,,36.776402,44.282066,0.153828,0.168466,,,,-0.398438,0.326187,-2.248929,,,,,,
25268,-0.398269,0.326316,-2.251848,-0.385257,0.318712,-2.261947,0.628319,1.256637,0.521882,-0.652434,35.371414,41.879295,36.933636,42.159813,0.147956,0.185131,-0.002285,0.014897,-0.010099,,,,,,,,,
25274,,,,,,,,,,,,,,,,,,,,-0.402592,0.321093,-2.233546,,,,,,
25279,,,,,,,,,0.714154,3.914605,,,36.521389,44.185951,0.151849,0.164409,,,,,,,,,,,,
25282,,,,,,,,,,,,,,,,,,,,-0.406514,0.316200,-2.224313,,,,,,
25289,,,,,,,,,0.631752,0.652435,,,36.719067,43.712570,0.149603,0.168776,,,,-0.410467,0.311393,-2.211920,,,,,,
25299,,,,,,,,,0.659220,1.304869,,,36.885391,43.858814,0.147637,0.166917,,,,,,,,,,,,
25304,,,,,,,,,,,,,,,,,,,,-0.414262,0.306416,-2.202652,,,,,,
25309,,,,,,,,,0.631752,1.957303,,,36.480797,43.437321,0.151461,0.170821,,,,-0.417917,0.301485,-2.190247,,,,,,
25318,-0.417840,0.301435,-2.187206,-0.404508,0.293893,-2.199115,0.628319,1.256637,0.494415,0.000000,35.608711,42.051563,35.595825,41.993587,0.162686,0.186992,-0.001554,0.015238,-0.011909,,,,,,,,,
25329,,,,,,,,,0.412012,0.652434,,,37.573929,44.046089,0.142512,0.166068,,,,-0.421852,0.296140,-2.177747,,,,,,
25333,,,,,,,,,,,,,,,,,,,,-0.425707,0.290866,-2.168340,,,,,,
25339,,,,,,,,,0.988829,1.304868,,,36.515587,43.050350,0.152914,0.175826,,,,-0.429462,0.285841,-2.152543,,,,,,
25349,,,,,,,,,0.631752,1.957303,,,36.714184,42.757076,0.150707,0.178618,,,,,,,,,,,,
25359,,,,,,,,,0.604285,1.304869,,,36.336742,43.054859,0.154336,0.175439,,,,,,,,,,,,
25368,-0.429890,0.285037,-2.149979,-0.422164,0.267913,-2.136283,0.628319,1.256637,0.494415,1.304868,38.372417,45.843102,34.930077,41.671783,0.196728,0.228020,0.010103,0.015839,0.013696,,,,,,,,,
25371,,,,,,,,,,,,,,,,,,,,-0.440438,0.270611,-2.114371,,,,,,
25379,,,,,,,,,0.796557,1.957302,,,36.469223,43.230782,0.181717,0.212952,,,,,,,,,,,,
25389,,,,,,,,,0.329610,0.000000,,,37.219719,43.997978,0.174443,0.205649,,,,-0.443773,0.265652,-2.101731,,,,,,
25393,,,,,,,,,,,,,,,,,,,,-0.447062,0.260577,-2.088987,,,,,,
25399,,,,,,,,,0.988829,2.609737,,,36.217556,43.554413,0.184895,0.210543,,,,-0.450137,0.255535,-2.076256,,,,,,
25409,,,,,,,,,0.604285,1.304869,,,36.463421,43.725739,0.182818,0.209253,,,,,,,,,,,,
25415,,,,,,,,,,,,,,,,,,,,-0.453628,0.249939,-2.063355,,,,,,
25418,-0.452950,0.250716,-2.065153,-0.438153,0.240877,-2.073451,0.628319,1.256637,0.494415,1.304868,36.412487,43.047325,35.036663,42.236263,0.177762,0.196352,0.001640,0.017694,-0.008298,,,,,,,,,
25422,,,,,,,,,,,,,,,,,,,,-0.456761,0.244812,-2.047146,,,,,,
25429,,,,,,,,,0.796557,1.957302,,,36.558907,44.250278,0.162510,0.175971,,,,-0.459895,0.239254,-2.030909,,,,,,
25439,,,,,,,,,0.659220,1.304869,,,36.750633,44.311241,0.160525,0.175109,,,,,,,,,,,,
25444,,,,,,,,,,,,,,,,,,,,-0.463157,0.233452,-2.017822,,,,,,
25449,,,,,,,,,0.659220,1.304869,,,36.367409,44.362534,0.164366,0.174333,,,,,,,,,,,,
25452,,,,,,,,,,,,,,,,,,,,-0.466376,0.227533,-2.001425,,,,,,
25459,,,,,,,,,0.631752,1.957303,,,36.589508,43.861149,0.162110,0.179184,,,,,,,,,,,,
25466,-0.469076,0.221771,-1.986472,-0.452414,0.212890,-2.010619,0.628319,1.256637,,,,,,,,,,,,-0.469302,0.221729,-1.988225,,,,,,
25469,,,,,,,,,0.466947,0.652434,36.637070,42.665661,35.142754,42.350197,0.179122,0.190540,0.001397,0.018829,-0.024147,,,,,,,,,
25474,,,,,,,,,,,,,,,,,,,,-0.471940,0.215960,-1.971650,,,,,,
25479,,,,,,,,,0.796557,1.957302,,,36.648170,44.346142,0.164066,0.170244,,,,,,,,,,,,
25482,,,,,,,,,,,,,,,,,,,,-0.474489,0.210292,-1.958398,,,,,,
25489,,,,,,,,,0.686687,0.652435,,,36.825741,44.391899,0.162252,0.169442,,,,-0.477096,0.204406,-1.948418,,,,,,
25499,,,,,,,,,0.604285,1.304869,,,36.975147,43.885857,0.160691,0.174258,,,,,,,,,,,,
25509,,,,,,,,,0.604285,1.304869,,,36.556316,43.460072,0.164895,0.178357,,,,,,,,,,,,
25518,-0.477376,0.203513,-1.946138,-0.464888,0.184062,-1.947788,0.628319,1.256637,0.494415,0.000000,39.612362,46.531933,35.659370,41.468185,0.204408,0.237951,0.013519,0.018749,-0.001649,,,,,,,,,
25526,,,,,,,,,,,,,,,,,,,,-0.484539,0.185941,-1.918098,,,,,,
25529,,,,,,,,,0.824024,1.304869,,,37.627396,43.604015,0.185125,0.217179,,,,,,,,,,,,
25533,,,,,,,,,,,,,,,,,,,,-0.486707,0.179945,-1.907966,,,,,,
25539,,,,,,,,,0.659220,1.304869,,,37.649662,43.767475,0.185295,0.216097,,,,-0.488826,0.174122,-1.901140,,,,,,
25549,,,,,,,,,0.686687,0.652435,,,38.212940,43.905010,0.179942,0.215247,,,,,,,,,,,,
25559,,,,,,,,,0.631752,1.957303,,,37.597794,44.020733,0.186496,0.214592,,,,,,,,,,,,
25568,-0.488725,0.174081,-1.896706,-0.475528,0.154508,-1.884956,0.628319,1.256637,0.521882,0.652434,39.568161,47.019814,36.535667,42.484470,0.197282,0.235740,0.014317,0.018769,0.011751,-0.495174,0.155844,-1.866975,,,,,,
25579,,,,,,,,,0.851492,1.957303,,,38.364712,44.459118,0.179232,0.216506,,,,,,,,,,,,
25584,,,,,,,,,,,,,,,,,,,,-0.497525,0.149068,-1.853145,,,,,,
25589,,,,,,,,,0.659220,1.304869,,,38.270039,45.031502,0.180439,0.211180,,,,,,,,,,,,
25595,,,,,,,,,,,,,,,,,,,,-0.497525,0.149068,-1.853145,,,,,,
25599,,,,,,,,,0.714154,1.304868,,,38.190380,44.968563,0.181511,0.212219,,,,,,,,,,,,
25602,,,,,,,,,,,,,,,,,,,,-0.499664,0.142643,-1.842703,,,,,,
25609,,,,,,,,,0.714154,1.304868,,,35.400639,41.648346,0.210242,0.246496,,,,-0.501714,0.136302,-1.828778,,,,,,
25618,-0.501490,0.136603,-1.829006,-0.484292,0.124345,-1.822124,0.628319,1.256637,0.466947,0.652434,37.728195,45.006317,37.954239,44.300148,0.166261,0.199984,0.007460,0.019758,0.006883,-0.503490,0.129879,-1.814787,,,,,,
25625,,,,,,,,,,,,,,,,,,,,-0.505339,0.123302,-1.797161,,,,,,
25629,,,,,,,,,0.851492,3.262170,,,39.013752,46.531372,0.155409,0.177367,,,,,,,,,,,,
25633,,,,,,,,,,,,,,,,,,,,-0.507250,0.116719,-1.782994,,,,,,
25639,,,,,,,,,0.659220,1.304869,,,38.816139,46.775093,0.157167,0.174576,,,,,,,,,,,,
25642,,,,,,,,,,,,,,,,,,,,-0.509025,0.109828,-1.768700,,,,,,
25649,,,,,,,,,0.686687,0.652435,,,38.649868,46.435619,0.158646,0.177685,,,,,,,,,,,,
25656,,,,,,,,,,,,,,,,,,,,-0.510582,0.102798,-1.750713,,,,,,
25659,,,,,,,,,0.631752,1.957303,,,38.509968,46.149986,0.159888,0.180312,,,,,,,,,,,,
25663,,,,,,,,,,,,,,,,,,,,-0.512032,0.095809,-1.732582,,,,,,
25670,-0.511698,0.096640,-1.732465,-0.491144,0.093691,-1.759293,0.628319,1.256637,0.824024,1.304869,36.163471,42.124046,40.025887,47.543285,0.128309,0.136473,-0.000398,0.020761,-0.026828,,,,,,,,,
25673,,,,,,,,,,,,,,,,,,,,-0.513120,0.088661,-1.717962,,,,,,
25679,,,,,,,,,0.494415,1.304868,,,38.034122,45.448345,0.147853,0.156757,,,,-0.514087,0.081783,-1.706992,,,,,,
25689,,,,,,,,,0.659220,1.304869,,,37.447338,44.774750,0.153464,0.162963,,,,-0.514087,0.081783,-1.706992,,,,,,
25697,,,,,,,,,0.604285,1.304869,,,37.498161,44.752529,0.152689,0.162660,,,,-0.514872,0.074855,-1.695959,,,,,,
25709,,,,,,,,,0.521882,4.567040,,,34.818207,40.922031,0.179757,0.201205,,,,,,,,,,,,
25718,-0.514742,0.074497,-1.679862,-0.496057,0.062667,-1.696460,0.628319,1.256637,0.631752,-3.262170,38.825653,45.174210,36.919640,43.144482,0.185746,0.209888,0.009726,0.019862,-0.016598,-0.517563,0.054831,-1.662376,,,,,,
25729,,,,,,,,,0.851492,1.957303,,,38.687786,45.558994,0.168092,0.185666,,,,,,,,,,,,
25734,,,,,,,,,,,,,,,,,,,,-0.518230,0.048330,-1.654863,,,,,,
25739,,,,,,,,,0.631752,0.652435,,,38.541874,44.867851,0.169608,0.192639,,,,,,,,,,,,
25743,,,,,,,,,,,,,,,,,,,,-0.518995,0.041971,-1.643464,,,,,,
25749,,,,,,,,,0.686687,0.652435,,,38.963646,44.830868,0.165363,0.193077,,,,,,,,,,,,
25752,,,,,,,,,,,,,,,,,,,,-0.519609,0.035750,-1.636016,,,,,,
25759,,,,,,,,,0.714154,1.304868,,,38.773983,44.799747,0.167270,0.193463,,,,-0.520083,0.029484,-1.624708,,,,,,
25770,-0.519866,0.030274,-1.623866,-0.499013,0.031395,-1.633628,0.628319,1.256637,0.741622,1.957302,35.323288,41.960941,39.703487,44.773563,0.122075,0.161030,-0.002226,0.020764,-0.009762,,,,,,,,,
25774,,,,,,,,,,,,,,,,,,,,-0.520647,0.023036,-1.609393,,,,,,
25779,,,,,,,,,0.494415,1.304868,,,37.762856,44.206989,0.140993,0.166247,,,,-0.521320,0.016326,-1.597649,,,,,,
25789,,,,,,,,,0.604285,1.304869,,,37.219093,43.730274,0.146052,0.170660,,,,,,,,,,,,
25795,,,,,,,,,,,,,,,,,,,,-0.521945,0.009582,-1.585941,,,,,,
25799,,,,,,,,,0.604285,1.304869,,,36.761574,43.329166,0.150339,0.174397,,,,,,,,,,,,
25803,,,,,,,,,,,,,,,,,,,,-0.522340,0.002917,-1.570244,,,,,,
25809,,,,,,,,,0.576817,0.652434,,,36.376614,42.991673,0.153978,0.177566,,,,-0.522419,-0.003727,-1.555828,,,,,,
25818,-0.522288,-0.003292,-1.558802,-0.500000,0.000000,-1.570796,0.628319,1.256637,0.604285,3.914605,35.126369,41.706451,34.963623,41.618618,0.166171,0.188769,-0.003025,0.022325,-0.011994,,,,,,,,,
25829,,,,,,,,,0.384545,-1.304868,,,33.774734,40.463333,0.178331,0.200571,,,,-0.522383,-0.010341,-1.544294,,,,,,
25832,,,,,,,,,,,,,,,,,,,,-0.522181,-0.016707,-1.532843,,,,,,
25839,,,,,,,,,1.016297,1.957302,,,37.130749,44.392166,0.144370,0.160745,,,,-0.521914,-0.023128,-1.521229,,,,,,
25849,,,,,,,,,0.576817,0.652434,,,37.231781,43.886082,0.142938,0.165370,,,,,,,,,,,,
25854,,,,,,,,,,,,,,,,,,,,-0.521622,-0.029334,-1.505994,,,,,,
25859,,,,,,,,,0.631752,1.957303,,,36.772247,43.460262,0.147204,0.169278,,,,-0.521357,-0.035285,-1.494552,,,,,,
25868,-0.521281,-0.035247,-1.491733,-0.499013,-0.031395,-1.507964,0.628319,1.256637,0.549350,2.609737,35.471687,41.887180,35.296509,43.646523,0.165450,0.168871,-0.002081,0.022503,-0.016231,,,,,,,,,
25875,,,,,,,,,,,,,,,,,,,,-0.520848,-0.041155,-1.483029,,,,,,
25879,,,,,,,,,0.659220,-1.304869,,,36.777538,42.714153,0.150379,0.178029,,,,,,,,,,,,
25883,,,,,,,,,,,,,,,,,,,,-0.520317,-0.046971,-1.471629,,,,,,
25889,,,,,,,,,0.659220,1.304869,,,36.934589,43.018745,0.148515,0.174757,,,,-0.519671,-0.052982,-1.456702,,,,,,
25899,,,,,,,,,0.631752,1.957303,,,36.522190,42.730484,0.152429,0.177471,,,,,,,,,,,,
25909,,,,,,,,,0.576817,0.652434,,,36.175198,42.487942,0.155759,0.179776,,,,,,,,,,,,
25918,-0.519575,-0.053903,-1.456904,-0.496057,-0.062667,-1.445132,0.628319,1.256637,0.439480,1.304869,38.705917,46.229832,34.249607,40.650238,0.208248,0.242695,0.011380,0.022370,0.011772,-0.518105,-0.071805,-1.423888,,,,,,
25929,,,,,,,,,0.796557,0.652434,,,35.896679,42.371254,0.192339,0.226257,,,,,,,,,,,,
25934,,,,,,,,,,,,,,,,,,,,-0.517364,-0.077896,-1.412953,,,,,,
25939,,,,,,,,,0.631752,1.957303,,,36.193436,42.730228,0.189874,0.223367,,,,,,,,,,,,
25942,,,,,,,,,,,,,,,,,,,,-0.516703,-0.083637,-1.398184,,,,,,
25949,,,,,,,,,0.686687,1.957303,,,35.898582,43.032272,0.193384,0.220986,,,,-0.515916,-0.089599,-1.383680,,,,,,
25959,,,,,,,,,0.604285,1.304869,,,36.195038,43.286411,0.190922,0.219033,,,,,,,,,,,,
25965,,,,,,,,,,,,,,,,,,,,-0.514951,-0.096050,-1.369413,,,,,,
25968,-0.514964,-0.095021,-1.371284,-0.491144,-0.093691,-1.382301,0.628319,1.256637,0.494415,1.304868,36.906441,43.550800,34.810844,41.866611,0.187188,0.206778,0.003417,0.023611,-0.011017,,,,,,,,,
25972,,,,,,,,,,,,,,,,,,,,-0.513998,-0.102358,-1.355113,,,,,,
25979,,,,,,,,,0.824024,1.304869,,,36.368900,43.939251,0.171715,0.185974,,,,-0.512666,-0.109053,-1.340929,,,,,,
25989,,,,,,,,,0.659220,1.304869,,,36.590763,44.049541,0.169559,0.184771,,,,,,,,,,,,
25994,,,,,,,,,,,,,,,,,,,,-0.511374,-0.115380,-1.323347,,,,,,
25999,,,,,,,,,0.631752,1.957303,,,36.777439,44.142342,0.167719,0.183725,,,,,,,,,,,,
26002,,,,,,,,,,,,,,,,,,,,-0.509851,-0.121905,-1.309283,,,,,,
26009,,,,,,,,,0.631752,0.652435,,,36.389965,43.675880,0.171697,0.188364,,,,-0.508126,-0.128242,-1.298913,,,,,,
26018,-0.508124,-0.128042,-1.302250,-0.484292,-0.124345,-1.319470,0.628319,1.256637,0.521882,1.957302,36.837463,43.242638,35.519402,42.738853,0.179976,0.194754,0.002759,0.023959,-0.017220,,,,,,,,,
26024,,,,,,,,,,,,,,,,,,,,-0.506471,-0.134703,-1.285091,,,,,,
26029,,,,,,,,,0.851492,0.652435,,,34.786907,41.405899,0.187711,0.208451,,,,-0.504840,-0.141130,-1.274737,,,,,,
26039,,,,,,,,,0.659220,1.304869,,,37.982391,45.185238,0.155527,0.170269,,,,,,,,,,,,
26046,,,,,,,,,,,,,,,,,,,,-0.503157,-0.147331,-1.264345,,,,,,
26049,,,,,,,,,0.631752,1.957303,,,37.948353,44.553371,0.155645,0.176325,,,,,,,,,,,,
26053,,,,,,,,,,,,,,,,,,,,-0.501349,-0.153824,-1.254059,,,,,,
26059,,,,,,,,,0.631752,0.652435,,,37.919716,44.566261,0.155715,0.175932,,,,-0.499354,-0.159955,-1.240412,,,,,,
26068,-0.499339,-0.159820,-1.242865,-0.475528,-0.154508,-1.256638,0.628319,1.256637,0.494415,0.000000,36.735046,43.282810,36.806534,42.398933,0.165809,0.198184,0.002641,0.024253,-0.013772,,,,,,,,,
26075,,,,,,,,,,,,,,,,,,,,-0.497250,-0.166208,-1.230267,,,,,,
26079,,,,,,,,,0.824024,1.304869,,,38.048077,44.387150,0.153131,0.178080,,,,,,,,,,,,
26083,,,,,,,,,,,,,,,,,,,,-0.495145,-0.172796,-1.213361,,,,,,
26089,,,,,,,,,0.604285,2.609737,,,37.459080,44.426403,0.158876,0.177459,,,,,,,,,,,,
26093,,,,,,,,,,,,,,,,,,,,-0.495145,-0.172796,-1.213361,,,,,,
26099,,,,,,,,,0.686687,0.652435,,,37.508041,43.914886,0.158232,0.182448,,,,-0.492864,-0.179273,-1.203359,,,,,,
26108,,,,,,,,,0.631752,1.957303,,,37.549236,44.029041,0.157657,0.181157,,,,-0.490619,-0.185582,-1.190042,,,,,,
26116,-0.488288,-0.191593,-1.177091,-0.464888,-0.184062,-1.193806,0.628319,1.256637,,,,,,,,,,,,-0.488333,-0.191810,-1.180028,,,,,,
26119,,,,,,,,,0.659220,1.304869,36.615204,43.051102,35.950268,42.491463,0.172581,0.194328,0.002022,0.024498,-0.016715,,,,,,,,,
26124,,,,,,,,,,,,,,,,,,,,-0.485954,-0.197887,-1.169947,,,,,,
26129,,,,,,,,,0.631752,0.652435,,,37.872154,44.465004,0.153111,0.174310,,,,-0.483621,-0.203717,-1.159980,,,,,,
26139,,,,,,,,,0.631752,0.652435,,,37.855602,43.947369,0.153028,0.179307,,,,,,,,,,,,
26149,,,,,,,,,0.686687,1.957303,,,37.841675,44.600914,0.152922,0.172461,,,,-0.481332,-0.209468,-1.146735,,,,,,
26153,,,,,,,,,,,,,,,,,,,,-0.479179,-0.214945,-1.130258,,,,,,
26159,,,,,,,,,0.604285,1.304869,,,37.285412,44.061722,0.158351,0.177651,,,,-0.476929,-0.220515,-1.117180,,,,,,
26168,-0.476835,-0.220397,-1.116736,-0.452414,-0.212890,-1.130973,0.628319,1.256637,0.494415,1.304868,37.106728,43.655609,35.728287,42.518959,0.179113,0.199351,0.003965,0.025239,-0.014237,,,,,,,,,
26175,,,,,,,,,,,,,,,,,,,,-0.474173,-0.226494,-1.104131,,,,,,
26179,,,,,,,,,0.741622,1.957302,,,36.596294,43.943596,0.170535,0.185047,,,,,,,,,,,,
26183,,,,,,,,,,,,,,,,,,,,-0.471368,-0.232408,-1.091157,,,,,,
26189,,,,,,,,,0.659220,1.304869,,,36.782093,43.508656,0.168742,0.189426,,,,-0.468633,-0.238186,-1.078231,,,,,,
26199,,,,,,,,,0.576817,0.652434,,,36.393879,43.142696,0.172767,0.193188,,,,,,,,,,,,
26209,,,,,,,,,0.659220,1.304869,,,36.611778,43.379322,0.170687,0.190877,,,,,,,,,,,,
26218,-0.468033,-0.239141,-1.075989,-0.438153,-0.240877,-1.068141,0.628319,1.256637,0.494415,1.304868,39.974152,47.403923,35.161491,41.944786,0.214826,0.243797,0.015717,0.025472,0.007848,,,,,,,,,
26226,,,,,,,,,,,,,,,,,,,,-0.459923,-0.255203,-1.039732,,,,,,
26229,,,,,,,,,0.824024,1.304869,,,37.208481,44.005028,0.194910,0.223875,,,,,,,,,,,,
26233,,,,,,,,,,,,,,,,,,,,-0.456912,-0.260778,-1.027001,,,,,,
26239,,,,,,,,,0.659220,1.304869,,,37.297184,44.104885,0.194558,0.223536,,,,-0.453518,-0.266611,-1.014303,,,,,,
26249,,,,,,,,,0.659220,1.304869,,,37.371822,44.188908,0.194332,0.223339,,,,,,,,,,,,
26259,,,,,,,,,0.659220,1.304869,,,37.434620,44.259602,0.194212,0.223261,,,,,,,,,,,,
26263,,,,,,,,,,,,,,,,,,,,-0.446432,-0.278434,-0.989118,,,,,,
26268,-0.446849,-0.277525,-0.990935,-0.422164,-0.267913,-1.005309,0.628319,1.256637,0.521882,0.652434,37.529999,44.086876,36.398373,42.685455,0.180359,0.206112,0.005485,0.025916,-0.014374,,,,,,,,,
26271,,,,,,,,,,,,,,,,,,,,-0.442687,-0.284421,-0.973381,,,,,,
26279,,,,,,,,,0.851492,1.957303,,,38.249191,45.172771,0.161707,0.181022,,,,,,,,,,,,
26285,,,,,,,,,,,,,,,,,,,,-0.438913,-0.290186,-0.960944,,,,,,
26289,,,,,,,,,0.631752,1.957303,,,37.628296,45.087425,0.167896,0.181675,,,,,,,,,,,,
26293,,,,,,,,,,,,,,,,,,,,-0.435233,-0.295964,-0.948447,,,,,,
26299,,,,,,,,,0.686687,0.652435,,,38.194962,45.015617,0.162097,0.182207,,,,-0.431289,-0.301897,-0.935966,,,,,,
26309,,,,,,,,,0.357077,0.652434,,,35.404495,41.687935,0.190427,0.215964,,,,,,,,,,,,
26315,,,,,,,,,,,,,,,,,,,,-0.427331,-0.307701,-0.923548,,,,,,
26318,-0.428124,-0.306406,-0.926466,-0.404508,-0.293893,-0.942477,0.628319,1.256637,0.824024,1.304869,37.190216,43.691696,37.412941,43.788914,0.166900,0.190983,0.004182,0.026397,-0.016011,,,,,,,,,
26323,,,,,,,,,,,,,,,,,,,,-0.423362,-0.313172,-0.908128,,,,,,
26329,,,,,,,,,0.878959,1.304869,,,39.647392,46.101219,0.144064,0.167378,,,,-0.419339,-0.318457,-0.895868,,,,,,
26339,,,,,,,,,0.686687,1.957303,,,39.349285,46.413166,0.146613,0.163714,,,,,,,,,,,,
26344,,,,,,,,,,,,,,,,,,,,-0.415061,-0.323742,-0.883655,,,,,,
26349,,,,,,,,,0.631752,0.652435,,,39.098457,45.586552,0.148740,0.171601,,,,,,,,,,,,
26352,,,,,,,,,,,,,,,,,,,,-0.410734,-0.329110,-0.874457,,,,,,
26359,,,,,,,,,0.631752,1.957303,,,38.342869,45.435581,0.156065,0.172762,,,,-0.406526,-0.334310,-0.865292,,,,,,
26370,-0.406651,-0.334012,-0.862215,-0.385257,-0.318712,-0.879647,0.628319,1.256637,0.851492,0.652435,36.691658,43.132893,39.885288,46.397640,0.135017,0.156901,0.002305,0.026200,-0.017431,,,,,,,,,
26374,,,,,,,,,,,,,,,,,,,,-0.402159,-0.339563,-0.853126,,,,,,
26379,,,,,,,,,0.494415,1.304868,,,38.460365,44.484402,0.148912,0.175763,,,,,,,,,,,,
26382,,,,,,,,,,,,,,,,,,,,-0.397897,-0.344694,-0.837990,,,,,,
26389,,,,,,,,,0.604285,1.304869,,,37.805977,44.508232,0.155233,0.175249,,,,,,,,,,,,
26396,,,,,,,,,,,,,,,,,,,,-0.393470,-0.349810,-0.825909,,,,,,
26399,,,,,,,,,0.631752,0.652435,,,37.799919,43.983738,0.155072,0.180324,,,,,,,,,,,,
26404,,,,,,,,,,,,,,,,,,,,-0.388869,-0.354749,-0.816910,,,,,,
26409,,,,,,,,,0.686687,1.957303,,,37.794823,44.086975,0.154902,0.179101,,,,,,,,,,,,
26412,,,,,,,,,,,,,,,,,,,,-0.384395,-0.359577,-0.807938,,,,,,
26418,-0.384290,-0.359532,-0.804283,-0.364484,-0.342274,-0.816815,0.628319,1.256637,0.494415,0.000000,36.316074,42.952431,36.701447,42.540207,0.162003,0.192847,0.001306,0.026238,-0.012532,,,,,,,,,
26429,,,,,,,,,0.824024,2.609737,,,37.959656,45.050560,0.149092,0.167323,,,,-0.380006,-0.364415,-0.795842,,,,,,
26434,,,,,,,,,,,,,,,,,,,,-0.375878,-0.369072,-0.786775,,,,,,
26439,,,,,,,,,0.604285,0.000000,,,37.929226,43.895512,0.149074,0.178685,,,,-0.371714,-0.373413,-0.774836,,,,,,
26449,,,,,,,,,0.659220,1.304869,,,37.903622,44.012741,0.149013,0.177301,,,,,,,,,,,,
26459,,,,,,,,,0.631752,1.957303,,,37.337536,43.566833,0.154469,0.181637,,,,,,,,,,,,
26463,,,,,,,,,,,,,,,,,,,,-0.363207,-0.382250,-0.747906,,,,,,
26470,-0.363052,-0.382167,-0.744429,-0.342274,-0.364484,-0.753983,0.628319,1.256637,0.769089,1.304867,36.810791,43.582073,37.950317,45.369820,0.153061,0.169546,0.003301,0.027084,-0.009554,,,,,,,,,
26473,,,,,,,,,,,,,,,,,,,,-0.358760,-0.386557,-0.733061,,,,,,
26479,,,,,,,,,0.494415,1.304868,,,36.287739,43.075050,0.169791,0.192595,,,,,,,,,,,,
26485,,,,,,,,,,,,,,,,,,,,-0.354123,-0.390984,-0.721216,,,,,,
26489,,,,,,,,,0.576817,0.652434,,,36.522472,42.777859,0.167501,0.195728,,,,,,,,,,,,
26493,,,,,,,,,,,,,,,,,,,,-0.349615,-0.395203,-0.709397,,,,,,
26499,,,,,,,,,0.631752,1.957303,,,36.175434,43.072346,0.171099,0.192885,,,,,,,,,,,,
26502,,,,,,,,,,,,,,,,,,,,-0.344766,-0.399524,-0.694678,,,,,,
26509,,,,,,,,,0.631752,1.957303,,,35.883438,42.775585,0.174204,0.196014,,,,-0.339980,-0.403740,-0.679963,,,,,,
26518,-0.339886,-0.403633,-0.677163,-0.318712,-0.385257,-0.691151,0.628319,1.256637,0.659220,1.304869,37.366135,43.971535,35.093208,41.436802,0.188115,0.213803,0.004988,0.027589,-0.013988,,,,,,,,,
26529,,,,,,,,,0.631752,1.957303,,,36.061939,43.577610,0.178688,0.192474,,,,-0.335249,-0.407740,-0.665297,,,,,,
26536,,,,,,,,,,,,,,,,,,,,-0.330327,-0.411716,-0.653599,,,,,,
26539,,,,,,,,,0.659220,0.000000,,,36.332485,43.745258,0.176189,0.190843,,,,,,,,,,,,
26543,,,,,,,,,,,,,,,,,,,,-0.325448,-0.415528,-0.641941,,,,,,
26549,,,,,,,,,0.631752,1.957303,,,36.560123,43.341774,0.174074,0.195004,,,,-0.320580,-0.419333,-0.630318,,,,,,
26559,,,,,,,,,0.659220,1.304869,,,36.751659,43.546825,0.172282,0.193038,,,,,,,,,,,,
26565,,,,,,,,,,,,,,,,,,,,-0.315527,-0.423309,-0.615748,,,,,,
26568,-0.315361,-0.423321,-0.615429,-0.293893,-0.404508,-0.628318,0.628319,1.256637,0.659220,1.304869,37.815907,44.468197,35.279186,42.085724,0.192011,0.213092,0.006668,0.027755,-0.012889,,,,,,,,,
26573,,,,,,,,,,,,,,,,,,,,-0.310312,-0.427141,-0.601292,,,,,,
26579,,,,,,,,,0.631752,0.652435,,,37.307507,44.123615,0.171830,0.192782,,,,-0.305082,-0.430896,-0.589751,,,,,,
26589,,,,,,,,,0.631752,0.652435,,,37.380505,43.660122,0.171187,0.197579,,,,,,,,,,,,
26595,,,,,,,,,,,,,,,,,,,,-0.299488,-0.434803,-0.575226,,,,,,
26599,,,,,,,,,0.686687,1.957303,,,37.441925,43.814682,0.170648,0.196164,,,,,,,,,,,,
26602,,,,,,,,,,,,,,,,,,,,-0.294056,-0.438553,-0.563691,,,,,,
26609,,,,,,,,,0.631752,0.652435,,,37.493607,43.944729,0.170195,0.194968,,,,-0.288745,-0.442021,-0.552175,,,,,,
26618,-0.288786,-0.441941,-0.554747,-0.267913,-0.422164,-0.565486,0.628319,1.256637,0.686687,1.957303,37.958668,44.697243,35.903461,42.420521,0.187935,0.212956,0.007325,0.027806,-0.010740,,,,,,,,,
26629,,,,,,,,,0.494415,5.219474,,,34.565514,44.949856,0.201994,0.187612,,,,-0.283246,-0.445534,-0.540696,,,,,,
26632,,,,,,,,,,,,,,,,,,,,-0.277707,-0.449151,-0.526351,,,,,,
26639,,,,,,,,,0.796557,-1.957302,,,37.796108,44.355320,0.169720,0.193626,,,,-0.272141,-0.452572,-0.514945,,,,,,
26649,,,,,,,,,0.686687,0.652435,,,38.336159,44.399624,0.164244,0.193242,,,,,,,,,,,,
26659,,,,,,,,,0.631752,0.652435,,,38.246014,44.436901,0.165088,0.192922,,,,,,,,,,,,
26668,-0.271262,-0.453038,-0.515548,-0.240877,-0.438153,-0.502655,0.628319,1.256637,0.494415,1.304868,40.798351,48.477077,36.536537,42.834633,0.211432,0.247871,0.019097,0.027930,0.012893,,,,,,,,,
26676,,,,,,,,,,,,,,,,,,,,-0.254369,-0.462872,-0.480627,,,,,,
26679,,,,,,,,,0.878959,1.304869,,,38.365440,44.753746,0.193630,0.229425,,,,,,,,,,,,
26683,,,,,,,,,,,,,,,,,,,,-0.248356,-0.466167,-0.466396,,,,,,
26689,,,,,,,,,0.659220,1.304869,,,38.815193,45.279400,0.189529,0.224808,,,,-0.242357,-0.469470,-0.455002,,,,,,
26699,,,,,,,,,0.714154,2.609737,,,38.649075,45.721687,0.191620,0.220936,,,,,,,,,,,,
26709,,,,,,,,,0.714154,1.304868,,,39.053844,46.093826,0.187921,0.217691,,,,,,,,,,,,
26718,-0.242130,-0.469484,-0.454610,-0.212890,-0.452414,-0.439823,0.628319,1.256637,0.521882,0.652434,40.666538,48.425259,37.760788,44.773315,0.200114,0.231108,0.018774,0.028175,0.014787,,,,,,,,,
26721,,,,,,,,,,,,,,,,,,,,-0.224116,-0.478821,-0.412554,,,,,,
26729,,,,,,,,,0.906427,1.957303,,,39.395527,46.929497,0.184021,0.209846,,,,,,,,,,,,
26735,,,,,,,,,,,,,,,,,,,,-0.217695,-0.481855,-0.395546,,,,,,
26739,,,,,,,,,0.686687,1.957303,,,39.681911,47.110077,0.181354,0.208303,,,,,,,,,,,,
26743,,,,,,,,,,,,,,,,,,,,-0.211384,-0.484736,-0.375825,,,,,,
26749,,,,,,,,,0.741622,0.652433,,,39.922874,47.262016,0.179093,0.207016,,,,-0.204753,-0.487641,-0.364560,,,,,,
26759,,,,,,,,,0.659220,1.304869,,,40.125618,47.389858,0.177174,0.205945,,,,,,,,,,,,
26764,,,,,,,,,,,,,,,,,,,,-0.198036,-0.490471,-0.353260,,,,,,
26768,-0.199210,-0.489836,-0.356292,-0.184062,-0.464888,-0.376992,0.628319,1.256637,0.576817,1.957303,37.626598,43.987087,38.662579,46.408340,0.161198,0.170894,0.005494,0.028665,-0.020699,,,,,,,,,
26772,,,,,,,,,,,,,,,,,,,,-0.191322,-0.493099,-0.336432,,,,,,
26779,,,,,,,,,0.851492,1.957303,,,40.154293,47.760662,0.145775,0.156616,,,,-0.184914,-0.495551,-0.319637,,,,,,
26789,,,,,,,,,0.686687,0.652435,,,39.775791,47.264877,0.149130,0.160918,,,,,,,,,,,,
26794,,,,,,,,,,,,,,,,,,,,-0.178312,-0.498043,-0.305665,,,,,,
26799,,,,,,,,,0.604285,1.304869,,,39.457321,46.847725,0.151949,0.164518,,,,-0.171245,-0.500445,-0.288797,,,,,,
26809,,,,,,,,,0.659220,1.304869,,,39.189362,46.496731,0.154316,0.167526,,,,,,,,,,,,
26816,-0.164918,-0.502467,-0.278756,-0.154508,-0.475528,-0.314160,0.628319,1.256637,,,,,,,,,,,,-0.164640,-0.502666,-0.277627,,,,,,
26819,,,,,,,,,0.494415,1.304868,37.085823,42.865044,37.330269,44.567776,0.167450,0.175254,0.002596,0.028763,-0.035404,,,,,,,,,
26823,,,,,,,,,,,,,,,,,,,,-0.157697,-0.504776,-0.266417,,,,,,
26829,,,,,,,,,0.851492,0.652435,,,39.033287,46.212013,0.150031,0.158143,,,,-0.150937,-0.506802,-0.255240,,,,,,
26839,,,,,,,,,0.631752,1.957303,,,38.832577,45.417301,0.151688,0.165579,,,,,,,,,,,,
26845,,,,,,,,,,,,,,,,,,,,-0.144109,-0.508679,-0.246856,,,,,,
26849,,,,,,,,,0.631752,0.652435,,,38.663700,44.748631,0.153062,0.171889,,,,,,,,,,,,
26853,,,,,,,,,,,,,,,,,,,,-0.137285,-0.510503,-0.238348,,,,,,
26859,,,,,,,,,0.686687,0.652435,,,39.066151,44.730553,0.148641,0.171697,,,,-0.130858,-0.512138,-0.230026,,,,,,
26879,-0.133717,-0.511326,-0.234116,-0.124345,-0.484292,-0.251328,0.628319,1.256637,-0.000000,0.000000,,,,,,,,,,,,,,,,,,
26882,,,,,,,,,,,36.816647,43.311623,33.613350,38.539841,0.200491,0.238526,0.002844,0.028471,-0.017212,-0.130858,-0.512138,-0.230026,,,,,,
26889,,,,,,,,,0.933894,1.304869,,,32.094070,37.328304,0.216629,0.251838,,,,-0.130858,-0.512138,-0.230026,,,,,,
26899,,,,,,,,,0.714154,1.304868,,,34.083008,39.031635,0.197286,0.235660,,,,-0.130858,-0.512138,-0.230026,,,,,,
26909,,,,,,,,,0.714154,1.304868,,,35.211956,40.464817,0.186318,0.221898,,,,-0.130858,-0.512138,-0.230026,,,,,,
26918,-0.128165,-0.512683,-0.224895,-0.093691,-0.491144,-0.188496,0.628319,1.256637,0.521882,0.652434,43.031624,51.657665,34.528225,39.492523,0.257005,0.317514,0.028803,0.028684,0.036399,,,,,,,,,
26921,,,,,,,,,,,,,,,,,,,,-0.130858,-0.512138,-0.230026,,,,,,
26929,,,,,,,,,0.933894,2.609737,,,37.220192,43.030781,0.231248,0.283857,,,,-0.124228,-0.513827,-0.216085,,,,,,
26939,,,,,,,,,0.714154,1.304868,,,37.851582,44.374241,0.225970,0.271879,,,,-0.124228,-0.513827,-0.216085,,,,,,
26949,,,,,,,,,0.769089,2.609737,,,38.382835,45.504627,0.221587,0.261806,,,,-0.117699,-0.515492,-0.207789,,,,,,
26957,,,,,,,,,0.714154,1.304868,,,38.829830,46.455734,0.217958,0.253335,,,,-0.111399,-0.516893,-0.199494,,,,,,
26969,-0.111340,-0.516851,-0.198889,-0.062667,-0.496057,-0.125663,0.628319,1.256637,0.357077,0.652434,,,35.938675,42.899651,0.248288,0.290648,,,,,,,,,,,,
26972,,,,,,,,,,,46.373081,56.484203,,,,,0.043605,0.030000,0.073226,-0.098928,-0.519492,-0.182851,,,,,,
26979,,,,,,,,,1.071232,0.652434,,,40.585117,46.986626,0.236396,0.299943,,,,-0.067482,-0.525702,-0.110823,,,,,,
26988,,,,,,,,,0.769089,2.609737,,,40.682831,48.247231,0.236556,0.288984,,,,-0.060172,-0.526837,-0.085869,,,,,,
26996,,,,,,,,,,,,,,,,,,,,-0.045205,-0.528655,-0.052704,,,,,,
26999,,,,,,,,,0.851492,1.957303,,,41.854134,49.307903,0.225747,0.279813,,,,,,,,,,,,
27004,,,,,,,,,,,,,,,,,,,,-0.037435,-0.529546,-0.036181,,,,,,
27010,,,,,,,,,0.466947,0.652434,,,43.384209,51.833984,0.211044,0.255482,,,,-0.029401,-0.530291,-0.013954,,,,,,
27018,-0.034346,-0.529496,-0.026734,-0.031395,-0.499013,-0.062832,0.628319,1.256637,1.071232,5.871908,36.951340,42.738487,40.859814,51.236713,0.141289,0.122298,0.002135,0.030551,-0.036098,-0.021308,-0.530730,0.010936,,,,,,
27027,,,,,,,,,0.824024,0.000000,,,42.547588,51.278713,0.123292,0.120170,,,,-0.052780,-0.527730,-0.072052,,,,,,
27035,,,,,,,,,,,,,,,,,,,,-0.013048,-0.531048,0.030337,,,,,,
27039,,,,,,,,,0.631752,0.652435,,,41.789509,50.224964,0.129905,0.129210,,,,,,,,,,,,
27042,,,,,,,,,,,,,,,,,,,,-0.004740,-0.531247,0.055379,,,,,,
27049,,,,,,,,,0.741622,1.957302,,,41.696205,49.882881,0.129889,0.131202,,,,0.003588,-0.531146,0.074684,,,,,,
27058,,,,,,,,,0.686687,0.652435,,,41.073158,49.050510,0.135295,0.138263,,,,-0.093081,-0.520796,-0.171687,,,,,,
27069,-0.085271,-0.521595,-0.156766,-0.000000,-0.500000,-0.000000,0.628319,1.256637,,,,,37.826210,45.082893,0.167590,0.177471,,,,,,,,,,,,
27072,,,,,,,,,0.824024,1.304869,54.781071,68.276161,,,,,0.080854,0.034643,0.156765,0.020395,-0.530165,0.102577,,,,,,
27079,,,,,,,,,0.494415,1.304868,,,41.084202,48.279060,0.316047,0.404885,,,,0.028872,-0.529385,0.110839,,,,,,
27088,,,,,,,,,0.824024,1.304869,,,42.191845,49.334686,0.307488,0.398117,,,,-0.087395,-0.522072,-0.155107,,,,,,
27096,,,,,,,,,,,,,,,,,,,,0.036983,-0.528442,0.119069,,,,,,
27099,,,,,,,,,0.906427,1.957303,,,43.668362,51.856518,0.294945,0.376183,,,,,,,,,,,,
27109,,,,,,,,,0.521882,1.957302,,,41.098900,49.622044,0.323377,0.402258,,,,,,,,,,,,
27118,0.028904,-0.528073,0.104144,0.031395,-0.499013,0.062832,0.628319,1.256637,1.071232,0.652434,38.011566,43.554150,44.926929,52.642845,0.116018,0.123012,0.005498,0.028644,-0.041312,0.057981,-0.526076,0.144069,,,,,,
27128,,,,,,,,,1.071232,1.957303,,,47.603291,55.729092,0.087336,0.089715,,,,-0.074265,-0.524580,-0.127409,,,,,,
27136,,,,,,,,,,,,,,,,,,,,0.063739,-0.525292,0.157867,,,,,,
27139,,,,,,,,,0.659220,1.304869,,,46.043377,53.969513,0.101329,0.105228,,,,,,,,,,,,
27143,,,,,,,,,,,,,,,,,,,,0.069580,-0.524503,0.183102,,,,,,
27149,,,,,,,,,0.549350,0.000000,,,43.641781,50.855373,0.124219,0.134909,,,,0.078635,-0.523086,0.199603,,,,,,
27159,,,,,,,,,0.659220,1.304869,,,42.710163,49.868767,0.132595,0.143512,,,,-0.081450,-0.523253,-0.138603,,,,,,
27170,-0.069440,-0.523344,-0.112713,0.062667,-0.496057,0.125664,0.628319,1.256637,0.741622,1.957302,65.808273,82.623070,43.015388,50.127720,0.412069,0.538111,0.128200,0.041973,0.238376,0.086951,-0.521887,0.219068,,,,,,
27175,,,,,,,,,,,,,,,,,,,,0.095641,-0.520716,0.238618,,,,,,
27179,,,,,,,,,0.631752,0.652435,,,41.638573,48.711975,0.430671,0.559050,,,,,,,,,,,,
27183,,,,,,,,,,,,,,,,,,,,0.104897,-0.518833,0.247222,,,,,,
27189,,,,,,,,,1.181102,4.567039,,,44.836468,53.510742,0.402886,0.516885,,,,0.112951,-0.517069,0.261412,,,,,,
27199,,,,,,,,,1.263504,2.609736,,,49.160805,59.726597,0.362972,0.459306,,,,,,,,,,,,
27209,,,,,,,,,1.236037,4.567040,,,51.710217,64.412079,0.340298,0.416093,,,,,,,,,,,,
27218,0.102831,-0.517528,0.249200,0.093691,-0.491144,0.188495,0.628319,1.256637,1.153634,3.914605,36.157574,40.915432,50.588032,63.453548,0.052127,0.004095,-0.002351,0.027823,-0.060705,0.131928,-0.512761,0.302853,,,,,,
27229,,,,,,,,,0.796557,1.957302,,,52.911083,65.914299,0.025545,-0.025513,,,,,,,,,,,,
27234,,,,,,,,,,,,,,,,,,,,0.137185,-0.511776,0.331142,,,,,,
27239,,,,,,,,,0.549350,0.000000,,,49.964809,60.905716,0.052247,0.020575,,,,,,,,,,,,
27242,,,,,,,,,,,,,,,,,,,,0.147311,-0.508964,0.347641,,,,,,
27249,,,,,,,,,0.357077,-0.652434,,,45.852188,54.513321,0.091434,0.081780,,,,,,,,,,,,
27259,,,,,,,,,0.576817,0.652434,,,44.025455,51.857475,0.108128,0.106150,,,,,,,,,,,,
27263,,,,,,,,,,,,,,,,,,,,0.164530,-0.504072,0.398416,,,,,,
27268,0.161682,-0.504546,0.388625,0.124345,-0.484292,0.251327,0.628319,1.256637,0.604285,0.000000,30.423298,32.258232,41.399357,47.989220,0.074851,0.055114,-0.026879,0.032891,-0.137298,,,,,,,,,
27271,,,,,,,,,,,,,,,,,,,,0.173275,-0.501163,0.409764,,,,,,
27279,,,,,,,,,0.439480,0.000000,,,40.823387,46.368099,0.078530,0.068503,,,,,,,,,,,,
27289,,,,,,,,,0.329610,0.000000,,,37.616051,42.281372,0.109165,0.107366,,,,0.182225,-0.497533,0.413535,,,,,,
27293,,,,,,,,,,,,,,,,,,,,0.189323,-0.494526,0.414112,,,,,,
27299,,,,,,,,,0.357077,-0.652434,,,34.917400,38.842800,0.135253,0.140435,,,,0.193826,-0.492934,0.430316,,,,,,
27309,,,,,,,,,0.466947,1.957303,,,33.735840,38.127758,0.146406,0.146411,,,,,,,,,,,,
27315,,,,,,,,,,,,,,,,,,,,0.199498,-0.490714,0.424548,,,,,,
27318,0.198103,-0.491053,0.429741,0.154508,-0.475528,0.314159,0.628319,1.256637,0.494415,0.000000,28.342190,31.019693,33.286221,36.981579,0.129102,0.144295,-0.033163,0.032277,-0.115582,,,,,,,,,
27323,,,,,,,,,,,,,,,,,,,,0.203457,-0.488563,0.426696,,,,,,
27329,,,,,,,,,0.741622,-0.652433,,,35.086082,38.195358,0.109755,0.130722,,,,0.209363,-0.485785,0.424488,,,,,,
27339,,,,,,,,,0.494415,0.000000,,,34.422314,37.038460,0.115177,0.141087,,,,,,,,,,,,
27345,,,,,,,,,,,,,,,,,,,,0.213355,-0.484073,0.438108,,,,,,
27349,,,,,,,,,0.521882,1.957302,,,33.863819,37.154129,0.119657,0.138704,,,,,,,,,,,,
27352,,,,,,,,,,,,,,,,,,,,0.218291,-0.481714,0.440951,,,,,,
27359,,,,,,,,,0.521882,0.652434,,,33.393902,36.706913,0.123346,0.142039,,,,0.222684,-0.479532,0.440794,,,,,,
27368,0.222598,-0.479557,0.442604,0.184062,-0.464888,0.376990,0.628319,1.256637,0.384545,0.000000,28.857529,33.459423,31.909428,34.696995,0.142734,0.186288,-0.028540,0.029761,-0.065614,,,,,,,,,
27374,,,,,,,,,,,,,,,,,,,,0.227391,-0.477468,0.446450,,,,,,
27379,,,,,,,,,0.659220,1.304869,,,32.838562,36.273109,0.132646,0.169964,,,,,,,,,,,,
27382,,,,,,,,,,,,,,,,,,,,0.231913,-0.475271,0.446459,,,,,,
27389,,,,,,,,,0.604285,1.304869,,,33.075794,36.510166,0.129430,0.166983,,,,0.235971,-0.473251,0.454988,,,,,,
27399,,,,,,,,,0.494415,0.000000,,,32.186314,36.165081,0.137659,0.169893,,,,,,,,,,,,
27404,,,,,,,,,,,,,,,,,,,,0.240831,-0.471096,0.460685,,,,,,
27409,,,,,,,,,0.521882,0.652434,,,31.982449,35.874725,0.139073,0.172313,,,,,,,,,,,,
27412,,,,,,,,,,,,,,,,,,,,0.244500,-0.469352,0.472121,,,,,,
27418,0.244625,-0.469239,0.472380,0.212890,-0.452414,0.439823,0.628319,1.256637,0.549350,1.304868,30.501530,36.406696,30.721830,35.085876,0.168075,0.209939,-0.020604,0.029422,-0.032557,,,,,,,,,
27429,,,,,,,,,0.549350,1.304868,,,29.661146,33.333054,0.178850,0.228082,,,,0.248926,-0.467288,0.477785,,,,,,
27434,,,,,,,,,,,,,,,,,,,,0.253082,-0.465299,0.494924,,,,,,
27439,,,,,,,,,0.466947,1.957303,,,31.491404,36.759117,0.160349,0.193750,,,,0.257958,-0.462921,0.506318,,,,,,
27449,,,,,,,,,0.521882,1.957302,,,30.853209,36.919090,0.166661,0.192048,,,,,,,,,,,,
27459,,,,,,,,,0.494415,1.304868,,,30.316231,36.509151,0.172068,0.196127,,,,,,,,,,,,
27463,,,,,,,,,,,,,,,,,,,,0.267276,-0.457836,0.537826,,,,,,
27468,0.267191,-0.457790,0.537808,0.240877,-0.438153,0.502655,0.628319,1.256637,0.604285,1.304869,32.808540,38.629066,29.319876,35.619682,0.205799,0.227847,-0.012540,0.030344,-0.035153,,,,,,,,,
27471,,,,,,,,,,,,,,,,,,,,0.272144,-0.454976,0.549312,,,,,,
27479,,,,,,,,,0.521882,1.957302,,,30.659714,37.594002,0.192831,0.208311,,,,,,,,,,,,
27489,,,,,,,,,0.302142,0.652434,,,28.519794,34.898846,0.215088,0.236009,,,,0.276923,-0.451955,0.566588,,,,,,
27493,,,,,,,,,,,,,,,,,,,,0.281673,-0.448976,0.583896,,,,,,
27499,,,,,,,,,0.906427,1.957303,,,31.620155,38.621120,0.184322,0.198788,,,,0.286531,-0.445801,0.595466,,,,,,
27509,,,,,,,,,0.576817,1.957303,,,32.050625,39.030323,0.180169,0.194615,,,,,,,,,,,,
27515,,,,,,,,,,,,,,,,,,,,0.291270,-0.442637,0.607074,,,,,,
27518,0.291268,-0.442573,0.609473,0.267913,-0.422164,0.565487,0.628319,1.256637,0.631752,0.652435,34.399136,39.864681,31.323736,37.740997,0.203958,0.220289,-0.007467,0.030104,-0.043986,,,,,,,,,
27522,,,,,,,,,,,,,,,,,,,,0.296095,-0.439257,0.621611,,,,,,
27529,,,,,,,,,0.604285,1.304869,,,32.890305,39.923416,0.188595,0.198454,,,,0.301156,-0.435732,0.633188,,,,,,
27539,,,,,,,,,0.576817,0.652434,,,33.119331,40.126076,0.186560,0.196375,,,,,,,,,,,,
27549,,,,,,,,,0.604285,1.304869,,,33.856575,40.296593,0.179296,0.194583,,,,0.306201,-0.432365,0.647809,,,,,,
27552,,,,,,,,,,,,,,,,,,,,0.310965,-0.428805,0.662442,,,,,,
27559,,,,,,,,,0.659220,1.304869,,,33.932350,40.984612,0.178632,0.187479,,,,0.315960,-0.425184,0.668279,,,,,,
27568,0.316104,-0.424988,0.668817,0.293893,-0.404508,0.628319,0.628319,1.256637,0.439480,1.304869,35.108948,40.707508,32.907021,39.385334,0.196424,0.212164,-0.004727,0.029839,-0.040499,,,,,,,,,
27574,,,,,,,,,,,,,,,,,,,,0.321006,-0.421491,0.680001,,,,,,
27579,,,,,,,,,0.796557,0.652434,,,35.311569,41.306961,0.172338,0.192828,,,,,,,,,,,,
27582,,,,,,,,,,,,,,,,,,,,0.326069,-0.417779,0.694699,,,,,,
27589,,,,,,,,,0.659220,1.304869,,,35.701126,41.834732,0.168324,0.187325,,,,,,,,,,,,
27596,,,,,,,,,,,,,,,,,,,,0.330814,-0.413973,0.706492,,,,,,
27599,,,,,,,,,0.631752,0.652435,,,35.484356,41.734257,0.170416,0.188125,,,,,,,,,,,,
27604,,,,,,,,,,,,,,,,,,,,0.335446,-0.410121,0.715376,,,,,,
27609,,,,,,,,,0.631752,1.957303,,,35.846508,42.194260,0.166647,0.183227,,,,0.340585,-0.406018,0.730162,,,,,,
27618,0.340532,-0.405872,0.733223,0.318712,-0.385257,0.691150,0.628319,1.256637,0.494415,1.304868,35.786850,41.324619,34.517593,40.947678,0.186969,0.201939,-0.002416,0.029921,-0.042073,,,,,,,,,
27626,,,,,,,,,,,,,,,,,,,,0.345395,-0.401816,0.739037,,,,,,
27629,,,,,,,,,0.769089,1.304867,,,36.122162,42.621517,0.170857,0.184942,,,,,,,,,,,,
27633,,,,,,,,,,,,,,,,,,,,0.350177,-0.397625,0.753895,,,,,,
27639,,,,,,,,,0.659220,1.304869,,,35.838615,42.396259,0.173682,0.186980,,,,0.354983,-0.393230,0.765840,,,,,,
27649,,,,,,,,,0.604285,1.304869,,,36.144581,42.751270,0.170551,0.183145,,,,,,,,,,,,
27659,,,,,,,,,0.631752,0.652435,,,36.402020,42.505432,0.167853,0.185367,,,,,,,,,,,,
27668,0.355711,-0.392485,0.765839,0.342274,-0.364484,0.753982,0.628319,1.256637,0.659220,1.304869,38.637970,45.365780,34.985001,41.209496,0.211265,0.239569,0.009723,0.029497,-0.011857,,,,,,,,,
27671,,,,,,,,,,,,,,,,,,,,0.369369,-0.379835,0.795740,,,,,,
27679,,,,,,,,,0.659220,1.304869,,,37.059978,43.386356,0.190831,0.218196,,,,,,,,,,,,
27685,,,,,,,,,,,,,,,,,,,,0.373990,-0.375327,0.810771,,,,,,
27689,,,,,,,,,0.686687,0.652435,,,37.172237,43.584335,0.190001,0.216573,,,,,,,,,,,,
27693,,,,,,,,,,,,,,,,,,,,0.378452,-0.370922,0.822825,,,,,,
27699,,,,,,,,,0.686687,1.957303,,,37.811234,43.750916,0.183777,0.215230,,,,0.382778,-0.366531,0.834923,,,,,,
27709,,,,,,,,,0.659220,1.304869,,,37.804340,44.435619,0.184012,0.208569,,,,,,,,,,,,
27715,,,,,,,,,,,,,,,,,,,,0.387307,-0.361776,0.850097,,,,,,
27718,0.386583,-0.362369,0.848499,0.364484,-0.342274,0.816813,0.628319,1.256637,0.576817,-0.652434,36.407497,42.356026,36.164913,42.833557,0.178151,0.194396,0.000468,0.029866,-0.031686,,,,,,,,,
27723,,,,,,,,,,,,,,,,,,,,0.391753,-0.356836,0.865379,,,,,,
27729,,,,,,,,,0.714154,2.609737,,,38.052757,44.208298,0.158943,0.180279,,,,0.396397,-0.351521,0.877557,,,,,,
27739,,,,,,,,,0.686687,1.957303,,,37.463017,44.275917,0.164629,0.179218,,,,,,,,,,,,
27745,,,,,,,,,,,,,,,,,,,,0.400926,-0.346116,0.886701,,,,,,
27749,,,,,,,,,0.604285,1.304869,,,37.511353,44.332813,0.163925,0.178254,,,,,,,,,,,,
27752,,,,,,,,,,,,,,,,,,,,0.405454,-0.340759,0.895903,,,,,,
27759,,,,,,,,,0.686687,0.652435,,,38.096565,44.380684,0.157735,0.177370,,,,0.409873,-0.335251,0.914363,,,,,,
27770,0.409782,-0.335329,0.911573,0.385257,-0.318712,0.879645,0.628319,1.256637,0.796557,1.957302,35.752914,41.685879,39.133507,45.510048,0.140144,0.158611,-0.001886,0.029564,-0.031928,,,,,,,,,
27774,,,,,,,,,,,,,,,,,,,,0.414108,-0.329799,0.923630,,,,,,
27779,,,,,,,,,0.494415,0.000000,,,37.827816,43.737579,0.152786,0.175925,,,,,,,,,,,,
27782,,,,,,,,,,,,,,,,,,,,0.418174,-0.324440,0.932912,,,,,,
27789,,,,,,,,,0.659220,1.304869,,,37.273750,43.879856,0.158022,0.174063,,,,0.422168,-0.319121,0.948437,,,,,,
27799,,,,,,,,,0.659220,1.304869,,,37.352104,43.999569,0.156919,0.172403,,,,,,,,,,,,
27804,,,,,,,,,,,,,,,,,,,,0.426121,-0.313749,0.960907,,,,,,
27810,,,,,,,,,0.357077,0.652434,,,35.239857,40.833035,0.178144,0.204239,,,,0.429890,-0.308678,0.970281,,,,,,
27818,0.429098,-0.309714,0.968091,0.404508,-0.293893,0.942478,0.628319,1.256637,0.769089,1.304867,35.913795,42.090485,36.729874,42.525059,0.164689,0.191278,-0.000906,0.029226,-0.025613,,,,,,,,,
27825,,,,,,,,,,,,,,,,,,,,0.433537,-0.303496,0.979692,,,,,,
27829,,,,,,,,,0.878959,2.609737,,,38.528114,45.037815,0.146184,0.165561,,,,,,,,,,,,
27833,,,,,,,,,,,,,,,,,,,,0.437084,-0.298252,0.989129,,,,,,
27839,,,,,,,,,0.659220,0.000000,,,38.407524,44.973873,0.146891,0.165624,,,,0.440594,-0.292994,1.001770,,,,,,
27849,,,,,,,,,0.659220,1.304869,,,38.306061,44.375530,0.147428,0.171150,,,,,,,,,,,,
27859,,,,,,,,,0.576817,1.957303,,,37.676147,43.872086,0.153374,0.175829,,,,,,,,,,,,
27870,0.440912,-0.292345,1.007155,0.422164,-0.267913,1.005310,0.628319,1.256637,0.274675,0.000000,38.704552,45.817776,34.423420,40.181225,0.214665,0.251137,0.010636,0.028901,-0.001845,,,,,,,,,
27873,,,,,,,,,,,,,,,,,,,,0.451031,-0.277454,1.040065,,,,,,
27879,,,,,,,,,0.933894,0.000000,,,38.221096,43.065712,0.176785,0.222843,,,,,,,,,,,,
27884,,,,,,,,,,,,,,,,,,,,0.454179,-0.272164,1.049669,,,,,,
27889,,,,,,,,,0.631752,1.957303,,,37.604656,43.314545,0.183170,0.220855,,,,,,,,,,,,
27893,,,,,,,,,,,,,,,,,,,,0.457310,-0.266579,1.065786,,,,,,
27899,,,,,,,,,0.631752,0.652435,,,37.630527,42.979370,0.183126,0.224775,,,,0.460214,-0.261195,1.072398,,,,,,
27909,,,,,,,,,0.686687,1.957303,,,37.652294,43.786442,0.183118,0.217110,,,,,,,,,,,,
27915,,,,,,,,,,,,,,,,,,,,0.463382,-0.255596,1.088356,,,,,,
27918,0.462918,-0.256174,1.089751,0.438153,-0.240877,1.068142,0.628319,1.256637,0.494415,1.304868,36.686150,43.017826,36.036980,42.287338,0.179217,0.204248,0.002102,0.029032,-0.021609,,,,,,,,,
27923,,,,,,,,,,,,,,,,,,,,0.466678,-0.249661,1.101288,,,,,,
27929,,,,,,,,,0.824024,1.304869,,,37.400574,44.293251,0.165439,0.183934,,,,0.469668,-0.243756,1.117568,,,,,,
27939,,,,,,,,,0.631752,1.957303,,,37.458813,43.802853,0.164702,0.188681,,,,,,,,,,,,
27945,,,,,,,,,,,,,,,,,,,,0.472825,-0.237657,1.133765,,,,,,
27949,,,,,,,,,0.631752,0.652435,,,37.507816,43.934776,0.164047,0.187178,,,,,,,,,,,,
27952,,,,,,,,,,,,,,,,,,,,0.475862,-0.231729,1.146914,,,,,,
27959,,,,,,,,,0.631752,1.957303,,,37.004505,44.045776,0.169017,0.185862,,,,0.478702,-0.225639,1.160132,,,,,,
27968,0.478492,-0.225797,1.162436,0.452414,-0.212890,1.130974,0.628319,1.256637,0.549350,1.304868,36.698761,42.640167,36.036476,43.050087,0.178956,0.191961,0.001490,0.029059,-0.031462,,,,,,,,,
27974,,,,,,,,,,,,,,,,,,,,0.481526,-0.219746,1.176903,,,,,,
27979,,,,,,,,,0.796557,1.957302,,,37.400150,44.935028,0.165179,0.172652,,,,,,,,,,,,
27983,,,,,,,,,,,,,,,,,,,,0.484106,-0.213802,1.186901,,,,,,
27989,,,,,,,,,0.686687,0.652435,,,37.458458,44.887390,0.164444,0.172679,,,,0.486647,-0.207910,1.203567,,,,,,
27999,,,,,,,,,0.604285,1.304869,,,37.507515,44.302761,0.163791,0.178193,,,,,,,,,,,,
28009,,,,,,,,,0.604285,1.304869,,,37.004250,43.810856,0.168763,0.182878,,,,,,,,,,,,
28018,0.486897,-0.207054,1.205588,0.464888,-0.184062,1.193805,0.628319,1.256637,0.521882,0.652434,39.738239,46.454529,36.036259,42.307880,0.209578,0.236881,0.013615,0.028769,-0.011783,,,,,,,,,
28021,,,,,,,,,,,,,,,,,,,,0.494577,-0.189138,1.240578,,,,,,
28029,,,,,,,,,0.851492,1.957303,,,37.944508,44.855080,0.190854,0.211729,,,,,,,,,,,,
28034,,,,,,,,,,,,,,,,,,,,0.497015,-0.183041,1.254334,,,,,,
28039,,,,,,,,,0.659220,1.304869,,,37.916477,44.820122,0.191499,0.212405,,,,,,,,,,,,
28042,,,,,,,,,,,,,,,,,,,,0.499398,-0.177103,1.264446,,,,,,
28049,,,,,,,,,0.714154,1.304868,,,38.437439,45.335251,0.186549,0.207478,,,,0.501809,-0.170976,1.281744,,,,,,
28059,,,,,,,,,0.659220,1.304869,,,38.331230,45.224136,0.187893,0.208835,,,,,,,,,,,,
28064,,,,,,,,,,,,,,,,,,,,0.503839,-0.164789,1.295712,,,,,,
28068,0.503316,-0.165720,1.293619,0.475528,-0.154508,1.256636,0.628319,1.256637,0.521882,0.652434,37.268852,43.005939,37.152782,43.497013,0.175007,0.191522,0.003180,0.029795,-0.036983,,,,,,,,,
28072,,,,,,,,,,,,,,,,,,,,0.505869,-0.158086,1.309418,,,,,,
28079,,,,,,,,,0.824024,2.609737,,,38.339409,45.311073,0.162926,0.172920,,,,0.507793,-0.151378,1.319868,,,,,,
28089,,,,,,,,,0.686687,0.652435,,,38.793293,45.203793,0.158083,0.173554,,,,,,,,,,,,
28094,,,,,,,,,,,,,,,,,,,,0.509670,-0.144688,1.330499,,,,,,
28099,,,,,,,,,0.659220,0.000000,,,38.630646,45.113525,0.159437,0.174035,,,,0.511376,-0.138002,1.344604,,,,,,
28109,,,,,,,,,0.604285,1.304869,,,38.493793,44.493034,0.160560,0.179942,,,,,,,,,,,,
28116,0.512846,-0.132056,1.355539,0.484292,-0.124345,1.319468,0.628319,1.256637,,,,,,,,,,,,0.513048,-0.131657,1.355238,,,,,,
28119,,,,,,,,,0.521882,0.652434,36.763588,42.531799,37.289562,42.881866,0.167445,0.191242,0.001434,0.029542,-0.036071,,,,,,,,,
28123,,,,,,,,,,,,,,,,,,,,0.514698,-0.125136,1.369537,,,,,,
28129,,,,,,,,,0.824024,1.304869,,,38.999039,44.793488,0.149903,0.171674,,,,0.516182,-0.118639,1.380273,,,,,,
28139,,,,,,,,,0.686687,1.957303,,,38.803761,45.312840,0.151448,0.165924,,,,,,,,,,,,
28149,,,,,,,,,0.604285,1.304869,,,38.094910,44.660736,0.158270,0.172019,,,,0.517621,-0.111823,1.387417,,,,,,
28153,,,,,,,,,,,,,,,,,,,,0.518985,-0.105254,1.398243,,,,,,
28159,,,,,,,,,0.659220,1.304869,,,38.043026,44.656601,0.158533,0.171636,,,,0.520148,-0.098503,1.405553,,,,,,
28168,0.520041,-0.098599,1.406829,0.491144,-0.093691,1.382300,0.628319,1.256637,0.466947,0.652434,36.182621,42.404018,36.365742,42.474945,0.169459,0.192160,0.000125,0.029311,-0.024529,,,,,,,,,
28174,,,,,,,,,,,,,,,,,,,,0.521236,-0.092206,1.416457,,,,,,
28179,,,,,,,,,0.796557,0.652434,,,38.221733,43.906559,0.150492,0.177544,,,,,,,,,,,,
28182,,,,,,,,,,,,,,,,,,,,0.522489,-0.085723,1.427201,,,,,,
28189,,,,,,,,,0.686687,1.957303,,,38.149734,44.022034,0.150818,0.176065,,,,,,,,,,,,
28196,,,,,,,,,,,,,,,,,,,,0.523681,-0.079385,1.438357,,,,,,
28199,,,,,,,,,0.631752,0.652435,,,38.089157,44.119194,0.151043,0.174751,,,,,,,,,,,,
28204,,,,,,,,,,,,,,,,,,,,0.524893,-0.072734,1.441890,,,,,,
28209,,,,,,,,,0.631752,1.957303,,,37.493645,43.656403,0.156735,0.179128,,,,,,,,,,,,
28212,,,,,,,,,,,,,,,,,,,,0.525872,-0.066441,1.452968,,,,,,
28218,0.525697,-0.066508,1.457305,0.496057,-0.062667,1.445133,0.628319,1.256637,0.494415,0.000000,36.034698,42.757675,36.448036,42.177925,0.165630,0.197565,0.000459,0.029885,-0.012172,,,,,,,,,
28226,,,,,,,,,,,,,,,,,,,,0.526607,-0.060036,1.464253,,,,,,
28229,,,,,,,,,0.796557,1.957302,,,37.746433,43.656647,0.152303,0.182598,,,,,,,,,,,,
28234,,,,,,,,,,,,,,,,,,,,0.527290,-0.053703,1.475574,,,,,,
28239,,,,,,,,,0.631752,0.652435,,,37.749821,43.811760,0.151926,0.180836,,,,,,,,,,,,
28242,,,,,,,,,,,,,,,,,,,,0.527955,-0.047475,1.486900,,,,,,
28249,,,,,,,,,0.659220,1.304869,,,37.752670,43.397728,0.151554,0.184849,,,,,,,,,,,,
28259,,,,,,,,,0.604285,1.304869,,,37.210526,43.593906,0.156741,0.182720,,,,,,,,,,,,
28268,0.527978,-0.046546,1.489890,0.499013,-0.031395,1.507965,0.628319,1.256637,0.466947,0.652434,38.888737,46.815960,35.665276,41.580795,0.201378,0.244481,0.012760,0.030094,0.018075,0.529880,-0.028238,1.528439,,,,,,
28279,,,,,,,,,0.796557,1.957302,,,37.087822,43.698769,0.187513,0.223924,,,,,,,,,,,,
28283,,,,,,,,,,,,,,,,,,,,0.530478,-0.021685,1.543828,,,,,,
28289,,,,,,,,,0.686687,1.957303,,,37.195663,43.847198,0.186773,0.223034,,,,0.530930,-0.015074,1.555389,,,,,,
28299,,,,,,,,,0.659220,1.304869,,,37.286400,44.516632,0.186186,0.216799,,,,,,,,,,,,
28309,,,,,,,,,0.329610,1.304868,,,34.095490,41.268089,0.219054,0.250394,,,,,,,,,,,,
28318,0.530749,-0.016333,1.555366,0.500000,-0.000000,1.570797,0.628319,1.256637,0.851492,1.957303,39.804890,47.645149,36.311546,43.980202,0.206754,0.232298,0.015857,0.030997,0.015431,,,,,,,,,
28326,,,,,,,,,,,,,,,,,,,,0.531634,0.004021,1.597996,,,,,,
28329,,,,,,,,,0.851492,1.957303,,,37.631592,46.262169,0.193988,0.209755,,,,,,,,,,,,
28334,,,,,,,,,,,,,,,,,,,,0.531582,0.011257,1.620955,,,,,,
28339,,,,,,,,,0.686687,1.957303,,,38.197735,46.548588,0.188648,0.207110,,,,0.531566,0.017910,1.636211,,,,,,
28349,,,,,,,,,0.686687,1.957303,,,38.129543,46.789581,0.189665,0.204871,,,,,,,,,,,,
28359,,,,,,,,,,,,,38.616711,46.992352,0.185031,0.202974,,,,,,,,,,,,
