ts,x,y,yaw,x_des,y_des,yaw_des,v_ff,w_ff,v_actual,w_actual,omega_l_cmd,omega_r_cmd,omega_l_meas,omega_r_meas,duty_l,duty_r,x_err,y_err,yaw_err,x_raw,y_raw,yaw_raw,acc_x,acc_y,acc_z,gyro_x,gyro_y,gyro_z
60238,,,,,,,,,-0.000000,0.000000,,,0.000000,0.000000,0.000000,0.000000,,,,,,,,,,,,
60246,0.489303,-0.000114,1.563233,0.499013,0.031395,1.633628,0.628319,1.256637,,,43.446865,52.662884,0.000000,0.000000,0.443158,0.537161,0.031581,-0.009471,0.070395,,,,,,,,,
60249,,,,,,,,,-0.000000,0.000000,,,,,,,,,,,,,,,,,,
60253,,,,,,,,,,,,,,,,,,,,0.489307,-0.000112,1.563229,,,,,,
60258,,,,,,,,,0.274675,1.304868,,,2.178173,3.267259,0.429630,0.514368,,,,,,,,,,,,
60261,,,,,,,,,,,,,,,,,,,,0.489307,-0.000114,1.563229,,,,,,
60268,,,,,,,,,0.604285,3.914605,,,6.189060,9.828135,0.396973,0.457326,,,,0.489303,-0.000103,1.563229,,,,,,
60276,,,,,,,,,,,,,13.375622,18.615711,0.331121,0.376260,,,,0.489288,-0.000162,1.563366,,,,,,
60279,,,,,,,,,0.933894,1.304869,,,,,,,,,,,,,,,,,,
60284,,,,,,,,,,,,,,,,,,,,0.489261,0.000142,1.559637,,,,,,
60288,0.489189,0.004011,1.565375,0.496057,0.062667,1.696460,0.628319,1.256637,0.878959,2.609737,49.605450,61.274906,19.422394,25.465034,0.338276,0.401049,0.058692,-0.006550,0.131085,,,,,,,,,
60296,,,,,,,,,,,,,23.965605,31.772598,0.297972,0.343874,,,,0.489121,0.001550,1.555584,,,,,,
60299,,,,,,,,,0.933894,2.609737,,,,,,,,,,,,,,,,,,
60306,,,,,,,,,,,,,27.788261,35.446152,0.264109,0.312304,,,,0.489207,0.002764,1.555664,,,,,,
60309,,,,,,,,,0.796557,1.957302,,,,,,,,,,,,,,,,,,
60313,,,,,,,,,,,,,,,,,,,,0.489289,0.004627,1.551964,,,,,,
60318,,,,,,,,,0.796557,3.262171,,,29.915558,39.081623,0.246774,0.280388,,,,,,,,,,,,
60328,,,,,,,,,0.631752,1.957303,,,30.616379,39.417789,0.243563,0.281398,,,,,,,,,,,,
60335,,,,,,,,,,,,,,,,,,,,0.489462,0.009433,1.540463,,,,,,
60338,0.489349,0.011627,1.550765,0.491144,0.093691,1.759292,0.628319,1.256637,0.439480,1.304869,54.093090,68.917297,29.572420,38.611553,0.303784,0.371945,0.082083,-0.000151,0.208527,,,,,,,,,
60343,,,,,,,,,,,,,,,,,,,,0.489513,0.012419,1.536509,,,,,,
60348,,,,,,,,,0.659220,2.609737,,,30.327662,40.111359,0.300984,0.362708,,,,0.489630,0.015887,1.532763,,,,,,
60358,,,,,,,,,0.576817,1.957303,,,30.418579,40.284210,0.304810,0.366706,,,,,,,,,,,,
60364,,,,,,,,,,,,,,,,,,,,0.489910,0.019807,1.528921,,,,,,
60368,,,,,,,,,0.686687,3.262170,,,31.039619,41.518734,0.303210,0.359841,,,,,,,,,,,,
60379,,,,,,,,,0.686687,1.957303,,,32.651249,43.102005,0.291382,0.349171,,,,,,,,,,,,
60388,0.489807,0.022002,1.538966,0.484292,0.124345,1.822124,0.628319,1.256637,0.604285,1.304869,57.489941,75.362640,32.373646,42.800541,0.333150,0.423151,0.102116,0.008769,0.283157,,,,,,,,,
60394,,,,,,,,,,,,,,,,,,,,0.490740,0.033716,1.520991,,,,,,
60398,,,,,,,,,0.769089,1.304867,,,34.318245,44.180515,0.318338,0.415588,,,,,,,,,,,,
60402,,,,,,,,,,,,,,,,,,,,0.491158,0.039034,1.525191,,,,,,
60408,,,,,,,,,0.796557,1.957302,,,35.954430,45.886169,0.306284,0.404427,,,,0.491542,0.044824,1.525077,,,,,,
60418,,,,,,,,,0.933894,2.609737,,,37.875656,48.954937,0.290994,0.379021,,,,,,,,,,,,
60424,,,,,,,,,,,,,,,,,,,,0.491940,0.050873,1.532966,,,,,,
60428,,,,,,,,,0.824024,2.609737,,,38.947636,50.447914,0.283983,0.369074,,,,,,,,,,,,
60431,,,,,,,,,,,,,,,,,,,,0.492461,0.057472,1.544312,,,,,,
60438,0.492156,0.057952,1.554804,0.475528,0.154508,1.884956,0.628319,1.256637,0.714154,2.609737,54.308769,74.145508,39.305054,50.615017,0.251598,0.359938,0.096278,0.018170,0.330152,,,,,,,,,
60446,,,,,,,,,,,,,41.239414,53.478333,0.234868,0.335438,,,,0.492920,0.064130,1.556047,,,,,,
60449,,,,,,,,,0.988829,2.609737,,,,,,,,,,,,,,,,,,
60456,,,,,,,,,,,,,41.777901,54.253899,0.231989,0.331661,,,,0.493308,0.071690,1.570609,,,,,,
60459,,,,,,,,,0.796557,3.262171,,,,,,,,,,0.493719,0.079595,1.586215,,,,,,
60468,,,,,,,,,0.796557,1.957302,,,42.230984,54.361916,0.229874,0.334537,,,,,,,,,,,,
60475,,,,,,,,,,,,,,,,,,,,0.493919,0.087779,1.605637,,,,,,
60478,,,,,,,,,0.824024,3.914605,,,42.067661,55.541885,0.233956,0.326458,,,,,,,,,,,,
60483,,,,,,,,,,,,,,,,,,,,0.494032,0.095941,1.632439,,,,,,
60488,0.493624,0.096201,1.642337,0.464888,0.184062,1.947787,0.628319,1.256637,0.769089,2.609737,53.182888,72.172142,41.930244,55.445625,0.226321,0.311032,0.089690,0.022382,0.305450,,,,,,,,,
60491,,,,,,,,,,,,,,,,,,,,0.493880,0.104570,1.658910,,,,,,
60498,,,,,,,,,0.988829,3.914606,,,43.448250,57.542805,0.213088,0.292987,,,,,,,,,,,,
60505,,,,,,,,,,,,,,,,,,,,0.493481,0.113058,1.688727,,,,,,
60508,,,,,,,,,0.878959,2.609737,,,43.636414,58.762829,0.213116,0.283468,,,,,,,,,,,,
60516,,,,,,,,,,,,,43.794735,59.244816,0.213410,0.281234,,,,0.492800,0.121448,1.714497,,,,,,
60519,,,,,,,,,0.878959,3.914604,,,,,,,,,,0.491841,0.130020,1.750824,,,,,,
60528,,,,,,,,,0.824024,2.609737,,,44.472488,59.650356,0.208375,0.279683,,,,,,,,,,,,
60534,,,,,,,,,,,,,,,,,,,,0.490679,0.138613,1.783046,,,,,,
60538,0.490452,0.138479,1.782181,0.452414,0.212890,2.010619,0.628319,1.256637,0.769089,3.914606,52.943443,68.970024,43.409122,59.447037,0.218521,0.251599,0.080736,0.021579,0.228438,,,,,,,,,
60542,,,,,,,,,,,,,,,,,,,,0.489166,0.147489,1.818258,,,,,,
60548,,,,,,,,,0.988829,2.609737,,,44.692577,60.909592,0.207337,0.238586,,,,0.487084,0.156342,1.849701,,,,,,
60558,,,,,,,,,0.851492,3.262170,,,45.227932,61.051102,0.203526,0.238755,,,,,,,,,,,,
60564,,,,,,,,,,,,,,,,,,,,0.484797,0.164767,1.884026,,,,,,
60568,,,,,,,,,0.878959,2.609737,,,45.678379,61.170166,0.200475,0.239124,,,,,,,,,,,,
60578,,,,,,,,,0.878959,2.609737,,,46.057388,61.270348,0.198062,0.239662,,,,,,,,,,,,
60588,0.484272,0.166111,1.886425,0.438153,0.240877,2.073451,0.628319,1.256637,0.769089,2.609737,55.400570,69.800652,45.287197,60.265553,0.232358,0.259923,0.085388,0.020632,0.187026,,,,,,,,,
60594,,,,,,,,,,,,,,,,,,,,0.477486,0.190015,1.975053,,,,,,
60598,,,,,,,,,0.988829,3.914606,,,46.272789,61.598293,0.224327,0.248236,,,,,,,,,,,,
60601,,,,,,,,,,,,,,,,,,,,0.474531,0.198572,2.007971,,,,,,
60608,,,,,,,,,0.906427,3.262171,,,46.557522,62.175117,0.223249,0.243993,,,,,,,,,,,,
60615,,,,,,,,,,,,,,,,,,,,0.471170,0.207190,2.034074,,,,,,
60618,,,,,,,,,0.878959,2.609737,,,46.797096,62.115913,0.222574,0.246122,,,,,,,,,,,,
60623,,,,,,,,,,,,,,,,,,,,0.467451,0.215428,2.060009,,,,,,
60628,,,,,,,,,0.878959,1.304869,,,46.998676,62.066097,0.222238,0.248167,,,,,,,,,,,,
60635,,,,,,,,,,,,,,,,,,,,0.463750,0.223338,2.085696,,,,,,
60638,0.464178,0.221989,2.074447,0.422164,0.267913,2.136283,0.628319,1.256637,0.769089,2.609737,51.532360,60.887703,46.623741,60.935097,0.188287,0.170338,0.060498,0.014632,0.061836,,,,,,,,,
60645,,,,,,,,,,,,,,,,,,,,0.459632,0.231092,2.111325,,,,,,
60648,,,,,,,,,1.016297,1.957302,,,47.941902,61.617104,0.175824,0.163372,,,,,,,,,,,,
60652,,,,,,,,,,,,,,,,,,,,0.455445,0.238794,2.130381,,,,,,
60658,,,,,,,,,0.824024,1.304869,,,47.961914,60.557316,0.176338,0.174036,,,,0.451137,0.246059,2.158844,,,,,,
60668,,,,,,,,,0.769089,1.304867,,,47.978752,59.665607,0.176880,0.183198,,,,,,,,,,,,
60676,,,,,,,,,,,,,47.448380,58.370781,0.183000,0.196649,,,,0.446418,0.253758,2.174480,,,,,,
60679,,,,,,,,,0.824024,1.304869,,,,,,,,,,,,,,,,,,
60682,,,,,,,,,,,,,,,,,,,,0.441720,0.261200,2.186885,,,,,,
60688,0.441827,0.260875,2.182922,0.404508,0.293893,2.199115,0.628319,1.256637,0.659220,1.304869,49.153454,56.638557,46.457581,56.736771,0.169659,0.170478,0.048467,0.011571,0.016193,,,,,,,,,
60691,,,,,,,,,,,,,,,,,,,,0.436763,0.268639,2.196137,,,,,,
60698,,,,,,,,,0.906427,0.652435,,,47.802094,56.995544,0.156484,0.167819,,,,,,,,,,,,
60704,,,,,,,,,,,,,,,,,,,,0.431760,0.276003,2.205335,,,,,,
60708,,,,,,,,,0.741622,0.652433,,,47.299736,55.579647,0.161878,0.182190,,,,,,,,,,,,
60712,,,,,,,,,,,,,,,,,,,,0.426490,0.283115,2.214419,,,,,,
60718,,,,,,,,,0.796557,0.652434,,,47.421597,54.932854,0.161006,0.188999,,,,,,,,,,,,
60726,,,,,,,,,,,,,46.979588,53.844101,0.165861,0.200446,,,,0.421484,0.289961,2.220376,,,,,,
60729,,,,,,,,,0.741622,0.652433,,,,,,,,,,,,,,,,,,
60736,0.416739,0.296524,2.228084,,,,,,,,,,,,,,,,,0.416441,0.297044,2.229235,,,,,,
60739,,,,0.385257,0.318712,2.261947,0.628319,1.256637,0.659220,1.304869,45.506435,53.688362,45.518593,52.383480,0.143998,0.185811,0.036800,0.011366,0.033863,0.411345,0.303973,2.238246,,,,,,
60748,,,,,,,,,0.851492,0.652435,,,45.922943,52.788143,0.139871,0.181944,,,,,,,,,,,,
60755,,,,,,,,,,,,,,,,,,,,0.406251,0.310863,2.244162,,,,,,
60758,,,,,,,,,0.714154,1.304868,,,45.718620,52.039543,0.141872,0.189760,,,,,,,,,,,,
60763,,,,,,,,,,,,,,,,,,,,0.401322,0.317165,2.253266,,,,,,
60768,,,,,,,,,0.741622,1.957302,,,45.002159,51.409668,0.149137,0.196515,,,,,,,,,,,,
60778,,,,,,,,,0.714154,1.304868,,,44.399330,51.424236,0.155387,0.196822,,,,,,,,,,,,
60785,,,,,,,,,,,,,,,,,,,,0.392405,0.328391,2.277977,,,,,,
60788,0.392542,0.328030,2.279262,0.364484,0.342274,2.324779,0.628319,1.256637,0.659220,1.304869,43.077374,51.734657,43.347565,50.347408,0.141560,0.188330,0.029073,0.012039,0.045516,,,,,,,,,
60796,,,,,,,,,,,,,,,0.133870,0.181186,,,,0.387927,0.333628,2.293528,,,,,,
60799,,,,,,,,,0.824024,1.304869,,,44.096241,51.074993,,,,,,0.383311,0.338804,2.308510,,,,,,
60808,,,,,,,,,0.714154,1.304868,,,43.092545,50.598099,0.143904,0.186183,,,,,,,,,,,,
60814,,,,,,,,,,,,,,,,,,,,0.378876,0.343955,2.320901,,,,,,
60818,,,,,,,,,0.686687,1.957303,,,42.792580,49.652294,0.146960,0.196057,,,,,,,,,,,,
60828,,,,,,,,,0.686687,1.957303,,,41.995647,49.945580,0.155146,0.193482,,,,,,,,,,,,
60836,0.369675,0.353689,2.356065,,,,,,,,,,,,,,,,,0.369737,0.353750,2.354138,,,,,,
60839,,,,0.342274,0.364484,2.387610,0.628319,1.256637,0.604285,1.304869,42.797462,50.894970,40.780563,48.558723,0.164901,0.199421,0.027007,0.011746,0.031545,,,,,,,,,
60844,,,,,,,,,,,,,,,,,,,,0.365210,0.358487,2.375151,,,,,,
60848,,,,,,,,,0.769089,2.609737,,,40.847279,49.569996,0.164624,0.189573,,,,,,,,,,,,
60856,,,,,,,,,,,,,40.903412,49.331791,0.164441,0.192268,,,,0.360549,0.363050,2.390089,,,,,,
60859,,,,,,,,,0.741622,1.957302,,,,,,,,,,,,,,,,,,
60866,,,,,,,,,,,,,40.406101,49.131367,0.169893,0.194625,,,,0.355926,0.367314,2.408140,,,,,,
60869,,,,,,,,,0.686687,0.652435,,,,,,,,,,,,,,,,,,
60874,,,,,,,,,,,,,,,,,,,,0.351286,0.371619,2.426067,,,,,,
60878,,,,,,,,,0.686687,1.957303,,,40.532207,48.962730,0.169085,0.196698,,,,,,,,,,,,
60881,,,,,,,,,,,,,,,,,,,,0.346768,0.375680,2.443935,,,,,,
60888,0.346557,0.375772,2.444772,0.318712,0.385257,2.450442,0.628319,1.256637,0.659220,0.000000,43.463070,50.511337,40.638313,47.731754,0.175245,0.205727,0.027441,0.010597,0.005670,,,,,,,,,
60896,,,,,,,,,,,,,39.638504,48.329639,0.186008,0.200185,,,,0.341960,0.379965,2.461580,,,,,,
60899,,,,,,,,,0.686687,3.262170,,,,,,,,,,,,,,,,,,
60903,,,,,,,,,,,,,,,,,,,,0.336973,0.384108,2.476323,,,,,,
60908,,,,,,,,,0.659220,1.304869,,,38.797264,47.743614,0.195353,0.206598,,,,,,,,,,,,
60911,,,,,,,,,,,,,,,,,,,,0.331758,0.388397,2.493784,,,,,,
60918,,,,,,,,,0.659220,2.609737,,,38.633987,47.250534,0.197952,0.212181,,,,,,,,,,,,
60925,,,,,,,,,,,,,,,,,,,,0.326612,0.392597,2.505443,,,,,,
60928,,,,,,,,,0.659220,0.000000,,,39.041149,46.835655,0.194764,0.217065,,,,,,,,,,,,
60933,,,,,,,,,,,,,,,,,,,,0.321324,0.396784,2.520057,,,,,,
60938,0.321310,0.396784,2.513739,0.293893,0.404508,2.513274,0.628319,1.256637,0.604285,1.304869,43.391407,50.181503,38.294651,45.942032,0.202532,0.223551,0.026725,0.009854,-0.000465,,,,,,,,,
60941,,,,,,,,,,,,,,,,,,,,0.316068,0.400977,2.531604,,,,,,
60948,,,,,,,,,0.796557,1.957302,,,39.300175,46.823769,0.193295,0.215405,,,,,,,,,,,,
60956,,,,,,,,,,,,,39.057137,46.476574,0.196592,0.219618,,,,0.310642,0.404975,2.543259,,,,,,
60959,,,,,,,,,0.659220,0.000000,,,,,,,,,,,,,,,,,,
60962,,,,,,,,,,,,,,,,,,,,0.304940,0.409027,2.557659,,,,,,
60968,,,,,,,,,0.741622,1.957302,,,39.397186,46.728989,0.193991,0.217785,,,,0.298956,0.413073,2.569171,,,,,,
60978,,,,,,,,,0.659220,1.304869,,,39.683308,46.941368,0.191871,0.216309,,,,,,,,,,,,
60984,,,,,,,,,,,,,,,,,,,,0.293112,0.417062,2.580699,,,,,,
60988,0.293188,0.416911,2.580553,0.267913,0.422164,2.576106,0.628319,1.256637,0.631752,0.652435,42.766918,49.382072,39.379505,46.030979,0.189342,0.218089,0.024195,0.009000,-0.004447,,,,,,,,,
60992,,,,,,,,,,,,,,,,,,,,0.287281,0.420713,2.592209,,,,,,
60998,,,,,,,,,0.824024,1.304869,,,40.212975,47.443150,0.181518,0.204355,,,,,,,,,,,,
61006,,,,,,,,,,,,,40.369709,47.542263,0.180430,0.203732,,,,0.281490,0.424469,2.603777,,,,,,
61009,,,,,,,,,0.714154,1.304868,,,,,,,,,,,,,,,,,,
61014,,,,,,,,,,,,,,,,,,,,0.275663,0.428272,2.612427,,,,,,
61018,,,,,,,,,0.659220,1.304869,,,40.501587,47.081116,0.179564,0.208803,,,,,,,,,,,,
61028,,,,,,,,,0.741622,1.957302,,,40.612549,47.237648,0.178886,0.207667,,,,,,,,,,,,
61036,,,,,,,,,,,,,,,,,,,,0.263543,0.435772,2.638170,,,,,,
61039,0.263323,0.435723,2.641543,0.240877,0.438153,2.638938,0.628319,1.256637,0.631752,0.652435,41.796982,48.477863,40.161369,46.824814,0.174025,0.203084,0.020863,0.008629,-0.002605,,,,,,,,,
61044,,,,,,,,,,,,,,,,,,,,0.257281,0.439559,2.649610,,,,,,
61048,,,,,,,,,0.796557,1.957302,,,40.870834,47.566540,0.167116,0.195849,,,,,,,,,,,,
61056,,,,,,,,,,,,,40.923233,47.646084,0.166766,0.195220,,,,0.251161,0.443156,2.663832,,,,,,
61059,,,,,,,,,0.741622,0.652433,,,,,,,,,,,,,,,,,,
61066,,,,,,,,,,,,,40.967323,47.713013,0.166491,0.194703,,,,0.244977,0.446614,2.678067,,,,,,
61069,,,,,,,,,0.659220,1.304869,,,,,,,,,,,,,,,,,,
61073,,,,,,,,,,,,,,,,,,,,0.238785,0.450131,2.692298,,,,,,
61078,,,,,,,,,0.686687,1.957303,,,40.459877,47.769329,0.171833,0.194282,,,,,,,,,,,,
61082,,,,,,,,,,,,,,,,,,,,0.232315,0.453434,2.703622,,,,,,
61088,0.232327,0.453211,2.706620,0.212890,0.452414,2.701770,0.628319,1.256637,0.631752,0.652435,40.833939,47.431396,40.032909,46.727627,0.166633,0.194375,0.017291,0.008914,-0.004850,,,,,,,,,
61096,,,,,,,,,,,,,40.218204,47.484768,0.164903,0.186793,,,,0.226008,0.456634,2.717787,,,,,,
61099,,,,,,,,,0.741622,1.957302,,,,,,,,,,,,,,,,,,
61104,,,,,,,,,,,,,,,,,,,,0.219308,0.459785,2.734697,,,,,,
61108,,,,,,,,,0.714154,1.304868,,,40.374111,47.577282,0.163436,0.185839,,,,,,,,,,,,
61116,,,,,,,,,,,,,40.505291,47.110580,0.162190,0.190570,,,,0.219308,0.459785,2.734697,,,,,,
61119,,,,,,,,,0.686687,0.652435,,,,,,,,,,,,,,,,,,
61128,,,,,,,,,0.686687,0.652435,,,40.071121,46.717899,0.166684,0.194639,,,,,,,,,,,,
61131,,,,,,,,,,,,,,,,,,,,0.205787,0.465585,2.754337,,,,,,
61139,0.205381,0.465715,2.753069,0.184062,0.464888,2.764602,0.628319,1.256637,0.631752,1.957303,41.105221,48.351273,39.705811,46.387497,0.173330,0.207535,0.019417,0.008841,0.011533,0.199143,0.468302,2.768394,,,,,,
61146,,,,,,,,,,,,,39.942982,47.198582,0.171191,0.199654,,,,0.192657,0.471000,2.782430,,,,,,
61149,,,,,,,,,0.769089,1.304867,,,,,,,,,,,,,,,,,,
61154,,,,,,,,,,,,,,,,,,,,0.185954,0.473589,2.790866,,,,,,
61158,,,,,,,,,0.714154,1.304868,,,40.142540,47.336487,0.169388,0.198478,,,,,,,,,,,,
61162,,,,,,,,,,,,,,,,,,,,0.179642,0.475969,2.804906,,,,,,
61168,,,,,,,,,0.714154,1.304868,,,40.310448,46.907974,0.167867,0.203052,,,,0.173213,0.478407,2.818915,,,,,,
61178,,,,,,,,,0.686687,1.957303,,,40.451725,47.091969,0.166585,0.201464,,,,,,,,,,,,
61184,,,,,,,,,,,,,,,,,,,,0.166913,0.480397,2.830285,,,,,,
61188,0.167426,0.480129,2.832016,0.154508,0.475528,2.827433,0.628319,1.256637,0.576817,0.652434,39.037590,45.633842,39.481506,46.157696,0.155522,0.183528,0.010902,0.008318,-0.004582,,,,,,,,,
61192,,,,,,,,,,,,,,,,,,,,0.160369,0.482691,2.844363,,,,,,
61198,,,,,,,,,0.769089,1.304867,,,40.298798,47.005226,0.147097,0.174778,,,,,,,,,,,,
61206,,,,,,,,,,,,,39.897377,47.173794,0.150940,0.172784,,,,0.153782,0.484953,2.858345,,,,,,
61209,,,,,,,,,0.686687,1.957303,,,,,,,,,,,,,,,,,,
61216,,,,,,,,,,,,,39.015079,46.226543,0.159767,0.182138,,,,0.147177,0.487011,2.872242,,,,,,
61219,,,,,,,,,0.604285,1.304869,,,,,,,,,,,,,,,,,,
61228,,,,,,,,,0.686687,1.957303,,,38.817257,45.974072,0.161789,0.184595,,,,,,,,,,,,
61235,,,,,,,,,,,,,,,,,,,,0.133890,0.491078,2.900150,,,,,,
61238,0.133922,0.490908,2.902641,0.124345,0.484292,2.890265,0.628319,1.256637,0.576817,0.652434,38.296196,44.590706,38.106266,45.217094,0.161523,0.181608,0.007739,0.008695,-0.012376,,,,,,,,,
61242,,,,,,,,,,,,,,,,,,,,0.127250,0.492950,2.916833,,,,,,
61248,,,,,,,,,0.769089,1.304867,,,39.141670,46.213806,0.151000,0.171317,,,,0.120687,0.494598,2.930765,,,,,,
61258,,,,,,,,,0.659220,1.304869,,,38.923771,45.963352,0.153054,0.173547,,,,,,,,,,,,
61264,,,,,,,,,,,,,,,,,,,,0.114303,0.496106,2.944554,,,,,,
61268,,,,,,,,,0.631752,0.652435,,,38.740429,45.208076,0.154798,0.180976,,,,,,,,,,,,
61278,,,,,,,,,0.659220,1.304869,,,38.586166,45.117130,0.156283,0.181780,,,,,,,,,,,,
61288,0.113243,0.496242,2.946509,0.093691,0.491144,2.953097,0.628319,1.256637,0.576817,1.957303,40.861465,47.910305,37.367283,44.496067,0.194823,0.221869,0.018193,0.008791,0.006588,,,,,,,,,
61291,,,,,,,,,,,,,,,,,,,,0.101328,0.498844,2.966886,,,,,,
61297,,,,,,,,,0.796557,1.957302,,,38.519890,45.607132,0.183765,0.211219,,,,0.095135,0.499992,2.978138,,,,,,
61305,,,,,,,,,,,,,,,,,,,,0.088809,0.501166,2.989128,,,,,,
61308,,,,,,,,,0.659220,0.000000,,,38.945148,45.452896,0.179896,0.213253,,,,,,,,,,,,
61312,,,,,,,,,,,,,,,,,,,,0.082562,0.502154,3.003079,,,,,,
61318,,,,,,,,,0.659220,2.609737,,,38.213875,45.323124,0.187738,0.215068,,,,0.076245,0.503188,3.014249,,,,,,
61328,,,,,,,,,0.659220,0.000000,,,38.687668,45.213932,0.183435,0.216700,,,,,,,,,,,,
61336,0.070593,0.504073,3.021264,,,,,,,,,,,,,,,,,0.069652,0.504223,3.028111,,,,,,
61339,,,,0.062667,0.496057,3.015929,0.628319,1.256637,0.576817,1.957303,37.922825,44.500950,37.452686,44.577515,0.166493,0.188955,0.006907,0.008909,-0.005335,,,,,,,,,
61342,,,,,,,,,,,,,,,,,,,,0.063099,0.505036,3.039161,,,,,,
61348,,,,,,,,,0.714154,1.304868,,,38.047203,45.131119,0.160523,0.183293,,,,0.056017,0.505925,3.052841,,,,,,
61358,,,,,,,,,0.659220,1.304869,,,38.002888,45.052380,0.160950,0.183970,,,,,,,,,,,,
61364,,,,,,,,,,,,,,,,,,,,0.049119,0.506843,3.066606,,,,,,
61368,,,,,,,,,0.659220,0.000000,,,37.965599,44.441586,0.161314,0.190090,,,,,,,,,,,,
61378,,,,,,,,,0.659220,1.304869,,,37.934223,44.472206,0.161626,0.189789,,,,,,,,,,,,
61386,0.035267,0.508200,3.095973,,,,,,,,,,,,,,,,,0.035039,0.508316,3.096842,,,,,,
61389,,,,0.031395,0.499013,3.078761,0.628319,1.256637,0.576817,1.957303,37.176373,43.292137,37.363281,43.953426,0.159833,0.182757,0.003449,0.009354,-0.017211,,,,,,,,,
61396,,,,,,,,,,,,,37.971977,45.150555,0.153587,0.170414,,,,0.028397,0.508927,3.113506,,,,,,
61399,,,,,,,,,0.769089,2.609737,,,,,,,,,,0.021598,0.509353,3.124550,,,,,,
61408,,,,,,,,,0.659220,1.304869,,,37.395050,45.068733,0.159313,0.170877,,,,,,,,,,,,
61415,,,,,,,,,,,,,,,,,,,,0.015138,0.509674,3.138487,,,,,,
61418,,,,,,,,,0.631752,0.652435,,,37.454166,44.999889,0.158666,0.171224,,,,,,,,,,,,
61423,,,,,,,,,,,,,,,,,,,,0.008618,0.509900,-3.130814,,,,,,
61428,,,,,,,,,0.604285,1.304869,,,37.503906,44.397419,0.158103,0.177027,,,,,,,,,,,,
61436,0.002637,0.509841,-3.117298,,,,,,,,,,,,,,,,,0.002416,0.509956,-3.116867,,,,,,
61439,,,,0.000000,0.500000,-3.141592,0.628319,1.256637,0.604285,1.304869,37.145603,42.988674,37.001213,43.890503,0.162851,0.178881,0.002876,0.009774,-0.024295,,,,,,,,,
61445,,,,,,,,,,,,,,,,,,,,-0.003820,0.509799,-3.102950,,,,,,
61448,,,,,,,,,0.714154,1.304868,,,37.667336,44.553066,0.156085,0.171943,,,,,,,,,,,,
61453,,,,,,,,,,,,,,,,,,,,-0.009954,0.509533,-3.091810,,,,,,
61458,,,,,,,,,0.686687,0.652435,,,38.227810,44.566006,0.150264,0.171498,,,,,,,,,,,,
61461,,,,,,,,,,,,,,,,,,,,-0.016332,0.509228,-3.083510,,,,,,
61468,,,,,,,,,0.659220,1.304869,,,37.610306,44.032349,0.156346,0.176626,,,,,,,,,,,,
61475,,,,,,,,,,,,,,,,,,,,-0.022843,0.508833,-3.072491,,,,,,
61478,,,,,,,,,0.576817,0.652434,,,37.635281,43.583332,0.155999,0.180997,,,,,,,,,,,,
61483,,,,,,,,,,,,,,,,,,,,-0.029273,0.508390,-3.064272,,,,,,
61488,-0.029013,0.508409,-3.065984,-0.031395,0.499013,-3.078760,0.628319,1.256637,0.549350,1.304868,36.990105,43.278557,36.567207,42.660984,0.165209,0.193243,0.003085,0.009189,-0.012776,,,,,,,,,
61491,,,,,,,,,,,,,,,,,,,,-0.035849,0.508048,-3.056001,,,,,,
61498,,,,,,,,,0.714154,1.304868,,,37.302162,43.518551,0.157797,0.184619,,,,,,,,,,,,
61505,,,,,,,,,,,,,,,,,,,,-0.042627,0.507706,-3.044982,,,,,,
61508,,,,,,,,,0.604285,1.304869,,,36.831467,43.151020,0.162536,0.188320,,,,,,,,,,,,
61514,,,,,,,,,,,,,,,,,,,,-0.049171,0.507115,-3.031449,,,,,,
61518,,,,,,,,,0.631752,0.652435,,,36.979965,42.841782,0.161053,0.191500,,,,,,,,,,,,
61528,,,,,,,,,0.631752,0.652435,,,37.104912,42.581589,0.159780,0.194241,,,,,,,,,,,,
61538,-0.050119,0.506980,-3.031611,-0.062667,0.496057,-3.015929,0.628319,1.256637,0.549350,1.304868,39.398487,46.821781,36.120956,41.818119,0.194359,0.238309,0.013671,0.009479,0.015681,,,,,,,,,
61544,,,,,,,,,,,,,,,,,,,,-0.068486,0.505305,-3.003597,,,,,,
61548,,,,,,,,,0.741622,1.957302,,,36.926685,43.353909,0.186796,0.223644,,,,,,,,,,,,
61556,,,,,,,,,,,,,37.060081,43.557034,0.185930,0.222266,,,,-0.075030,0.504526,-2.987025,,,,,,
61559,,,,,,,,,0.659220,1.304869,,,,,,,,,,-0.081425,0.503710,-2.978579,,,,,,
61568,,,,,,,,,0.686687,1.957303,,,37.172321,43.727943,0.185253,0.221176,,,,,,,,,,,,
61575,,,,,,,,,,,,,,,,,,,,-0.088041,0.502938,-2.961986,,,,,,
61578,,,,,,,,,0.659220,1.304869,,,37.266762,44.416290,0.184735,0.214773,,,,,,,,,,,,
61583,,,,,,,,,,,,,,,,,,,,-0.094587,0.501934,-2.948053,,,,,,
61588,-0.093592,0.501961,-2.949593,-0.093691,0.491144,-2.953098,0.628319,1.256637,0.576817,0.652434,36.535290,43.219559,36.801682,43.361835,0.160700,0.189267,0.002161,0.010599,-0.003505,,,,,,,,,
61591,,,,,,,,,,,,,,,,,,,,-0.101021,0.500885,-2.934081,,,,,,
61598,,,,,,,,,0.769089,2.609737,,,37.499447,44.652790,0.153530,0.176071,,,,,,,,,,,,
61605,,,,,,,,,,,,,,,,,,,,-0.107654,0.499600,-2.920187,,,,,,
61608,,,,,,,,,0.631752,0.652435,,,37.542004,44.649914,0.152903,0.175814,,,,,,,,,,,,
61612,,,,,,,,,,,,,,,,,,,,-0.114250,0.498133,-2.908989,,,,,,
61618,,,,,,,,,0.631752,1.957303,,,37.033268,44.647495,0.157891,0.175552,,,,-0.120808,0.496529,-2.895063,,,,,,
61628,,,,,,,,,0.631752,0.652435,,,37.149761,44.100914,0.156603,0.180842,,,,,,,,,,,,
61634,,,,,,,,,,,,,,,,,,,,-0.127332,0.495033,-2.881109,,,,,,
61638,-0.127092,0.495059,-2.884119,-0.124345,0.484292,-2.890266,0.628319,1.256637,0.604285,1.304869,35.998302,42.587921,36.703236,43.641022,0.155557,0.178914,0.000085,0.011112,-0.006146,,,,,,,,,
61642,,,,,,,,,,,,,,,,,,,,-0.133822,0.493342,-2.869876,,,,,,
61648,,,,,,,,,0.769089,1.304867,,,37.961159,44.887699,0.142585,0.165987,,,,-0.139977,0.491696,-2.855937,,,,,,
61658,,,,,,,,,0.659220,1.304869,,,37.930489,44.847565,0.142506,0.165937,,,,,,,,,,,,
61664,,,,,,,,,,,,,,,,,,,,-0.146367,0.490004,-2.844779,,,,,,
61668,,,,,,,,,0.604285,1.304869,,,37.360142,44.269253,0.147937,0.171383,,,,,,,,,,,,
61678,,,,,,,,,0.659220,1.304869,,,37.424793,43.782661,0.147005,0.176010,,,,,,,,,,,,
61686,-0.158560,0.486331,-2.819415,,,,,,,,,,,,,,,,,-0.158550,0.486395,-2.819463,,,,,,
61689,,,,-0.154508,0.475528,-2.827434,0.628319,1.256637,0.521882,0.652434,35.887852,42.411495,36.390106,42.828701,0.156147,0.183702,-0.000423,0.011530,-0.008018,,,,,,,,,
61694,,,,,,,,,,,,,,,,,,,,-0.164986,0.484367,-2.805436,,,,,,
61698,,,,,,,,,0.741622,1.957302,,,37.153149,43.659668,0.148263,0.175143,,,,,,,,,,,,
61701,,,,,,,,,,,,,,,,,,,,-0.171232,0.482400,-2.794350,,,,,,
61708,,,,,,,,,0.604285,1.304869,,,36.706085,43.814301,0.152570,0.173316,,,,,,,,,,,,
61716,,,,,,,,,,,,,36.874470,43.399864,0.150689,0.177263,,,,-0.177367,0.480322,-2.780287,,,,,,
61719,,,,,,,,,0.659220,1.304869,,,,,,,,,,,,,,,,,,
61723,,,,,,,,,,,,,,,,,,,,-0.183347,0.478124,-2.768998,,,,,,
61728,,,,,,,,,0.631752,0.652435,,,36.471607,43.595703,0.154601,0.175068,,,,,,,,,,,,
61731,,,,,,,,,,,,,,,,,,,,-0.189271,0.475969,-2.754878,,,,,,
61738,-0.189192,0.475952,-2.757557,-0.184062,0.464888,-2.764601,0.628319,1.256637,0.549350,1.304868,35.809471,42.384659,36.132637,42.671394,0.157142,0.183985,-0.000611,0.012180,-0.007044,,,,,,,,,
61745,,,,,,,,,,,,,,,,,,,,-0.195029,0.473745,-2.743586,,,,,,
61748,,,,,,,,,0.714154,1.304868,,,36.391972,43.527309,0.154433,0.175197,,,,,,,,,,,,
61753,,,,,,,,,,,,,,,,,,,,-0.200665,0.471511,-2.729456,,,,,,
61758,,,,,,,,,0.576817,1.957303,,,36.065632,43.158390,0.157645,0.178732,,,,-0.206200,0.469324,-2.718074,,,,,,
61768,,,,,,,,,0.659220,1.304869,,,36.335594,42.847980,0.154840,0.181743,,,,,,,,,,,,
61776,,,,,,,,,,,,,36.018196,42.586803,0.157972,0.184315,,,,-0.211544,0.467092,-2.703849,,,,,,
61779,,,,,,,,,0.604285,1.304869,,,,,,,,,,,,,,,,,,
61782,,,,,,,,,,,,,,,,,,,,-0.217098,0.464616,-2.692477,,,,,,
61788,-0.217075,0.464541,-2.692466,-0.212890,0.452414,-2.701770,0.628319,1.256637,0.494415,1.304868,36.440582,42.937252,34.662052,41.822506,0.178200,0.197706,0.001496,0.012741,-0.009304,,,,,,,,,
61791,,,,,,,,,,,,,,,,,,,,-0.223170,0.462008,-2.678285,,,,,,
61798,,,,,,,,,0.714154,1.304868,,,35.699165,42.813057,0.167978,0.187826,,,,,,,,,,,,
61804,,,,,,,,,,,,,,,,,,,,-0.228942,0.459468,-2.664059,,,,,,
61808,,,,,,,,,0.604285,1.304869,,,35.482704,42.557419,0.170334,0.190458,,,,,,,,,,,,
61816,,,,,,,,,,,,,35.845116,42.342323,0.166829,0.192728,,,,-0.234643,0.456756,-2.652709,,,,,,
61819,,,,,,,,,0.631752,0.652435,,,,,,,,,,,,,,,,,,
61826,,,,,,,,,,,,,35.605507,42.705887,0.169392,0.189139,,,,-0.240130,0.454010,-2.638422,,,,,,
61829,,,,,,,,,0.631752,1.957303,,,,,,,,,,,,,,,,,,
61833,,,,,,,,,,,,,,,,,,,,-0.245444,0.451361,-2.626884,,,,,,
61838,-0.245395,0.451206,-2.624179,-0.240877,0.438153,-2.638938,0.628319,1.256637,0.549350,1.304868,36.828709,43.125576,34.859356,41.922703,0.181128,0.199094,0.002530,0.013580,-0.014759,,,,,,,,,
61841,,,,,,,,,,,,,,,,,,,,-0.250969,0.448461,-2.612609,,,,,,
61848,,,,,,,,,0.714154,1.304868,,,35.865177,42.897362,0.171263,0.189393,,,,,,,,,,,,
61855,,,,,,,,,,,,,,,,,,,,-0.256396,0.445434,-2.598255,,,,,,
61858,,,,,,,,,0.631752,1.957303,,,35.622387,42.628353,0.173932,0.192183,,,,,,,,,,,,
61862,,,,,,,,,,,,,,,,,,,,-0.261676,0.442310,-2.583906,,,,,,
61868,,,,,,,,,0.576817,0.652434,,,35.418102,42.402008,0.176257,0.194591,,,,-0.267359,0.438838,-2.572414,,,,,,
61878,,,,,,,,,0.659220,1.304869,,,35.790760,42.756107,0.172738,0.191124,,,,,,,,,,,,
61884,,,,,,,,,,,,,,,,,,,,-0.272998,0.435461,-2.560820,,,,,,
61888,-0.273040,0.435337,-2.560664,-0.267913,0.422164,-2.576106,0.628319,1.256637,0.576817,0.652434,36.955864,43.230522,35.559772,41.964958,0.176599,0.200338,0.002944,0.013826,-0.015442,,,,,,,,,
61892,,,,,,,,,,,,,,,,,,,,-0.278371,0.432154,-2.546399,,,,,,
61898,,,,,,,,,0.714154,1.304868,,,36.454506,42.932915,0.167752,0.190718,,,,,,,,,,,,
61906,,,,,,,,,,,,,36.118248,42.658268,0.171282,0.193579,,,,-0.283534,0.428711,-2.534853,,,,,,
61909,,,,,,,,,0.631752,0.652435,,,,,,,,,,,,,,,,,,
61914,,,,,,,,,,,,,,,,,,,,-0.288717,0.425282,-2.523224,,,,,,
61918,,,,,,,,,0.631752,1.957303,,,36.379864,42.971722,0.168781,0.190496,,,,,,,,,,,,
61928,,,,,,,,,0.659220,1.304869,,,36.599987,43.235462,0.166651,0.187858,,,,,,,,,,,,
61940,-0.289666,0.424538,-2.520892,-0.293893,0.404508,-2.513274,0.628319,1.256637,0.741622,0.652433,39.917393,47.107182,37.874287,44.001915,0.183932,0.219581,0.015088,0.013836,0.007617,,,,,,,,,
61943,,,,,,,,,,,,,,,,,,,,-0.304473,0.414636,-2.485170,,,,,,
61948,,,,,,,,,0.466947,0.652434,,,36.223766,41.924095,0.201176,0.241396,,,,,,,,,,,,
61951,,,,,,,,,,,,,,,,,,,,-0.309787,0.410698,-2.473485,,,,,,
61958,,,,,,,,,0.714154,1.304868,,,36.468647,42.353989,0.199417,0.238047,,,,,,,,,,,,
61965,,,,,,,,,,,,,,,,,,,,-0.315015,0.406718,-2.464694,,,,,,
61968,,,,,,,,,0.631752,1.957303,,,36.674690,43.260246,0.198005,0.229754,,,,,,,,,,,,
61973,,,,,,,,,,,,,,,,,,,,-0.320030,0.402795,-2.450072,,,,,,
61978,,,,,,,,,0.686687,0.652435,,,37.392597,43.478230,0.191331,0.228300,,,,,,,,,,,,
61981,,,,,,,,,,,,,,,,,,,,-0.325179,0.398742,-2.435268,,,,,,
61988,-0.324508,0.399184,-2.439718,-0.318712,0.385257,-2.450443,0.628319,1.256637,0.631752,1.957303,37.315357,43.788101,36.907558,43.661640,0.170242,0.193301,0.004566,0.014377,-0.010725,,,,,,,,,
61996,,,,,,,,,,,,,37.588531,44.360504,0.163378,0.186197,,,,-0.330469,0.394399,-2.420521,,,,,,
61999,,,,,,,,,0.741622,0.652433,,,,,,,,,,,,,,,,,,
62002,,,,,,,,,,,,,,,,,,,,-0.335755,0.390036,-2.405647,,,,,,
62008,,,,,,,,,0.659220,2.609737,,,37.616959,44.948528,0.163033,0.180085,,,,-0.341389,0.385180,-2.390832,,,,,,
62018,,,,,,,,,0.659220,1.304869,,,37.640881,44.898746,0.162729,0.180361,,,,,,,,,,,,
62023,,,,,,,,,,,,,,,,,,,,-0.346746,0.380410,-2.375865,,,,,,
62028,,,,,,,,,0.686687,0.652435,,,38.205551,44.856861,0.156904,0.180566,,,,,,,,,,,,
62031,,,,,,,,,,,,,,,,,,,,-0.351899,0.375455,-2.360958,,,,,,
62038,-0.351763,0.375543,-2.364831,-0.342274,0.364484,-2.387611,0.628319,1.256637,0.576817,0.652434,36.537739,42.535435,37.591579,43.732533,0.155057,0.179043,0.000984,0.014539,-0.022780,,,,,,,,,
62045,,,,,,,,,,,,,,,,,,,,-0.356883,0.370594,-2.349037,,,,,,
62048,,,,,,,,,0.741622,1.957302,,,38.164070,44.964695,0.149007,0.166236,,,,,,,,,,,,
62053,,,,,,,,,,,,,,,,,,,,-0.361820,0.365663,-2.337012,,,,,,
62058,,,,,,,,,0.631752,0.652435,,,38.101219,44.367805,0.149322,0.171838,,,,-0.366487,0.360980,-2.321961,,,,,,
62068,,,,,,,,,0.659220,1.304869,,,37.503792,44.410130,0.155104,0.171040,,,,,,,,,,,,
62075,,,,,,,,,,,,,,,,,,,,-0.371311,0.356173,-2.309811,,,,,,
62078,,,,,,,,,0.686687,1.957303,,,38.090202,44.445740,0.148929,0.170302,,,,,,,,,,,,
62082,,,,,,,,,,,,,,,,,,,,-0.375869,0.351494,-2.300724,,,,,,
62088,-0.375805,0.351399,-2.297894,-0.364484,0.342274,-2.324779,0.628319,1.256637,0.576817,0.652434,36.139446,41.974003,37.494522,43.931160,0.150632,0.169442,-0.000708,0.014523,-0.026885,,,,,,,,,
62091,,,,,,,,,,,,,,,,,,,,-0.380576,0.346770,-2.288572,,,,,,
62098,,,,,,,,,0.714154,1.304868,,,38.082405,44.587276,0.144364,0.162358,,,,,,,,,,,,
62104,,,,,,,,,,,,,,,,,,,,-0.385064,0.341969,-2.273318,,,,,,
62108,,,,,,,,,0.604285,1.304869,,,37.487961,44.050247,0.150039,0.167313,,,,,,,,,,,,
62112,,,,,,,,,,,,,,,,,,,,-0.389259,0.337126,-2.264211,,,,,,
62118,,,,,,,,,0.659220,1.304869,,,37.532341,44.142933,0.149317,0.165952,,,,,,,,,,,,
62126,,,,,,,,,,,,,37.569683,43.676376,0.148657,0.170277,,,,-0.393350,0.332122,-2.251958,,,,,,
62129,,,,,,,,,0.659220,1.304869,,,,,,,,,,,,,,,,,,
62134,,,,,,,,,,,,,,,,,,,,-0.397296,0.327327,-2.245847,,,,,,
62138,-0.397265,0.327224,-2.244742,-0.385257,0.318712,-2.261947,0.628319,1.256637,0.521882,0.652434,35.916073,42.138031,36.512016,42.739273,0.156881,0.181168,-0.000843,0.014694,-0.017205,,,,,,,,,
62141,,,,,,,,,,,,,,,,,,,,-0.401264,0.322574,-2.233550,,,,,,
62148,,,,,,,,,0.686687,0.652435,,,37.255726,43.039883,0.149176,0.177982,,,,,,,,,,,,
62156,,,,,,,,,,,,,37.336937,43.292812,0.148080,0.175222,,,,-0.405246,0.317499,-2.224297,,,,,,
62159,,,,,,,,,0.659220,1.304869,,,,,,,,,,,,,,,,,,
62163,,,,,,,,,,,,,,,,,,,,-0.409059,0.312464,-2.215085,,,,,,
62168,,,,,,,,,0.659220,1.304869,,,37.405270,42.961086,0.147099,0.178374,,,,-0.413154,0.307432,-2.208820,,,,,,
62178,,,,,,,,,0.576817,0.652434,,,36.918221,42.681973,0.151769,0.181057,,,,,,,,,,,,
62184,,,,,,,,,,,,,,,,,,,,-0.417050,0.302443,-2.196436,,,,,,
62188,-0.416867,0.302606,-2.197754,-0.404508,0.293893,-2.199115,0.628319,1.256637,0.549350,1.304868,35.785561,42.644566,35.963875,41.902580,0.159971,0.194064,-0.000195,0.015120,-0.001361,,,,,,,,,
62196,,,,,,,,,,,,,36.794518,42.335888,0.151463,0.189793,,,,-0.420888,0.297327,-2.187197,,,,,,
62199,,,,,,,,,0.714154,1.304868,,,,,,,,,,,,,,,,,,
62206,,,,,,,,,,,,,36.404335,42.155930,0.155241,0.191690,,,,-0.424416,0.292429,-2.171510,,,,,,
62209,,,,,,,,,0.576817,0.652434,,,,,,,,,,,,,,,,,,
62213,,,,,,,,,,,,,,,,,,,,-0.427973,0.287637,-2.158892,,,,,,
62218,,,,,,,,,0.686687,1.957303,,,36.076035,42.549057,0.158466,0.187778,,,,,,,,,,,,
62228,,,,,,,,,0.604285,1.304869,,,36.344345,42.879833,0.155671,0.184423,,,,,,,,,,,,
62235,,,,,,,,,,,,,,,,,,,,-0.435612,0.277722,-2.133643,,,,,,
62238,-0.435459,0.277710,-2.133551,-0.422164,0.267913,-2.136283,0.628319,1.256637,0.494415,1.304868,36.189651,43.021072,34.936474,41.524517,0.174041,0.202041,0.001193,0.016471,-0.002732,,,,,,,,,
62243,,,,,,,,,,,,,,,,,,,,-0.439281,0.272611,-2.120902,,,,,,
62248,,,,,,,,,0.741622,1.957302,,,35.930061,43.106873,0.164157,0.186200,,,,,,,,,,,,
62251,,,,,,,,,,,,,,,,,,,,-0.442974,0.267133,-2.104947,,,,,,
62258,,,,,,,,,0.659220,1.304869,,,35.676979,42.804634,0.166791,0.189266,,,,,,,,,,,,
62264,,,,,,,,,,,,,,,,,,,,-0.446179,0.261959,-2.092178,,,,,,
62268,,,,,,,,,0.576817,1.957303,,,35.464039,42.550331,0.169065,0.191903,,,,,,,,,,,,
62279,,,,,,,,,0.631752,0.652435,,,35.829414,43.425449,0.165484,0.183071,,,,,,,,,,,,
62288,-0.446655,0.261016,-2.092915,-0.438153,0.240877,-2.073451,0.628319,1.256637,0.576817,1.957303,39.113861,46.844608,35.047752,42.528141,0.203356,0.231143,0.013215,0.017413,0.019464,,,,,,,,,
62294,,,,,,,,,,,,,,,,,,,,-0.455686,0.246783,-2.050386,,,,,,
62298,,,,,,,,,0.714154,1.304868,,,36.023693,43.406776,0.194214,0.223044,,,,,,,,,,,,
62301,,,,,,,,,,,,,,,,,,,,-0.458719,0.241550,-2.034194,,,,,,
62308,,,,,,,,,0.659220,1.304869,,,36.300304,43.601517,0.192011,0.221745,,,,,,,,,,,,
62316,,,,,,,,,,,,,36.533047,43.765373,0.190200,0.220722,,,,-0.461865,0.235700,-2.024375,,,,,,
62319,,,,,,,,,0.659220,1.304869,,,,,,,,,,,,,,,,,,
62323,,,,,,,,,,,,,,,,,,,,-0.464981,0.229996,-2.008010,,,,,,
62328,,,,,,,,,0.659220,1.304869,,,36.728874,43.903240,0.188718,0.219932,,,,,,,,,,,,
62331,,,,,,,,,,,,,,,,,,,,-0.467852,0.224309,-1.994872,,,,,,
62338,-0.467368,0.224945,-1.997628,-0.452414,0.212890,-2.010619,0.628319,1.256637,0.576817,0.652434,37.378422,43.845078,36.349102,42.930157,0.175367,0.199850,0.004783,0.018603,-0.012991,,,,,,,,,
62345,,,,,,,,,,,,,,,,,,,,-0.470663,0.218527,-1.981689,,,,,,
62348,,,,,,,,,0.796557,1.957302,,,37.118649,44.289577,0.167724,0.186167,,,,,,,,,,,,
62356,,,,,,,,,,,,,37.221600,44.344307,0.166726,0.185520,,,,-0.473545,0.212512,-1.968366,,,,,,
62359,,,,,,,,,0.659220,1.304869,,,,,,,,,,-0.476329,0.206447,-1.955061,,,,,,
62368,,,,,,,,,0.604285,1.304869,,,37.308224,44.390358,0.165874,0.184951,,,,,,,,,,,,
62375,,,,,,,,,,,,,,,,,,,,-0.478923,0.200174,-1.938362,,,,,,
62378,,,,,,,,,0.686687,1.957303,,,37.381111,44.429104,0.165144,0.184446,,,,,,,,,,,,
62383,,,,,,,,,,,,,,,,,,,,-0.481423,0.193629,-1.924853,,,,,,
62388,-0.481312,0.193581,-1.922751,-0.464888,0.184062,-1.947788,0.628319,1.256637,0.576817,0.652434,37.182877,43.173584,36.897896,43.917160,0.168078,0.182702,0.003273,0.018699,-0.025037,,,,,,,,,
62391,,,,,,,,,,,,,,,,,,,,-0.484058,0.187222,-1.914665,,,,,,
62398,,,,,,,,,0.741622,1.957302,,,37.580402,44.575497,0.161173,0.175838,,,,,,,,,,,,
62405,,,,,,,,,,,,,,,,,,,,-0.486398,0.180889,-1.904507,,,,,,
62408,,,,,,,,,0.659220,0.000000,,,37.610119,44.584881,0.160791,0.175462,,,,,,,,,,,,
62416,,,,,,,,,,,,,,,,,,,,-0.488591,0.174790,-1.894357,,,,,,
62419,,,,,,,,,0.659220,1.304869,,,38.179668,44.048233,0.154896,0.180654,,,,-0.490718,0.168761,-1.884126,,,,,,
62428,,,,,,,,,0.631752,0.652435,,,38.114342,44.141239,0.155363,0.179530,,,,,,,,,,,,
62434,,,,,,,,,,,,,,,,,,,,-0.492841,0.162714,-1.870417,,,,,,
62438,-0.492743,0.162800,-1.872073,-0.475528,0.154508,-1.884956,0.628319,1.256637,0.549350,1.304868,36.818668,43.295551,36.970291,43.130409,0.163131,0.190891,0.002810,0.018900,-0.012882,,,,,,,,,
62442,,,,,,,,,,,,,,,,,,,,-0.494900,0.156724,-1.856629,,,,,,
62448,,,,,,,,,0.769089,1.304867,,,37.641315,43.913525,0.156256,0.182937,,,,,,,,,,,,
62456,,,,,,,,,,,,,37.661373,44.027897,0.155887,0.181646,,,,-0.497078,0.150455,-1.846238,,,,,,
62459,,,,,,,,,0.631752,1.957303,,,,,,,,,,,,,,,,,,
62466,,,,,,,,,,,,,37.133705,44.124130,0.161101,0.180518,,,,-0.497078,0.150455,-1.846238,,,,,,
62469,,,,,,,,,0.631752,0.652435,,,,,,,,,,,,,,,,,,
62476,,,,,,,,,,,,,37.234268,43.660557,0.160012,0.185081,,,,-0.499065,0.144117,-1.835779,,,,,,
62479,,,,,,,,,0.604285,1.304869,,,,,,,,,,,,,,,,,,
62482,,,,,,,,,,,,,,,,,,,,-0.500881,0.137701,-1.828809,,,,,,
62488,-0.500875,0.137364,-1.826967,-0.484292,0.124345,-1.822124,0.628319,1.256637,0.576817,0.652434,38.035278,45.224209,36.774342,42.725960,0.177030,0.214213,0.008392,0.019341,0.004843,,,,,,,,,
62491,,,,,,,,,,,,,,,,,,,,-0.502724,0.131329,-1.814702,,,,,,
62497,,,,,,,,,0.741622,1.957302,,,37.476444,43.573223,0.170120,0.206071,,,,-0.504434,0.125191,-1.800652,,,,,,
62504,,,,,,,,,,,,,,,,,,,,-0.505929,0.118941,-1.793520,,,,,,
62508,,,,,,,,,0.659220,1.304869,,,37.522652,43.741566,0.169761,0.204684,,,,,,,,,,,,
62516,,,,,,,,,,,,,,,,,,,,-0.507527,0.112843,-1.779344,,,,,,
62519,,,,,,,,,0.659220,1.304869,,,37.561527,43.883209,0.169467,0.203536,,,,-0.509251,0.106506,-1.765084,,,,,,
62528,,,,,,,,,0.631752,1.957303,,,37.049698,44.002388,0.174782,0.202588,,,,,,,,,,,,
62534,,,,,,,,,,,,,,,,,,,,-0.510612,0.100168,-1.754344,,,,,,
62538,-0.510346,0.100697,-1.752229,-0.491144,0.093691,-1.759293,0.628319,1.256637,0.576817,0.652434,36.866264,43.598824,36.619041,43.558121,0.167448,0.190785,0.003426,0.020151,-0.007063,,,,,,,,,
62542,,,,,,,,,,,,,,,,,,,,-0.511755,0.093634,-1.739879,,,,,,
62548,,,,,,,,,0.714154,1.304868,,,37.345776,44.273403,0.160085,0.183497,,,,,,,,,,,,
62556,,,,,,,,,,,,,36.868164,44.330696,0.164860,0.182778,,,,-0.512799,0.087314,-1.725389,,,,,,
62559,,,,,,,,,0.631752,1.957303,,,,,,,,,,,,,,,,,,
62566,,,,,,,,,,,,,37.010845,43.834362,0.163405,0.187694,,,,-0.513729,0.080657,-1.710772,,,,,,
62569,,,,,,,,,0.659220,1.304869,,,,,,,,,,,,,,,,,,
62576,,,,,,,,,,,,,37.130894,43.961288,0.162151,0.186353,,,,-0.513729,0.080657,-1.710772,,,,,,
62579,,,,,,,,,0.631752,0.652435,,,,,,,,,,,,,,,,,,
62584,,,,,,,,,,,,,,,,,,,,-0.514717,0.074218,-1.699771,,,,,,
62588,-0.514782,0.073825,-1.701436,-0.496057,0.062667,-1.696460,0.628319,1.256637,0.576817,0.652434,38.090984,45.298645,36.687363,42.978996,0.179115,0.213638,0.008624,0.020019,0.004976,,,,,,,,,
62592,,,,,,,,,,,,,,,,,,,,-0.515687,0.067692,-1.684994,,,,,,
62598,,,,,,,,,0.714154,1.304868,,,37.403259,43.786125,0.172093,0.205869,,,,-0.516716,0.060941,-1.673736,,,,,,
62607,,,,,,,,,0.659220,1.304869,,,37.461071,43.920704,0.171641,0.204799,,,,-0.517589,0.054281,-1.662527,,,,,,
62616,,,,,,,,,,,,,36.965172,44.033936,0.176825,0.203919,,,,-0.518333,0.047692,-1.651190,,,,,,
62619,,,,,,,,,0.631752,1.957303,,,,,,,,,,,,,,,,,,
62628,,,,,,,,,0.686687,1.957303,,,37.092464,44.129211,0.175752,0.203200,,,,,,,,,,,,
62636,-0.519473,0.035066,-1.626468,,,,,,,,,,,,,,,,,-0.519640,0.034649,-1.628562,,,,,,
62639,,,,-0.499013,0.031395,-1.633628,0.628319,1.256637,0.576817,0.652434,36.610420,43.348701,36.655025,43.664833,0.165312,0.188282,0.002527,0.020632,-0.007160,,,,,,,,,
62644,,,,,,,,,,,,,,,,,,,,-0.520235,0.027932,-1.613234,,,,,,
62648,,,,,,,,,0.741622,1.957302,,,37.376053,44.363190,0.157948,0.181095,,,,,,,,,,,,
62651,,,,,,,,,,,,,,,,,,,,-0.520796,0.021095,-1.597649,,,,,,
62658,,,,,,,,,0.631752,0.652435,,,37.438179,44.406242,0.157162,0.180453,,,,,,,,,,,,
62666,,,,,,,,,,,,,37.490456,44.442467,0.156463,0.179872,,,,-0.521321,0.014385,-1.582050,,,,,,
62669,,,,,,,,,0.659220,1.304869,,,,,,,,,,,,,,,,,,
62677,,,,,,,,,0.631752,1.957303,,,36.989895,44.472946,0.161392,0.179342,,,,-0.521611,0.007518,-1.567346,,,,,,
62681,,,,,,,,,,,,,,,,,,,,-0.521748,0.000609,-1.555735,,,,,,
62688,-0.521581,0.000850,-1.553462,-0.500000,0.000000,-1.570796,0.628319,1.256637,0.576817,0.652434,36.431820,42.784908,36.568726,43.409508,0.163791,0.184214,0.001224,0.021563,-0.017334,,,,,,,,,
62695,,,,,,,,,,,,,,,,,,,,-0.521862,-0.005953,-1.540152,,,,,,
62698,,,,,,,,,0.714154,1.304868,,,37.303440,44.148357,0.156269,0.176553,,,,,,,,,,,,
62703,,,,,,,,,,,,,,,,,,,,-0.521624,-0.012552,-1.528891,,,,,,
62708,,,,,,,,,0.659220,1.304869,,,37.377083,44.225483,0.155344,0.175493,,,,-0.521295,-0.018938,-1.517320,,,,,,
62718,,,,,,,,,0.686687,0.652435,,,37.439049,43.745834,0.154523,0.180098,,,,,,,,,,,,
62724,,,,,,,,,,,,,,,,,,,,-0.520951,-0.025276,-1.502036,,,,,,
62728,,,,,,,,,0.604285,1.304869,,,37.491184,43.886803,0.153789,0.178468,,,,,,,,,,,,
62736,,,,,,,,,,,,,,,,,,,,-0.520605,-0.031482,-1.490631,,,,,,
62739,-0.520561,-0.031301,-1.490429,-0.499013,-0.031395,-1.507964,0.628319,1.256637,0.576817,0.652434,36.605190,42.948463,36.990509,42.916325,0.160453,0.189814,0.001824,0.021471,-0.017535,-0.520199,-0.037638,-1.483043,,,,,,
62748,,,,,,,,,0.741622,1.957302,,,37.658329,43.733395,0.153564,0.181487,,,,,,,,,,,,
62754,,,,,,,,,,,,,,,,,,,,-0.519551,-0.043865,-1.467906,,,,,,
62758,,,,,,,,,0.604285,1.304869,,,37.131145,43.876335,0.158731,0.179872,,,,,,,,,,,,
62761,,,,,,,,,,,,,,,,,,,,-0.519064,-0.050352,-1.456840,,,,,,
62768,,,,,,,,,0.631752,0.652435,,,37.232117,43.452061,0.157596,0.184014,,,,,,,,,,,,
62776,,,,,,,,,,,,,36.772530,43.095078,0.162158,0.187554,,,,-0.518517,-0.056763,-1.453206,,,,,,
62779,,,,,,,,,0.631752,1.957303,,,,,,,,,,,,,,,,,,
62784,,,,,,,,,,,,,,,,,,,,-0.518050,-0.063292,-1.438359,,,,,,
62788,-0.517928,-0.063237,-1.434519,-0.496057,-0.062667,-1.445132,0.628319,1.256637,0.549350,0.000000,36.632969,43.256317,36.385834,42.250168,0.166352,0.199283,0.002407,0.021746,-0.010613,,,,,,,,,
62796,,,,,,,,,,,,,,,0.158612,0.190073,,,,-0.517400,-0.069431,-1.427297,,,,,,
62799,,,,,,,,,0.741622,1.957302,,,37.149555,43.172890,,,,,,-0.516742,-0.075529,-1.416252,,,,,,
62808,,,,,,,,,0.604285,1.304869,,,36.703064,42.860184,0.163063,0.193279,,,,,,,,,,,,
62814,,,,,,,,,,,,,,,,,,,,-0.515887,-0.081956,-1.405429,,,,,,
62818,,,,,,,,,0.604285,1.304869,,,36.327385,43.141617,0.166880,0.190488,,,,,,,,,,,,
62829,,,,,,,,,0.659220,1.304869,,,36.555832,43.378414,0.164611,0.188095,,,,,,,,,,,,
62839,-0.515601,-0.083113,-1.402397,-0.491144,-0.093691,-1.382301,0.628319,1.256637,0.521882,0.652434,39.421059,47.274616,35.658962,41.944023,0.202213,0.243688,0.014527,0.022338,0.020096,,,,,,,,,
62846,,,,,,,,,,,,,37.082508,43.459843,0.188446,0.229293,,,,-0.512956,-0.101042,-1.369514,,,,,,
62849,,,,,,,,,0.769089,1.304867,,,,,,,,,,,,,,,,,,
62853,,,,,,,,,,,,,,,,,,,,-0.511872,-0.107303,-1.358814,,,,,,
62858,,,,,,,,,0.659220,1.304869,,,37.191193,43.646168,0.187805,0.228155,,,,,,,,,,,,
62861,,,,,,,,,,,,,,,,,,,,-0.510850,-0.113609,-1.348172,,,,,,
62868,,,,,,,,,0.659220,1.304869,,,37.282639,43.802940,0.187318,0.227282,,,,,,,,,,,,
62875,,,,,,,,,,,,,,,,,,,,-0.509553,-0.119860,-1.330345,,,,,,
62878,,,,,,,,,0.686687,1.957303,,,37.359581,43.934849,0.186961,0.226631,,,,,,,,,,,,
62883,,,,,,,,,,,,,,,,,,,,-0.507987,-0.126241,-1.316312,,,,,,
62888,-0.508007,-0.125436,-1.315327,-0.484292,-0.124345,-1.319470,0.628319,1.256637,0.576817,0.652434,37.203423,44.112801,36.879780,43.501293,0.169647,0.199471,0.004937,0.023221,-0.004142,,,,,,,,,
62891,,,,,,,,,,,,,,,,,,,,-0.506437,-0.132946,-1.298865,,,,,,
62898,,,,,,,,,0.769089,2.609737,,,37.565159,44.770130,0.162721,0.186651,,,,,,,,,,,,
62905,,,,,,,,,,,,,,,,,,,,-0.504759,-0.139495,-1.288518,,,,,,
62908,,,,,,,,,0.631752,0.652435,,,37.597294,44.748642,0.162321,0.186738,,,,,,,,,,,,
62913,,,,,,,,,,,,,,,,,,,,-0.503052,-0.145882,-1.274706,,,,,,
62918,,,,,,,,,0.714154,1.304868,,,37.624332,45.275105,0.161966,0.181241,,,,-0.501232,-0.152378,-1.257502,,,,,,
62928,,,,,,,,,0.631752,1.957303,,,37.647083,45.173531,0.161650,0.182045,,,,,,,,,,,,
62934,,,,,,,,,,,,,,,,,,,,-0.499380,-0.158990,-1.243927,,,,,,
62938,-0.499315,-0.158705,-1.241710,-0.475528,-0.154508,-1.256638,0.628319,1.256637,0.576817,0.652434,37.063515,43.557770,37.121681,43.998978,0.165493,0.188152,0.003716,0.023866,-0.014928,,,,,,,,,
62942,,,,,,,,,,,,,,,,,,,,-0.497435,-0.165501,-1.230305,,,,,,
62948,,,,,,,,,0.769089,1.304867,,,37.768696,45.188881,0.158882,0.175927,,,,-0.495573,-0.171883,-1.213321,,,,,,
62958,,,,,,,,,0.631752,1.957303,,,37.768551,45.100979,0.158743,0.176497,,,,,,,,,,,,
62964,,,,,,,,,,,,,,,,,,,,-0.493298,-0.178292,-1.199876,,,,,,
62968,,,,,,,,,0.659220,1.304869,,,37.768429,44.482475,0.158603,0.182497,,,,,,,,,,,,
62974,,,,,,,,,,,,,,,,,,,,-0.490859,-0.184471,-1.189946,,,,,,
62978,,,,,,,,,0.631752,0.652435,,,37.768326,44.506611,0.158463,0.182066,,,,,,,,,,,,
62982,,,,,,,,,,,,,,,,,,,,-0.488505,-0.190449,-1.179936,,,,,,
62988,-0.488509,-0.190277,-1.182384,-0.464888,-0.184062,-1.193806,0.628319,1.256637,0.549350,1.304868,36.845459,43.485714,36.679153,43.437832,0.167207,0.192043,0.003194,0.024215,-0.011422,,,,,,,,,
62991,,,,,,,,,,,,,,,,,,,,-0.486043,-0.196577,-1.166615,,,,,,
62998,,,,,,,,,0.769089,1.304867,,,37.940899,44.716732,0.154371,0.179008,,,,,,,,,,,,
63005,,,,,,,,,,,,,,,,,,,,-0.483791,-0.202420,-1.153316,,,,,,
63008,,,,,,,,,0.659220,1.304869,,,37.913441,44.703716,0.154432,0.178894,,,,,,,,,,,,
63013,,,,,,,,,,,,,,,,,,,,-0.481444,-0.208442,-1.140106,,,,,,
63018,,,,,,,,,0.604285,1.304869,,,37.345795,44.148220,0.160008,0.184317,,,,,,,,,,,,
63028,,,,,,,,,0.659220,1.304869,,,37.412724,44.225368,0.159226,0.183397,,,,,,,,,,,,
63035,,,,,,,,,,,,,,,,,,,,-0.476689,-0.220526,-1.117155,,,,,,
63038,-0.476551,-0.220512,-1.117157,-0.452414,-0.212890,-1.130973,0.628319,1.256637,0.576817,0.652434,37.033497,43.595066,36.924492,43.201195,0.166010,0.194811,0.003727,0.025036,-0.013816,,,,,,,,,
63043,,,,,,,,,,,,,,,,,,,,-0.474089,-0.226271,-1.104129,,,,,,
63048,,,,,,,,,0.714154,2.609737,,,37.058239,43.973083,0.164668,0.187017,,,,,,,,,,,,
63051,,,,,,,,,,,,,,,,,,,,-0.471188,-0.232244,-1.091149,,,,,,
63058,,,,,,,,,0.631752,0.652435,,,37.170773,44.078011,0.163515,0.185871,,,,,,,,,,,,
63065,,,,,,,,,,,,,,,,,,,,-0.468354,-0.238116,-1.081432,,,,,,
63068,,,,,,,,,0.604285,1.304869,,,36.720917,43.621750,0.168076,0.190428,,,,,,,,,,,,
63078,,,,,,,,,0.659220,1.304869,,,36.886948,43.782398,0.166445,0.188784,,,,-0.462546,-0.249718,-1.052498,,,,,,
63088,-0.462429,-0.249713,-1.052451,-0.438153,-0.240877,-1.068141,0.628319,1.256637,0.549350,1.304868,37.241344,43.737076,35.937561,42.828480,0.178278,0.199925,0.004352,0.025465,-0.015690,,,,,,,,,
63094,,,,,,,,,,,,,,,,,,,,-0.459569,-0.255426,-1.039711,,,,,,
63098,,,,,,,,,0.769089,1.304867,,,36.772377,43.659481,0.170024,0.191631,,,,,,,,,,,,
63102,,,,,,,,,,,,,,,,,,,,-0.456476,-0.261062,-1.023815,,,,,,
63108,,,,,,,,,0.604285,1.304869,,,36.930248,43.814144,0.168507,0.190069,,,,-0.453150,-0.266833,-1.014310,,,,,,
63118,,,,,,,,,0.659220,1.304869,,,37.063080,43.944279,0.167214,0.188726,,,,,,,,,,,,
63124,,,,,,,,,,,,,,,,,,,,-0.449841,-0.272449,-1.001660,,,,,,
63128,,,,,,,,,0.631752,1.957303,,,36.630302,43.509228,0.171664,0.193122,,,,,,,,,,,,
63132,,,,,,,,,,,,,,,,,,,,-0.446358,-0.278121,-0.989093,,,,,,
63138,-0.446288,-0.277977,-0.986201,-0.422164,-0.267913,-1.005309,0.628319,1.256637,0.549350,0.000000,37.464653,43.828880,36.266163,42.598633,0.177779,0.203392,0.004921,0.025672,-0.019108,,,,,,,,,
63146,,,,,,,,,,,,,37.048862,43.466087,0.170035,0.194790,,,,-0.442707,-0.283911,-0.979637,,,,,,
63149,,,,,,,,,0.714154,1.304868,,,,,,,,,,,,,,,,,,
63156,,,,,,,,,,,,,37.162884,43.651421,0.168955,0.192972,,,,-0.438960,-0.289719,-0.967200,,,,,,
63159,,,,,,,,,0.659220,1.304869,,,,,,,,,,-0.435358,-0.295247,-0.957828,,,,,,
63168,,,,,,,,,0.659220,1.304869,,,37.258820,43.807362,0.168037,0.191417,,,,,,,,,,,,
63175,,,,,,,,,,,,,,,,,,,,-0.431629,-0.300846,-0.945332,,,,,,
63178,,,,,,,,,0.659220,1.304869,,,37.339542,43.938572,0.167255,0.190083,,,,,,,,,,,,
63184,,,,,,,,,,,,,,,,,,,,-0.427780,-0.306343,-0.935988,,,,,,
63188,-0.427735,-0.306220,-0.934730,-0.404508,-0.293893,-0.942477,0.628319,1.256637,0.576817,0.652434,36.949532,43.771141,36.862919,42.959885,0.166887,0.199455,0.003881,0.026008,-0.007748,,,,,,,,,
63192,,,,,,,,,,,,,,,,,,,,-0.424010,-0.311587,-0.923658,,,,,,
63198,,,,,,,,,0.796557,1.957302,,,37.550972,44.314590,0.159886,0.185799,,,,-0.420304,-0.316786,-0.908172,,,,,,
63208,,,,,,,,,0.631752,0.652435,,,38.129902,44.365353,0.153861,0.185173,,,,,,,,,,,,
63216,,,,,,,,,,,,,38.072468,43.863522,0.154210,0.190172,,,,-0.416487,-0.321856,-0.898976,,,,,,
63219,,,,,,,,,0.631752,0.652435,,,,,,,,,,,,,,,,,,
63228,,,,,,,,,0.686687,1.957303,,,37.479603,43.985825,0.160033,0.188906,,,,,,,,,,,,
63238,-0.415619,-0.322784,-0.893766,-0.385257,-0.318712,-0.879647,0.628319,1.256637,0.549350,1.304868,39.876347,47.569729,36.980766,43.544186,0.194869,0.232114,0.015847,0.026216,0.014120,,,,,,,,,
63244,,,,,,,,,,,,,,,,,,,,-0.403973,-0.337688,-0.862293,,,,,,
63248,,,,,,,,,0.714154,1.304868,,,37.650131,44.261677,0.188620,0.225601,,,,,,,,,,,,
63251,,,,,,,,,,,,,,,,,,,,-0.399682,-0.342741,-0.850152,,,,,,
63258,,,,,,,,,0.714154,1.304868,,,38.213333,44.865372,0.183321,0.220104,,,,,,,,,,,,
63265,,,,,,,,,,,,,,,,,,,,-0.395433,-0.347652,-0.837967,,,,,,
63268,,,,,,,,,0.714154,1.304868,,,38.142670,45.373322,0.184374,0.215464,,,,,,,,,,,,
63276,,,,,,,,,,,,,38.627754,45.256168,0.179773,0.217098,,,,-0.391274,-0.352437,-0.822836,,,,,,
63279,,,,,,,,,0.659220,1.304869,,,,,,,,,,-0.387256,-0.357072,-0.810779,,,,,,
63288,-0.387831,-0.356290,-0.812270,-0.364484,-0.342274,-0.816815,0.628319,1.256637,0.604285,1.304869,37.444843,44.405033,37.946819,44.613052,0.162167,0.191841,0.005886,0.026588,-0.004545,,,,,,,,,
63295,,,,,,,,,,,,,,,,,,,,-0.382955,-0.361951,-0.795743,,,,,,
63298,,,,,,,,,0.741622,1.957302,,,38.462967,45.705563,0.156802,0.180656,,,,,,,,,,,,
63303,,,,,,,,,,,,,,,,,,,,-0.378148,-0.367207,-0.780753,,,,,,
63308,,,,,,,,,0.659220,1.304869,,,38.352711,45.535717,0.157723,0.182128,,,,,,,,,,,,
63311,,,,,,,,,,,,,,,,,,,,-0.373318,-0.372350,-0.768787,,,,,,
63318,,,,,,,,,0.659220,1.304869,,,37.715397,45.392807,0.164042,0.183360,,,,,,,,,,,,
63324,,,,,,,,,,,,,,,,,,,,-0.368367,-0.377430,-0.753871,,,,,,
63328,,,,,,,,,0.631752,1.957303,,,37.723705,45.272564,0.163903,0.184389,,,,,,,,,,,,
63336,-0.363420,-0.382112,-0.736970,,,,,,,,,,,,,,,,,-0.363270,-0.382473,-0.739033,,,,,,
63339,,,,-0.342274,-0.364484,-0.753983,0.628319,1.256637,0.576817,0.652434,37.096878,43.575829,37.186153,44.082306,0.165781,0.187898,0.003812,0.027264,-0.017013,-0.357997,-0.387367,-0.724208,,,,,,
63348,,,,,,,,,0.769089,1.304867,,,37.822945,44.714451,0.159268,0.181349,,,,,,,,,,,,
63354,,,,,,,,,,,,,,,,,,,,-0.353100,-0.391998,-0.709448,,,,,,
63358,,,,,,,,,0.659220,1.304869,,,37.814194,45.246338,0.159212,0.175696,,,,,,,,,,,,
63362,,,,,,,,,,,,,,,,,,,,-0.348007,-0.396670,-0.697631,,,,,,
63368,,,,,,,,,0.659220,1.304869,,,37.806831,45.149326,0.159144,0.176351,,,,,,,,,,,,
63376,,,,,,,,,,,,,37.800636,44.523155,0.159065,0.182423,,,,-0.343129,-0.401091,-0.685853,,,,,,
63379,,,,,,,,,0.631752,1.957303,,,,,,,,,,,,,,,,,,
63383,,,,,,,,,,,,,,,,,,,,-0.338190,-0.405274,-0.671191,,,,,,
63388,-0.338264,-0.405019,-0.668501,-0.318712,-0.385257,-0.691151,0.628319,1.256637,0.576817,0.652434,36.999008,43.261539,37.250881,43.996296,0.163533,0.184402,0.003095,0.027627,-0.022649,,,,,,,,,
63396,,,,,,,,,,,,,38.421947,44.642082,0.151538,0.177668,,,,-0.333162,-0.409302,-0.656537,,,,,,
63399,,,,,,,,,0.741622,0.652433,,,,,,,,,,-0.328284,-0.413159,-0.644843,,,,,,
63408,,,,,,,,,0.714154,1.304868,,,38.318195,45.185448,0.152312,0.171850,,,,,,,,,,,,
63415,,,,,,,,,,,,,,,,,,,,-0.323372,-0.416985,-0.633198,,,,,,
63418,,,,,,,,,0.604285,1.304869,,,38.230900,44.553547,0.152938,0.177910,,,,,,,,,,,,
63423,,,,,,,,,,,,,,,,,,,,-0.318532,-0.420770,-0.618675,,,,,,
63428,,,,,,,,,0.659220,1.304869,,,37.612907,44.566410,0.158996,0.177521,,,,,,,,,,,,
63436,,,,,,,,,,,,,,,,,,,,-0.313146,-0.424942,-0.607049,,,,,,
63439,-0.313029,-0.424913,-0.606733,-0.293893,-0.404508,-0.628318,0.628319,1.256637,0.549350,1.304868,37.256935,43.562637,37.092926,43.488148,0.166807,0.191329,0.004085,0.027674,-0.021585,,,,,,,,,
63446,,,,,,,,,,,,,37.199959,44.214527,0.165748,0.183935,,,,-0.308034,-0.428811,-0.598355,,,,,,
63449,,,,,,,,,0.714154,2.609737,,,,,,,,,,,,,,,,,,
63454,,,,,,,,,,,,,,,,,,,,-0.302877,-0.432596,-0.586766,,,,,,
63458,,,,,,,,,0.659220,0.000000,,,37.290016,44.281158,0.164841,0.183125,,,,,,,,,,,,
63461,,,,,,,,,,,,,,,,,,,,-0.297680,-0.436191,-0.575213,,,,,,
63468,,,,,,,,,0.604285,1.304869,,,37.365791,43.792679,0.164062,0.187964,,,,,,,,,,,,
63475,,,,,,,,,,,,,,,,,,,,-0.292575,-0.439551,-0.566588,,,,,,
63478,,,,,,,,,0.659220,1.304869,,,37.429546,43.381672,0.163390,0.192110,,,,,,,,,,,,
63483,,,,,,,,,,,,,,,,,,,,-0.287227,-0.443054,-0.555084,,,,,,
63488,-0.287072,-0.443036,-0.553946,-0.267913,-0.422164,-0.565486,0.628319,1.256637,0.521882,0.652434,37.408222,44.115475,36.394104,42.491306,0.175460,0.206867,0.005314,0.027829,-0.011541,,,,,,,,,
63491,,,,,,,,,,,,,,,,,,,,-0.281974,-0.446449,-0.543588,,,,,,
63498,,,,,,,,,0.741622,0.652433,,,37.156513,43.375786,0.167886,0.198170,,,,,,,,,,,,
63505,,,,,,,,,,,,,,,,,,,,-0.276455,-0.450011,-0.529210,,,,,,
63508,,,,,,,,,0.631752,1.957303,,,37.253460,43.575443,0.166948,0.196282,,,,,,,,,,,,
63513,,,,,,,,,,,,,,,,,,,,-0.270705,-0.453449,-0.520625,,,,,,
63518,,,,,,,,,0.631752,0.652435,,,36.790489,43.198891,0.171701,0.200230,,,,,,,,,,,,
63528,,,,,,,,,0.659220,2.609737,,,36.945488,43.426601,0.170243,0.198091,,,,,,,,,,,,
63536,-0.259415,-0.460039,-0.488891,,,,,,,,,,,,,,,,,-0.259539,-0.460164,-0.494880,,,,,,
63539,,,,-0.240877,-0.438153,-0.502655,0.628319,1.256637,0.576817,0.652434,37.666843,44.289806,36.531361,43.073654,0.177198,0.203607,0.006087,0.028028,-0.013765,,,,,,,,,
63543,,,,,,,,,,,,,,,,,,,,-0.253975,-0.463408,-0.483470,,,,,,
63548,,,,,,,,,0.714154,1.304868,,,37.271999,43.865772,0.169871,0.195771,,,,,,,,,,,,
63556,,,,,,,,,,,,,37.350632,43.987717,0.169147,0.194612,,,,-0.248349,-0.466458,-0.469240,,,,,,
63559,,,,,,,,,0.659220,1.304869,,,,,,,,,,,,,,,,,,
63565,,,,,,,,,,,,,,,,,,,,-0.242459,-0.469699,-0.455014,,,,,,
63568,,,,,,,,,0.659220,1.304869,,,37.416790,44.090321,0.168536,0.193626,,,,,,,,,,,,
63573,,,,,,,,,,,,,,,,,,,,-0.236752,-0.472805,-0.443646,,,,,,
63578,,,,,,,,,0.659220,1.304869,,,37.472458,44.176651,0.168018,0.192785,,,,-0.230752,-0.475934,-0.429451,,,,,,
63588,-0.230675,-0.475820,-0.428967,-0.212890,-0.452414,-0.439823,0.628319,1.256637,0.549350,1.304868,37.702721,44.454071,36.430210,43.160202,0.179054,0.204851,0.006438,0.028683,-0.010856,,,,,,,,,
63596,,,,,,,,,,,,,37.186893,44.483135,0.171590,0.191616,,,,-0.224747,-0.478891,-0.418125,,,,,,
63599,,,,,,,,,0.741622,1.957302,,,,,,,,,,,,,,,,,,
63602,,,,,,,,,,,,,,,,,,,,-0.218954,-0.481652,-0.404011,,,,,,
63608,,,,,,,,,0.659220,1.304869,,,37.279022,43.962624,0.170754,0.196919,,,,-0.213314,-0.484282,-0.392739,,,,,,
63618,,,,,,,,,0.659220,1.304869,,,37.356541,44.613750,0.170048,0.190376,,,,,,,,,,,,
63624,,,,,,,,,,,,,,,,,,,,-0.207363,-0.487154,-0.375836,,,,,,
63628,,,,,,,,,0.659220,0.000000,,,37.421764,44.072521,0.169452,0.195864,,,,,,,,,,,,
63632,,,,,,,,,,,,,,,,,,,,-0.201254,-0.489837,-0.367410,,,,,,
63638,-0.201202,-0.489799,-0.372577,-0.184062,-0.464888,-0.376992,0.628319,1.256637,0.576817,1.957303,37.698036,44.720020,36.932098,43.617130,0.174455,0.203298,0.006896,0.029442,-0.004415,,,,,,,,,
63641,,,,,,,,,,,,,,,,,,,,-0.195040,-0.492399,-0.356179,,,,,,
63648,,,,,,,,,0.769089,1.304867,,,37.609180,44.867596,0.167702,0.190764,,,,,,,,,,,,
63656,,,,,,,,,,,,,37.634335,44.286106,0.167463,0.196666,,,,-0.188769,-0.494856,-0.342068,,,,,,
63659,,,,,,,,,0.631752,0.652435,,,,,,,,,,,,,,,,,,
63665,,,,,,,,,,,,,,,,,,,,-0.182553,-0.497241,-0.328048,,,,,,
63668,,,,,,,,,0.686687,1.957303,,,37.655499,44.341385,0.167260,0.196189,,,,,,,,,,,,
63676,,,,,,,,,,,,,37.673306,44.387897,0.167086,0.195790,,,,-0.176123,-0.499479,-0.314000,,,,,,
63679,,,,,,,,,0.659220,1.304869,,,,,,,,,,,,,,,,,,
63683,,,,,,,,,,,,,,,,,,,,-0.169695,-0.501651,-0.302805,,,,,,
63688,-0.169731,-0.501578,-0.303187,-0.154508,-0.475528,-0.314160,0.628319,1.256637,0.549350,1.304868,37.785851,44.546936,37.143745,43.882488,0.173389,0.199246,0.006751,0.029407,-0.010973,,,,,,,,,
63691,,,,,,,,,,,,,,,,,,,,-0.163606,-0.503576,-0.291583,,,,,,
63709,,,,,,,,,-0.000000,0.000000,,,32.710552,37.939449,0.218518,0.259889,,,,-0.157267,-0.505714,-0.277624,,,,,,
63713,,,,,,,,,,,,,,,,,,,,-0.150944,-0.507779,-0.266469,,,,,,
63718,,,,,,,,,1.126167,0.652435,,,33.512630,38.456768,0.211351,0.255934,,,,,,,,,,,,
63728,,,,,,,,,0.686687,1.957303,,,34.187496,39.981125,0.205322,0.241604,,,,,,,,,,,,
63735,,,,,,,,,,,,,,,,,,,,-0.137762,-0.511792,-0.238487,,,,,,
63738,-0.137658,-0.511667,-0.235708,-0.124345,-0.484292,-0.251328,0.628319,1.256637,0.631752,0.652435,37.816448,44.399521,34.755329,40.174633,0.200562,0.239040,0.006552,0.029727,-0.015620,,,,,,,,,
63743,,,,,,,,,,,,,,,,,,,,-0.131082,-0.513706,-0.224524,,,,,,
63748,,,,,,,,,0.824024,1.304869,,,36.322193,42.515621,0.185193,0.216006,,,,,,,,,,,,
63756,,,,,,,,,,,,,37.096008,43.396244,0.177598,0.207401,,,,-0.131082,-0.513706,-0.224524,,,,,,
63759,,,,,,,,,0.686687,1.957303,,,,,,,,,,,,,,,,,,
63763,,,,,,,,,,,,,,,,,,,,-0.131082,-0.513706,-0.224524,,,,,,
63768,,,,,,,,,0.686687,1.957303,,,37.202553,44.137199,0.176656,0.200044,,,,,,,,,,,,
63773,,,,,,,,,,,,,,,,,,,,-0.131082,-0.513706,-0.224524,,,,,,
63778,,,,,,,,,0.714154,1.304868,,,37.836742,44.760639,0.170310,0.193737,,,,,,,,,,,,
63783,,,,,,,,,,,,,,,,,,,,-0.131082,-0.513706,-0.224524,,,,,,
63788,-0.128702,-0.514152,-0.219989,-0.093691,-0.491144,-0.188496,0.628319,1.256637,0.604285,1.304869,43.218086,51.677532,37.281261,44.196114,0.231068,0.273659,0.029146,0.030093,0.031493,,,,,,,,,
63793,,,,,,,,,,,,,,,,,,,,-0.131082,-0.513706,-0.224524,,,,,,
63798,,,,,,,,,0.824024,1.304869,,,38.992054,45.899296,0.214806,0.257783,,,,,,,,,,,,
63803,,,,,,,,,,,,,,,,,,,,-0.131082,-0.513706,-0.224524,,,,,,
63808,,,,,,,,,0.741622,1.957302,,,39.342426,46.787807,0.212077,0.249875,,,,,,,,,,,,
63815,,,,,,,,,,,,,,,,,,,,-0.124487,-0.515349,-0.207909,,,,,,
63818,,,,,,,,,0.769089,2.609737,,,39.637230,47.535404,0.209845,0.243228,,,,-0.117912,-0.516706,-0.196801,,,,,,
63825,,,,,,,,,,,,,,,,,,,,-0.111222,-0.518310,-0.180202,,,,,,
63828,,,,,,,,,0.796557,0.652434,,,40.429821,48.164429,0.202477,0.237640,,,,,,,,,,,,
63833,,,,,,,,,,,,,,,,,,,,-0.103997,-0.520051,-0.169051,,,,,,
63838,-0.102796,-0.520227,-0.170590,-0.062667,-0.496057,-0.125663,0.628319,1.256637,0.604285,1.304869,44.697380,53.700169,40.007622,47.604607,0.222430,0.264684,0.035443,0.030632,0.044927,,,,,,,,,
63841,,,,,,,,,,,,,,,,,,,,-0.097159,-0.521654,-0.149634,,,,,,
63847,,,,,,,,,0.851492,1.957303,,,41.286011,49.311745,0.210328,0.248490,,,,-0.069165,-0.525892,-0.094209,,,,,,
63856,,,,,,,,,,,,,41.272564,50.203587,0.211148,0.240271,,,,-0.054029,-0.527816,-0.058157,,,,,,
63859,,,,,,,,,0.769089,2.609737,,,,,,,,,,,,,,,,,,
63863,,,,,,,,,,,,,,,,,,,,-0.046437,-0.528754,-0.044332,,,,,,
63868,,,,,,,,,0.824024,1.304869,,,41.805794,50.409439,0.206394,0.238871,,,,,,,,,,,,
63878,,,,,,,,,0.714154,1.304868,,,42.254452,50.582642,0.202396,0.237762,,,,,,,,,,,,
63886,-0.034287,-0.529471,-0.019152,,,,,,,,,,,,,,,,,-0.031254,-0.529892,-0.011256,,,,,,
63889,,,,-0.031395,-0.499013,-0.062832,0.628319,1.256637,0.686687,1.957303,37.138668,42.624374,41.542866,50.183834,0.133044,0.129481,0.002308,0.030508,-0.043680,,,,,,,,,
63894,,,,,,,,,,,,,,,,,,,,-0.023247,-0.530292,0.011008,,,,,,
63898,,,,,,,,,0.878959,1.304869,,,42.577766,51.481907,0.121607,0.114728,,,,,,,,,,,,
63902,,,,,,,,,,,,,,,,,,,,-0.015213,-0.530527,0.030443,,,,,,
63908,,,,,,,,,0.659220,1.304869,,,41.814903,50.395931,0.128300,0.124034,,,,-0.076279,-0.524926,-0.110808,,,,,,
63917,,,,,,,,,0.659220,1.304869,,,41.173031,49.482193,0.133912,0.131800,,,,-0.007308,-0.530734,0.049766,,,,,,
63925,,,,,,,,,,,,,,,,,,,,0.000433,-0.530731,0.063639,,,,,,
63928,,,,,,,,,0.631752,1.957303,,,40.632957,48.168831,0.138614,0.143824,,,,,,,,,,,,
63933,,,,,,,,,,,,,,,,,,,,0.008503,-0.530523,0.074804,,,,,,
63938,0.007561,-0.530357,0.075128,-0.000000,-0.500000,-0.000000,0.628319,1.256637,0.549350,0.000000,35.556007,39.802715,39.633995,46.519222,0.131961,0.130761,-0.005262,0.030839,-0.075128,,,,,,,,,
63941,,,,,,,,,,,,,,,,,,,,0.016758,-0.530077,0.083176,,,,,,
63948,,,,,,,,,0.714155,0.000000,,,39.882557,46.220329,0.128610,0.132466,,,,-0.089892,-0.522871,-0.138481,,,,,,
63956,,,,,,,,,,,,,39.547153,44.879753,0.131166,0.144856,,,,0.024791,-0.529396,0.088863,,,,,,
63959,,,,,,,,,0.604285,1.304869,,,,,,,,,,,,,,,,,,
63964,,,,,,,,,,,,,,,,,,,,0.032727,-0.528511,0.091508,,,,,,
63968,,,,,,,,,0.604285,0.000000,,,39.264946,44.296337,0.133246,0.149792,,,,,,,,,,,,
63978,,,,,,,,,0.631752,0.652435,,,38.482952,43.260906,0.140481,0.159454,,,,,,,,,,,,
63987,-0.072839,-0.524256,-0.105084,0.031395,-0.499013,0.062832,0.628319,1.256637,,,60.147320,74.106682,,,,,0.101011,0.036037,0.167916,-0.083090,-0.523910,-0.124616,,,,,,
63990,,,,,,,,,0.631752,1.957303,,,38.369526,41.845154,0.391884,0.523104,,,,,,,,,,,,
63995,,,,,,,,,,,,,,,,,,,,0.052621,-0.526670,0.102386,,,,,,
63998,,,,,,,,,0.769089,0.000000,,,39.907719,45.010284,0.380550,0.497272,,,,,,,,,,,,
64002,,,,,,,,,,,,,,,,,,,,0.058374,-0.526110,0.105258,,,,,,
64008,,,,,,,,,1.043764,2.609737,,,42.835583,48.762512,0.354734,0.464818,,,,0.063734,-0.525648,0.113615,,,,,,
64018,,,,,,,,,1.016297,0.652434,,,45.299088,51.919636,0.333068,0.437685,,,,,,,,,,,,
64024,,,,,,,,,,,,,,,,,,,,0.069095,-0.525070,0.116265,,,,,,
64028,,,,,,,,,1.043764,3.914604,,,46.827339,55.665123,0.320450,0.403918,,,,,,,,,,,,
64032,,,,,,,,,,,,,,,,,,,,0.073602,-0.524645,0.121873,,,,,,
64038,0.065692,-0.524633,0.119254,0.062667,-0.496057,0.125664,0.628319,1.256637,1.016297,4.567039,35.661736,43.099159,48.113209,58.816578,0.060245,0.059185,0.000396,0.028733,0.006410,,,,,,,,,
64041,,,,,,,,,,,,,,,,,,,,0.079307,-0.524444,0.135735,,,,,,
64048,,,,,,,,,1.208569,3.914605,,,50.828770,63.101841,0.030056,0.012332,,,,,,,,,,,,
64054,,,,,,,,,,,,,,,,,,,,0.088013,-0.523468,0.135691,,,,,,
64058,,,,,,,,,0.714154,1.304868,,,49.301838,60.172943,0.042597,0.038206,,,,,,,,,,,,
64062,,,,,,,,,,,,,,,,,,,,0.095923,-0.522671,0.144047,,,,,,
64068,,,,,,,,,0.521882,0.652434,,,46.383450,56.619480,0.069637,0.071036,,,,,,,,,,,,
64078,,,,,,,,,0.521882,0.652434,,,43.927917,53.085056,0.092539,0.104383,,,,,,,,,,,,
64083,,,,,,,,,,,,,,,,,,,,0.111797,-0.521063,0.171824,,,,,,
64088,0.110098,-0.521063,0.170145,0.093691,-0.491144,0.188495,0.628319,1.256637,0.412012,0.652434,32.149815,40.131035,40.772747,49.022106,0.087247,0.113553,-0.011104,0.032265,0.018350,,,,,,,,,
64091,,,,,,,,,,,,,,,,,,,,0.119948,-0.519937,0.180320,,,,,,
64098,,,,,,,,,0.576817,0.652434,,,39.751617,47.237167,0.095938,0.129982,,,,,,,,,,,,
64105,,,,,,,,,,,,,,,,,,,,0.128026,-0.518567,0.186317,,,,,,
64108,,,,,,,,,0.494415,1.304868,,,37.803352,45.190777,0.114290,0.149434,,,,,,,,,,,,
64113,,,,,,,,,,,,,,,,,,,,0.133395,-0.517710,0.194586,,,,,,
64118,,,,,,,,,0.549350,1.304868,,,36.164082,43.468945,0.129879,0.165984,,,,,,,,,,,,
64121,,,,,,,,,,,,,,,,,,,,0.137853,-0.517051,0.199938,,,,,,
64128,,,,,,,,,0.521882,0.652434,,,35.873886,42.564739,0.132037,0.174540,,,,,,,,,,,,
64136,0.141875,-0.516190,0.207634,,,,,,,,,,,,,,,,,0.142437,-0.516187,0.208082,,,,,,
64139,,,,0.124345,-0.484292,0.251327,0.628319,1.256637,0.521882,1.957302,31.738838,40.775936,34.540630,41.803940,0.140699,0.188391,-0.010578,0.034826,0.043693,,,,,,,,,
64142,,,,,,,,,,,,,,,,,,,,0.147134,-0.515258,0.219229,,,,,,
64148,,,,,,,,,0.659220,1.304869,,,34.507915,41.708347,0.140472,0.189160,,,,0.151931,-0.514241,0.233149,,,,,,
64158,,,,,,,,,0.521882,0.652434,,,33.935844,41.083374,0.145754,0.195349,,,,,,,,,,,,
64164,,,,,,,,,,,,,,,,,,,,0.156171,-0.513430,0.246971,,,,,,
64168,,,,,,,,,0.549350,2.609737,,,33.454502,41.102062,0.150224,0.195097,,,,,,,,,,,,
64178,,,,,,,,,0.576817,1.957303,,,33.049503,41.117786,0.154012,0.194871,,,,,,,,,,,,
64188,0.157315,-0.513058,0.251881,0.154508,-0.475528,0.314159,0.628319,1.256637,0.466947,1.957303,36.151115,45.968597,31.619650,40.041931,0.213339,0.258741,0.006635,0.037045,0.062278,,,,,,,,,
64194,,,,,,,,,,,,,,,,,,,,0.169015,-0.510269,0.294469,,,,,,
64198,,,,,,,,,0.604285,1.304869,,,32.050201,40.225796,0.209854,0.258051,,,,,,,,,,,,
64201,,,,,,,,,,,,,,,,,,,,0.174443,-0.508716,0.311203,,,,,,
64208,,,,,,,,,0.604285,2.609737,,,31.323381,40.380497,0.218088,0.257622,,,,,,,,,,,,
64216,,,,,,,,,,,,,31.800920,41.055206,0.214182,0.251858,,,,0.179666,-0.507208,0.330830,,,,,,
64219,,,,,,,,,0.576817,1.957303,,,,,,,,,,,,,,,,,,
64224,,,,,,,,,,,,,,,,,,,,0.185048,-0.505661,0.347677,,,,,,
64228,,,,,,,,,0.604285,1.304869,,,32.202721,41.078365,0.210954,0.252604,,,,,,,,,,,,
64236,0.190044,-0.503981,0.363153,,,,,,,,,,,,,,,,,0.190389,-0.503937,0.367371,,,,,,
64239,,,,0.184062,-0.464888,0.376990,0.628319,1.256637,0.549350,2.609737,37.634480,45.563686,31.451710,41.097851,0.234534,0.249253,0.008295,0.038669,0.013837,,,,,,,,,
64245,,,,,,,,,,,,,,,,,,,,0.196001,-0.502080,0.387073,,,,,,
64248,,,,,,,,,0.714154,2.609737,,,32.453438,42.747875,0.225553,0.233316,,,,,,,,,,,,
64253,,,,,,,,,,,,,,,,,,,,0.202086,-0.499979,0.409677,,,,,,
64258,,,,,,,,,0.686687,1.957303,,,33.296295,43.047119,0.217992,0.230827,,,,0.207812,-0.497848,0.429469,,,,,,
64268,,,,,,,,,0.659220,1.304869,,,34.005474,43.843445,0.211626,0.223208,,,,,,,,,,,,
64274,,,,,,,,,,,,,,,,,,,,0.213560,-0.495653,0.443648,,,,,,
64278,,,,,,,,,0.631752,1.957303,,,34.057632,43.968929,0.211820,0.222272,,,,,,,,,,,,
64282,,,,,,,,,,,,,,,,,,,,0.219347,-0.493007,0.463612,,,,,,
64288,0.219317,-0.492866,0.463391,0.212890,-0.452414,0.439823,0.628319,1.256637,0.604285,1.304869,39.501110,45.953991,34.101521,43.529968,0.231128,0.231049,0.012333,0.039059,-0.023568,,,,,,,,,
64291,,,,,,,,,,,,,,,,,,,,0.225575,-0.489899,0.477745,,,,,,
64298,,,,,,,,,0.769089,1.304867,,,35.772076,44.249714,0.215168,0.224193,,,,,,,,,,,,
64304,,,,,,,,,,,,,,,,,,,,0.231505,-0.486945,0.492055,,,,,,
64308,,,,,,,,,0.686687,0.652435,,,36.633137,44.855309,0.207131,0.218357,,,,,,,,,,,,
64311,,,,,,,,,,,,,,,,,,,,0.237898,-0.483646,0.503460,,,,,,
64318,,,,,,,,,0.714154,1.304868,,,37.357635,44.820312,0.200315,0.218933,,,,,,,,,,,,
64326,,,,,,,,,,,,,37.967228,45.335411,0.194525,0.213906,,,,0.243913,-0.480517,0.514910,,,,,,
64329,,,,,,,,,0.686687,0.652435,,,,,,,,,,,,,,,,,,
64333,,,,,,,,,,,,,,,,,,,,0.250153,-0.477144,0.529232,,,,,,
64338,0.250118,-0.477127,0.526443,0.240877,-0.438153,0.502655,0.628319,1.256637,0.604285,1.304869,39.304417,45.734325,37.391052,44.679726,0.198703,0.218477,0.011593,0.038340,-0.023788,,,,,,,,,
64341,,,,,,,,,,,,,,,,,,,,0.256623,-0.473681,0.543553,,,,,,
64348,,,,,,,,,0.824024,1.304869,,,38.539890,46.306206,0.187367,0.202098,,,,,,,,,,,,
64356,,,,,,,,,,,,,38.961979,46.041096,0.183215,0.204688,,,,0.262907,-0.470112,0.555076,,,,,,
64359,,,,,,,,,0.686687,1.957303,,,,,,,,,,,,,,,,,,
64364,,,,,,,,,,,,,,,,,,,,0.269199,-0.466170,0.563703,,,,,,
64368,,,,,,,,,0.741622,0.652433,,,39.861668,46.362576,0.174107,0.201347,,,,,,,,,,,,
64378,,,,,,,,,0.714154,1.304868,,,40.074120,46.633068,0.171828,0.198463,,,,,,,,,,,,
64388,0.270142,-0.465506,0.566050,0.267913,-0.422164,0.565487,0.628319,1.256637,0.576817,0.652434,41.608189,48.948353,39.163792,45.771576,0.204458,0.239853,0.021363,0.037777,-0.000563,,,,,,,,,
64396,,,,,,,,,,,,,40.576015,47.224888,0.190542,0.225665,,,,0.287218,-0.454441,0.598355,,,,,,
64399,,,,,,,,,0.824024,1.304869,,,,,,,,,,,,,,,,,,
64402,,,,,,,,,,,,,,,,,,,,0.293314,-0.450246,0.607060,,,,,,
64408,,,,,,,,,0.714154,1.304868,,,40.675171,47.358620,0.189737,0.224645,,,,,,,,,,,,
64416,,,,,,,,,,,,,40.758602,47.471142,0.189073,0.223816,,,,0.299558,-0.446146,0.621527,,,,,,
64419,,,,,,,,,0.741622,1.957302,,,,,,,,,,,,,,,,,,
64423,,,,,,,,,,,,,,,,,,,,0.305386,-0.442031,0.630277,,,,,,
64428,,,,,,,,,0.714155,0.000000,,,40.828800,47.565819,0.188527,0.223145,,,,,,,,,,,,
64431,,,,,,,,,,,,,,,,,,,,0.311329,-0.438090,0.641991,,,,,,
64438,0.310392,-0.438769,0.635620,0.293893,-0.404508,0.628319,0.628319,1.256637,0.631752,1.957303,37.723042,44.787682,40.343323,47.100937,0.154006,0.185725,0.007063,0.037365,-0.007301,,,,,,,,,
64445,,,,,,,,,,,,,,,,,,,,0.316985,-0.434060,0.656584,,,,,,
64448,,,,,,,,,0.824024,1.304869,,,41.023930,48.343414,0.146540,0.172589,,,,,,,,,,,,
64456,,,,,,,,,,,,,40.507504,47.755203,0.151147,0.177877,,,,0.323155,-0.429614,0.668273,,,,,,
64459,,,,,,,,,0.631752,1.957303,,,,,,,,,,0.329362,-0.425179,0.688817,,,,,,
64468,,,,,,,,,0.686687,1.957303,,,40.072983,47.804825,0.155022,0.176778,,,,,,,,,,,,
64475,,,,,,,,,,,,,,,,,,,,0.335256,-0.420483,0.703536,,,,,,
64478,,,,,,,,,0.714154,1.304868,,,40.251923,47.846577,0.152727,0.175749,,,,,,,,,,,,
64482,,,,,,,,,,,,,,,,,,,,0.340904,-0.415857,0.718284,,,,,,
64488,0.340693,-0.415920,0.716820,0.318712,-0.385257,0.691150,0.628319,1.256637,0.604285,1.304869,37.092308,43.432079,39.313393,46.792622,0.155361,0.172060,0.003574,0.037558,-0.025669,,,,,,,,,
64491,,,,,,,,,,,,,,,,,,,,0.346476,-0.411115,0.736040,,,,,,
64498,,,,,,,,,0.769089,1.304867,,,40.157345,47.539452,0.146308,0.163770,,,,,,,,,,,,
64504,,,,,,,,,,,,,,,,,,,,0.351905,-0.406394,0.747919,,,,,,
64508,,,,,,,,,0.659220,1.304869,,,39.778358,47.078751,0.149561,0.167648,,,,,,,,,,,,
64512,,,,,,,,,,,,,,,,,,,,0.357290,-0.401534,0.768765,,,,,,
64518,,,,,,,,,0.686687,1.957303,,,39.459480,46.691116,0.152276,0.170872,,,,,,,,,,,,
64526,,,,,,,,,,,,,38.646633,46.364960,0.160094,0.173547,,,,0.362416,-0.396831,0.780711,,,,,,
64529,,,,,,,,,0.604285,1.304869,,,,,,,,,,,,,,,,,,
64534,,,,,,,,,,,,,,,,,,,,0.367535,-0.391902,0.792767,,,,,,
64538,0.367137,-0.392188,0.791867,0.342274,-0.364484,0.753982,0.628319,1.256637,0.604285,1.304869,36.950695,42.798073,37.962704,45.545990,0.165315,0.174847,0.002249,0.037157,-0.037885,,,,,,,,,
64541,,,,,,,,,,,,,,,,,,,,0.372388,-0.387281,0.804780,,,,,,
64548,,,,,,,,,0.741622,0.652433,,,39.020878,45.945995,0.154319,0.170218,,,,,,,,,,,,
64556,,,,,,,,,,,,,38.822136,45.738018,0.155932,0.171710,,,,0.377310,-0.382472,0.822916,,,,,,
64559,,,,,,,,,0.686687,0.652435,,,,,,,,,,,,,,,,,,
64563,,,,,,,,,,,,,,,,,,,,0.382007,-0.377743,0.835146,,,,,,
64568,,,,,,,,,0.659220,1.304869,,,38.654915,45.563023,0.157264,0.172907,,,,,,,,,,,,
64578,,,,,,,,,0.659220,1.304869,,,38.514214,45.415783,0.158358,0.173855,,,,,,,,,,,,
64585,,,,,,,,,,,,,,,,,,,,0.391018,-0.368409,0.862404,,,,,,
64588,0.390891,-0.368373,0.861957,0.364484,-0.342274,0.816813,0.628319,1.256637,0.549350,1.304868,37.188862,42.746044,37.851288,44.202808,0.167236,0.185173,0.002622,0.037035,-0.045144,,,,,,,,,
64593,,,,,,,,,,,,,,,,,,,,0.395335,-0.363716,0.874616,,,,,,
64598,,,,,,,,,0.714154,1.304868,,,38.382587,44.815842,0.161685,0.178629,,,,0.399569,-0.358827,0.886783,,,,,,
64608,,,,,,,,,0.686687,1.957303,,,38.285080,45.331650,0.162440,0.172954,,,,,,,,,,,,
64616,,,,,,,,,,,,,38.203037,44.676563,0.163058,0.179119,,,,0.403470,-0.354115,0.898989,,,,,,
64619,,,,,,,,,0.659220,0.000000,,,,,,,,,,,,,,,,,,
64628,,,,,,,,,0.686687,1.957303,,,38.134007,44.669918,0.163559,0.178800,,,,0.410693,-0.344481,0.917457,,,,,,
64638,0.410805,-0.344216,0.921011,0.385257,-0.318712,0.879645,0.628319,1.256637,0.549350,0.000000,37.759308,43.441185,38.075924,43.575237,0.169781,0.196672,0.004849,0.035772,-0.041366,,,,,,,,,
64644,,,,,,,,,,,,,,,,,,,,0.414380,-0.339711,0.923660,,,,,,
64648,,,,,,,,,0.714154,1.304868,,,38.571594,44.287804,0.164662,0.189377,,,,,,,,,,,,
64652,,,,,,,,,,,,,,,,,,,,0.418091,-0.334505,0.929858,,,,,,
64658,,,,,,,,,0.631752,0.652435,,,37.899567,43.798271,0.171354,0.194201,,,,0.421986,-0.329278,0.939136,,,,,,
64668,,,,,,,,,0.631752,0.652435,,,37.878666,43.386379,0.171539,0.198331,,,,,,,,,,,,
64676,,,,,,,,,,,,,37.861080,43.584354,0.171695,0.196322,,,,0.425998,-0.323955,0.948456,,,,,,
64679,,,,,,,,,0.659220,1.304869,,,,,,,,,,0.429809,-0.318588,0.957812,,,,,,
64688,0.429820,-0.318486,0.960198,0.404508,-0.293893,0.942478,0.628319,1.256637,0.549350,1.304868,37.548428,44.149612,37.301739,42.661846,0.175229,0.212929,0.005636,0.034839,-0.017720,,,,,,,,,
64695,,,,,,,,,,,,,,,,,,,,0.433355,-0.313482,0.967241,,,,,,
64698,,,,,,,,,0.741622,1.957302,,,37.920197,43.519276,0.168970,0.204481,,,,,,,,,,,,
64703,,,,,,,,,,,,,,,,,,,,0.437041,-0.308580,0.976656,,,,,,
64708,,,,,,,,,0.686687,0.652435,,,38.440567,43.696175,0.163588,0.202803,,,,0.440864,-0.303389,0.986036,,,,,,
64718,,,,,,,,,0.631752,0.652435,,,38.333862,43.845016,0.164498,0.201375,,,,,,,,,,,,
64724,,,,,,,,,,,,,,,,,,,,0.444286,-0.298380,0.998761,,,,,,
64728,,,,,,,,,0.659220,1.304869,,,37.699539,43.970253,0.170811,0.200159,,,,,,,,,,,,
64732,,,,,,,,,,,,,,,,,,,,0.447946,-0.293139,1.011373,,,,,,
64738,0.447939,-0.292951,1.012551,0.422164,-0.267913,1.005310,0.628319,1.256637,0.549350,1.304868,37.890617,44.913216,37.165821,42.986542,0.179715,0.218017,0.007584,0.035125,-0.007241,,,,,,,,,
64741,,,,,,,,,,,,,,,,,,,,0.451890,-0.287503,1.024020,,,,,,
64748,,,,,,,,,0.769089,2.609737,,,37.805836,44.337017,0.173332,0.204628,,,,,,,,,,,,
64753,,,,,,,,,,,,,,,,,,,,0.455302,-0.282212,1.043278,,,,,,
64758,,,,,,,,,0.631752,0.652435,,,37.799801,44.384224,0.173410,0.204261,,,,,,,,,,,,
64761,,,,,,,,,,,,,,,,,,,,0.458653,-0.276654,1.062487,,,,,,
64768,,,,,,,,,0.659220,2.609737,,,37.250179,44.968483,0.179034,0.198408,,,,,,,,,,,,
64776,,,,,,,,,,,,,37.332272,44.915539,0.178325,0.198937,,,,0.461768,-0.271116,1.075513,,,,,,
64779,,,,,,,,,0.659220,1.304869,,,,,,,,,,,,,,,,,,
64784,,,,,,,,,,,,,,,,,,,,0.464809,-0.265279,1.088567,,,,,,
64788,0.464779,-0.265207,1.087661,0.438153,-0.240877,1.068142,0.628319,1.256637,0.549350,1.304868,38.577862,45.108486,36.312256,43.781902,0.195851,0.212491,0.009176,0.034881,-0.019519,,,,,,,,,
64791,,,,,,,,,,,,,,,,,,,,0.467952,-0.259213,1.104748,,,,,,
64798,,,,,,,,,0.741622,0.652433,,,37.632191,44.461693,0.182841,0.205823,,,,,,,,,,,,
64806,,,,,,,,,,,,,37.653694,45.033669,0.182810,0.200118,,,,0.470970,-0.253279,1.114320,,,,,,
64809,,,,,,,,,0.714154,1.304868,,,,,,,,,,,,,,,,,,
64813,,,,,,,,,,,,,,,,,,,,0.474135,-0.247126,1.127333,,,,,,
64818,,,,,,,,,0.659220,1.304869,,,38.216331,44.970387,0.177256,0.200778,,,,,,,,,,,,
64828,,,,,,,,,0.659220,1.304869,,,38.145191,44.917141,0.178054,0.201349,,,,,,,,,,,,
64839,0.474559,-0.246155,1.129478,0.452414,-0.212890,1.130974,0.628319,1.256637,0.604285,1.304869,41.393238,48.744785,37.540791,44.327797,0.213023,0.244489,0.020619,0.034232,0.001496,,,,,,,,,
64843,,,,,,,,,,,,,,,,,,,,0.483076,-0.228361,1.163564,,,,,,
64848,,,,,,,,,0.796557,0.652434,,,38.665878,45.465549,0.202317,0.233767,,,,,,,,,,,,
64851,,,,,,,,,,,,,,,,,,,,0.485894,-0.222263,1.180297,,,,,,
64858,,,,,,,,,0.686687,1.957303,,,39.067982,45.333771,0.198761,0.235767,,,,,,,,,,,,
64865,,,,,,,,,,,,,,,,,,,,0.488614,-0.216206,1.186820,,,,,,
64868,,,,,,,,,0.714154,1.304868,,,39.406315,45.767433,0.195775,0.232026,,,,,,,,,,,,
64878,,,,,,,,,0.714154,1.304868,,,39.146442,46.676861,0.198823,0.223345,,,,0.494546,-0.203096,1.217017,,,,,,
64888,0.494055,-0.203957,1.215143,0.464888,-0.184062,1.193805,0.628319,1.256637,0.604285,1.304869,38.426823,44.873161,38.927788,45.808422,0.171246,0.193126,0.008494,0.034269,-0.021338,,,,,,,,,
64896,,,,,,,,,,,,,39.832897,47.255890,0.161913,0.178175,,,,0.497504,-0.196688,1.230402,,,,,,
64899,,,,,,,,,0.851492,1.957303,,,,,,,,,,,,,,,,,,
64902,,,,,,,,,,,,,,,,,,,,0.500202,-0.189946,1.247347,,,,,,
64908,,,,,,,,,0.659220,1.304869,,,40.049911,47.384705,0.159418,0.176385,,,,,,,,,,,,
64916,,,,,,,,,,,,,40.232510,46.948547,0.157231,0.180331,,,,0.502800,-0.183300,1.261018,,,,,,
64919,,,,,,,,,0.714154,1.304868,,,,,,,,,,,,,,,,,,
64923,,,,,,,,,,,,,,,,,,,,0.505376,-0.176674,1.278239,,,,,,
64928,,,,,,,,,0.659220,0.000000,,,39.841602,46.581562,0.160857,0.183659,,,,,,,,,,,,
64931,,,,,,,,,,,,,,,,,,,,0.507759,-0.169945,1.295654,,,,,,
64938,0.507556,-0.170201,1.288895,0.475528,-0.154508,1.256636,0.628319,1.256637,0.576817,1.957303,37.967922,43.998138,38.968151,45.728237,0.164803,0.183096,0.006164,0.035129,-0.032259,,,,,,,,,
64945,,,,,,,,,,,,,,,,,,,,0.509975,-0.162830,1.305926,,,,,,
64948,,,,,,,,,0.769089,1.304867,,,39.866859,46.643879,0.155436,0.173411,,,,,,,,,,,,
64956,,,,,,,,,,,,,39.533947,46.869759,0.158452,0.170578,,,,0.511936,-0.155696,1.316355,,,,,,
64959,,,,,,,,,0.714154,1.304868,,,,,,,,,,0.513939,-0.148931,1.333961,,,,,,
64968,,,,,,,,,0.686687,1.957303,,,39.798378,46.515270,0.155442,0.173619,,,,,,,,,,,,
64974,,,,,,,,,,,,,,,,,,,,0.515661,-0.142060,1.344608,,,,,,
64978,,,,,,,,,0.659220,1.304869,,,39.476326,46.217003,0.158360,0.176158,,,,,,,,,,,,
64982,,,,,,,,,,,,,,,,,,,,0.517410,-0.135270,1.355184,,,,,,
64988,0.517265,-0.135520,1.355094,0.484292,-0.124345,1.319468,0.628319,1.256637,0.576817,0.652434,37.387302,43.273529,38.660809,45.421497,0.160455,0.176437,0.003859,0.034601,-0.035626,,,,,,,,,
64991,,,,,,,,,,,,,,,,,,,,0.519102,-0.128595,1.365744,,,,,,
64998,,,,,,,,,0.741622,0.652433,,,39.608261,45.841248,0.150536,0.171726,,,,,,,,,,,,
65004,,,,,,,,,,,,,,,,,,,,0.520665,-0.122125,1.372924,,,,,,
65008,,,,,,,,,0.686687,1.957303,,,39.316360,45.649883,0.153069,0.173165,,,,,,,,,,,,
65011,,,,,,,,,,,,,,,,,,,,0.522131,-0.115267,1.387363,,,,,,
65018,,,,,,,,,0.659220,0.000000,,,39.070755,45.488869,0.155189,0.174332,,,,,,,,,,,,
65025,,,,,,,,,,,,,,,,,,,,0.523398,-0.108973,1.398243,,,,,,
65028,,,,,,,,,0.659220,1.304869,,,38.864101,45.353390,0.156960,0.175271,,,,,,,,,,,,
65033,,,,,,,,,,,,,,,,,,,,0.524638,-0.102466,1.409236,,,,,,
65038,0.524525,-0.102521,1.410165,0.491144,-0.093691,1.382300,0.628319,1.256637,0.549350,1.304868,37.109837,43.299145,38.145683,44.150311,0.161162,0.187387,0.003377,0.034364,-0.027865,,,,,,,,,
65041,,,,,,,,,,,,,,,,,,,,0.525839,-0.095913,1.419982,,,,,,
65048,,,,,,,,,0.714154,1.304868,,,38.630291,44.771671,0.156012,0.180879,,,,,,,,,,,,
65056,,,,,,,,,,,,,39.038040,44.749939,0.151549,0.180806,,,,0.526982,-0.089496,1.423634,,,,,,
65059,,,,,,,,,0.686687,0.652435,,,,,,,,,,,,,,,,,,
65063,,,,,,,,,,,,,,,,,,,,0.528154,-0.082983,1.434624,,,,,,
65068,,,,,,,,,0.659220,1.304869,,,38.836578,44.731655,0.153218,0.180703,,,,0.529335,-0.076581,1.441982,,,,,,
65078,,,,,,,,,0.631752,0.652435,,,38.667068,44.171726,0.154602,0.186127,,,,,,,,,,,,
65084,,,,,,,,,,,,,,,,,,,,0.530377,-0.070188,1.453059,,,,,,
65088,0.530265,-0.070278,1.452194,0.496057,-0.062667,1.445133,0.628319,1.256637,0.576817,1.957303,36.743816,43.768440,37.435356,43.700603,0.163120,0.195545,0.003510,0.034868,-0.007061,,,,,,,,,
65097,,,,,,,,,0.769089,1.304867,,,38.577168,44.393288,0.151336,0.188493,,,,0.531155,-0.063942,1.464251,,,,,,
65100,,,,,,,,,,,,,,,,,,,,0.531894,-0.057767,1.471905,,,,,,
65108,,,,,,,,,0.576817,0.652434,,,37.904255,43.887024,0.157833,0.193532,,,,,,,,,,,,
65114,,,,,,,,,,,,,,,,,,,,0.532582,-0.051403,1.486976,,,,,,
65118,,,,,,,,,0.659220,1.304869,,,37.338066,44.005600,0.163376,0.192299,,,,,,,,,,,,
65128,,,,,,,,,0.631752,1.957303,,,37.406219,44.105370,0.162562,0.191234,,,,,,,,,,,,
65136,0.533717,-0.038458,1.512831,,,,,,,,,,,,,,,,,0.533822,-0.038429,1.509424,,,,,,
65139,,,,0.499013,-0.031395,1.507965,0.628319,1.256637,0.549350,1.304868,37.129566,44.244972,36.374477,43.100227,0.176888,0.206280,0.005041,0.035055,-0.004867,,,,,,,,,
65143,,,,,,,,,,,,,,,,,,,,0.534452,-0.032027,1.520680,,,,,,
65148,,,,,,,,,0.741622,1.957302,,,37.139999,43.888130,0.169230,0.198472,,,,,,,,,,,,
65151,,,,,,,,,,,,,,,,,,,,0.534944,-0.025469,1.539913,,,,,,
65158,,,,,,,,,0.659220,1.304869,,,37.239567,44.006531,0.168213,0.197336,,,,,,,,,,,,
65165,,,,,,,,,,,,,,,,,,,,0.535486,-0.018744,1.555297,,,,,,
65168,,,,,,,,,0.631752,1.957303,,,36.778797,44.106152,0.172890,0.196367,,,,,,,,,,,,
65173,,,,,,,,,,,,,,,,,,,,0.535835,-0.012181,1.570658,,,,,,
65178,,,,,,,,,0.659220,1.304869,,,36.935650,44.189972,0.171361,0.195540,,,,0.535984,-0.005605,1.590026,,,,,,
65188,0.535861,-0.005597,1.589020,0.500000,-0.000000,1.570797,0.628319,1.256637,0.549350,1.304868,37.721497,44.320827,35.978539,43.715954,0.187200,0.201160,0.006250,0.035753,-0.018223,,,,,,,,,
65195,,,,,,,,,,,,,,,,,,,,0.535964,0.001020,1.605409,,,,,,
65198,,,,,,,,,0.741622,1.957302,,,36.806854,44.950745,0.179099,0.188686,,,,,,,,,,,,
65202,,,,,,,,,,,,,,,,,,,,0.536044,0.007534,1.617090,,,,,,
65208,,,,,,,,,0.714154,1.304868,,,37.503799,44.900612,0.172174,0.189071,,,,0.535905,0.014072,1.628614,,,,,,
65218,,,,,,,,,0.631752,0.652435,,,37.545666,44.858433,0.171790,0.189385,,,,,,,,,,,,
65224,,,,,,,,,,,,,,,,,,,,0.535790,0.020435,1.643845,,,,,,
65228,,,,,,,,,0.659220,1.304869,,,37.580894,44.822941,0.171466,0.189640,,,,,,,,,,,,
65232,,,,,,,,,,,,,,,,,,,,0.535562,0.027179,1.658871,,,,,,
65238,0.535445,0.027191,1.658481,0.500000,-0.000000,1.570797,0.628319,1.256637,0.686687,-0.652435,30.431038,34.317127,36.521450,44.248535,0.107938,0.093361,-0.023982,0.037690,-0.087684,,,,,,,,,
65241,,,,,,,,,,,,,,,,,,,,0.535278,0.033774,1.673851,,,,,,
65248,,,,,,,,,0.576817,3.262172,,,37.263660,44.309772,0.099149,0.090750,,,,,,,,,,,,
