ts,x,y,yaw,x_des,y_des,yaw_des,v_ff,w_ff,v_actual,w_actual,omega_l_cmd,omega_r_cmd,omega_l_meas,omega_r_meas,duty_l,duty_r,x_err,y_err,yaw_err,x_raw,y_raw,yaw_raw,acc_x,acc_y,acc_z,gyro_x,gyro_y,gyro_z
23398,,,,,,,,,-0.000000,0.000000,,,0.000000,0.000000,0.000000,0.000000,,,,,,,,,,,,
23402,,,,,,,,,,,,,,,,,,,,0.022563,-0.005912,0.709436,,,,,,
23408,,,,,,,,,-0.000000,0.000000,,,0.000000,0.000000,0.000000,0.000000,,,,0.022562,-0.005920,0.709436,,,,,,
23417,,,,,,,,,-0.000000,0.000000,,,0.000000,0.000000,0.000000,0.000000,,,,0.022545,-0.005917,0.709436,,,,,,
23425,,,,,,,,,,,,,,,,,,,,0.022549,-0.005912,0.706485,,,,,,
23428,,,,,,,,,-0.000000,0.000000,,,0.000000,0.000000,0.000000,0.000000,,,,,,,,,,,,
23432,,,,,,,,,,,,,,,,,,,,-0.076973,-0.150324,0.488705,,,,,,
23438,,,,,,,,,-0.000000,0.000000,,,0.000000,0.000000,0.000000,0.000000,,,,0.022542,-0.005918,0.706485,,,,,,
23444,0.022542,-0.005918,0.706485,0.062667,0.062172,0.773397,0.884200,-0.119218,,,74.242096,78.066864,,,,,0.074722,0.025745,0.066912,,,,,,,,,
23448,,,,,,,,,-0.000000,0.000000,,,0.000000,0.000000,0.757269,0.796282,,,,0.022540,-0.005907,0.706485,,,,,,
23456,,,,,,,,,,,,,3.267259,3.811802,0.738792,0.773015,,,,0.022564,-0.005914,0.709436,,,,,,
23459,,,,,,,,,0.357077,0.652434,,,,,,,,,,,,,,,,,,
23464,,,,,,,,,,,,,,,,,,,,0.022538,-0.005984,0.709439,,,,,,
23468,,,,,,,,,1.071232,-0.652434,,,13.095393,13.009027,0.652740,0.694054,,,,,,,,,,,,
23472,,,,,,,,,,,,,,,,,,,,-0.080310,-0.151387,0.503460,,,,,,
23478,,,,,,,,,1.620581,0.652433,,,26.810215,27.282089,0.525078,0.561481,,,,0.022484,-0.005978,0.712440,,,,,,
23487,,,,,,,,,1.593114,0.000000,,,38.349865,39.291443,0.416860,0.449142,,,,0.023582,-0.005037,0.709445,,,,,,
23494,0.028543,-0.000800,0.709198,0.093691,0.092031,0.757942,0.871178,-0.243204,,,84.205833,86.377350,,,,,0.109894,0.028022,0.048743,0.024724,-0.004126,0.709455,,,,,,
23498,,,,,,,,,1.593114,1.304868,,,47.514782,49.396111,0.432186,0.438597,,,,,,,,,,,,
23508,,,,,,,,,1.483244,1.304866,,,54.681599,56.809090,0.366423,0.370381,,,,,,,,,,,,
23515,,,,,,,,,,,,,,,,,,,,0.026271,-0.002753,0.709450,,,,,,
23518,,,,,,,,,0.988829,0.000000,,,56.899956,57.600937,0.349701,0.368217,,,,0.028466,-0.000934,0.706468,,,,,,
23526,,,,,,,,,,,,,57.677395,59.356285,0.347232,0.356068,,,,0.030490,0.000795,0.709423,,,,,,
23529,,,,,,,,,1.098699,0.000000,,,,,,,,,,,,,,,,,,
23534,,,,,,,,,,,,,,,,,,,,0.032968,0.003134,0.715419,,,,,,
23538,,,,,,,,,0.961362,1.957303,,,57.242443,60.288692,0.356974,0.351962,,,,,,,,,,,,
23541,,,,,,,,,,,,,,,,,,,,-0.082191,-0.151812,0.507908,,,,,,
23544,-0.069902,-0.136438,0.532910,0.124345,0.120438,0.735422,0.849828,-0.377110,,,129.740067,141.838531,,,,,0.297815,0.122571,0.202512,,,,,,,,,
23548,,,,,,,,,0.906427,0.652435,,,56.876476,59.439590,0.830549,0.931544,,,,0.036088,0.005834,0.718317,,,,,,
23556,,,,,,,,,,,,,58.202179,59.814240,0.831599,0.944203,,,,0.039452,0.008945,0.721352,,,,,,
23559,,,,,,,,,1.043764,-1.304868,,,,,,,,,,,,,,,,,,
23564,,,,,,,,,,,,,,,,,,,,0.043465,0.012327,0.718352,,,,,,
23568,,,,,,,,,1.675516,1.957302,,,64.763062,68.297623,0.778986,0.874077,,,,,,,,,,,,
23572,,,,,,,,,,,,,,,,,,,,-0.084037,-0.152029,0.505216,,,,,,
23578,,,,,,,,,2.362203,6.524342,,,75.728821,82.514595,0.680131,0.743772,,,,0.047392,0.015587,0.712494,,,,,,
23587,,,,,,,,,2.472073,0.000000,,,87.678116,95.021301,0.569050,0.628068,,,,0.052132,0.019816,0.703589,,,,,,
23594,0.050723,0.012146,0.689827,0.154508,0.146946,0.704872,0.820688,-0.526874,,,98.435425,97.425339,,,,,0.165842,0.037930,0.015045,0.057056,0.024082,0.700588,,,,,,
23598,,,,,,,,,2.032593,1.304868,,,93.920456,100.643555,0.194483,0.127070,,,,,,,,,,,,
23603,,,,,,,,,,,,,,,,,,,,-0.088568,-0.151946,0.514010,,,,,,
23608,,,,,,,,,1.867789,2.609737,,,96.450043,104.285027,0.169584,0.089284,,,,,,,,,,,,
23615,,,,,,,,,,,,,,,,,,,,0.062171,0.028443,0.697644,,,,,,
23618,,,,,,,,,1.071232,-0.652434,,,91.499374,98.091728,0.220478,0.151083,,,,0.068126,0.033372,0.691733,,,,,,
23626,,,,,,,,,,,,,85.700256,89.613426,0.281016,0.237429,,,,0.074264,0.038513,0.688816,,,,,,
23629,,,,,,,,,0.769089,-1.304867,,,,,,,,,,,,,,,,,,
23634,,,,,,,,,,,,,,,,,,,,0.080683,0.043929,0.682928,,,,,,
23638,,,,,,,,,0.851492,-0.652435,,,80.820877,83.024330,0.333333,0.306200,,,,,,,,,,,,
23642,-0.072654,-0.136043,0.526345,0.184062,0.171137,0.664924,0.784522,-0.699674,,,,,,,,,,,,-0.087035,-0.152013,0.514487,,,,,,
23645,,,,,,,,,,,151.120789,157.666992,,,,,0.376289,0.136635,0.138579,,,,,,,,,
23648,,,,,,,,,0.961362,-0.652434,,,77.804451,79.113892,0.905014,0.963432,,,,0.087882,0.050121,0.677064,,,,,,
23657,,,,,,,,,1.126167,0.652435,,,75.810974,78.546371,0.940011,0.984931,,,,0.094614,0.055668,0.662434,,,,,,
23665,,,,,,,,,,,,,,,,,,,,0.101328,0.061189,0.647841,,,,,,
23668,,,,,,,,,1.812854,0.000000,,,82.301811,84.058830,0.888866,0.944528,,,,,,,,,,,,
23678,,,,,,,,,2.527008,0.000000,,,94.297722,95.776077,0.780272,0.839734,,,,0.107693,0.066390,0.639310,,,,,,
23688,,,,,,,,,2.884086,-0.652433,,,107.113792,108.902229,0.660913,0.718225,,,,0.115563,0.072506,0.627597,,,,,,
23694,0.110215,0.061116,0.617176,0.212890,0.192628,0.613720,0.742342,-0.904389,,,93.252213,89.451942,,,,,0.159844,0.047829,-0.003456,0.123843,0.078733,0.615908,,,,,,
23698,,,,,,,,,2.389671,1.957300,,,114.085434,116.134766,0.008344,-0.041587,,,,,,,,,,,,
23703,,,,,,,,,,,,,,,,,,,,-0.085487,-0.152107,0.511930,,,,,,
23708,,,,,,,,,1.977659,0.000000,,,115.595024,116.774788,-0.011221,-0.053452,,,,,,,,,,,,
23715,,,,,,,,,,,,,,,,,,,,0.131966,0.084970,0.607201,,,,,,
23718,,,,,,,,,0.851492,-0.652435,,,105.974327,106.966980,0.082442,0.041123,,,,0.140771,0.091828,0.595517,,,,,,
23726,,,,,,,,,,,,,97.334930,96.536522,0.168019,0.144011,,,,0.149863,0.098759,0.592780,,,,,,
23729,,,,,,,,,0.741622,-1.957302,,,,,,,,,,,,,,,,,,
23734,,,,,,,,,,,,,,,,,,,,0.159827,0.106064,0.583933,,,,,,
23738,,,,,,,,,0.824024,-1.304869,,,90.610291,88.849419,0.235794,0.221002,,,,,,,,,,,,
23744,0.158542,0.104208,0.581275,0.240877,0.211082,0.548804,0.695427,-1.151942,,,82.559189,76.039970,,,,,0.127496,0.044112,-0.032470,,,,,,,,,
23748,,,,,,,,,0.988829,-1.304868,,,86.041267,82.926033,0.173858,0.144739,,,,0.169664,0.113006,0.578057,,,,,,
23757,,,,,,,,,0.769089,-1.304867,,,81.107803,77.942101,0.223483,0.194198,,,,0.180292,0.119992,0.563837,,,,,,
23765,,,,,,,,,,,,,,,,,,,,0.190729,0.126564,0.544509,,,,,,
23768,,,,,,,,,0.824024,-1.304869,,,76.956787,73.204079,0.266113,0.242145,,,,,,,,,,,,
23772,,,,,,,,,,,,,,,,,,,,-0.090157,-0.151909,0.519551,,,,,,
23778,,,,,,,,,0.933894,-1.304869,,,74.008667,69.762047,0.297305,0.277821,,,,0.198885,0.131560,0.535734,,,,,,
23787,,,,,,,,,0.988829,-1.304868,,,72.617203,68.499557,0.313208,0.291954,,,,0.205858,0.135787,0.524051,,,,,,
23794,0.205426,0.135304,0.523385,0.267913,0.226207,0.467067,0.645373,-1.455098,,,72.763992,63.780483,,,,,0.099557,0.047502,-0.056318,0.213200,0.140409,0.509464,,,,,,
23798,,,,,,,,,1.043764,-1.304868,,,71.990967,67.437294,0.221673,0.179251,,,,,,,,,,,,
23803,,,,,,,,,,,,,,,,,,,,-0.092008,-0.151778,0.524540,,,,,,
23808,,,,,,,,,1.043764,-1.304868,,,71.464050,65.998962,0.227202,0.193190,,,,,,,,,,,,
23816,,,,,,,,,,,,,68.842537,64.244209,0.254201,0.210645,,,,0.220652,0.144277,0.500763,,,,,,
23819,,,,,,,,,0.824024,0.000000,,,,,,,,,,0.228025,0.148251,0.492104,,,,,,
23826,,,,,,,,,,,,,68.270424,62.767761,0.260821,0.225612,,,,0.234970,0.151993,0.477760,,,,,,
23829,,,,,,,,,0.988829,-1.304868,,,,,,,,,,,,,,,,,,
23834,,,,,,,,,,,,,,,,,,,,0.242350,0.155793,0.469260,,,,,,
23838,,,,,,,,,0.906427,-0.652435,,,66.699959,62.070023,0.277739,0.232932,,,,,,,,,,,,
23844,0.242579,0.155915,0.471065,0.293893,0.237764,0.364864,0.594144,-1.826677,,,66.561668,53.902958,,,,,0.082871,0.049647,-0.106201,,,,,,,,,
23848,,,,,,,,,0.933894,-1.304869,,,65.923111,60.393856,0.223612,0.149620,,,,0.251179,0.160335,0.455000,,,,,,
23857,,,,,,,,,0.878959,-2.609737,,,65.269478,58.983528,0.230406,0.162707,,,,0.260184,0.164607,0.440825,,,,,,
23865,,,,,,,,,,,,,,,,,,,,0.268651,0.168668,0.423819,,,,,,
23868,,,,,,,,,0.851492,-1.957303,,,64.174965,56.707794,0.241829,0.184903,,,,,,,,,,,,
23872,,,,,,,,,,,,,,,,,,,,-0.100999,-0.152709,0.574394,,,,,,
23878,,,,,,,,,0.906427,-1.957303,,,63.254044,55.882076,0.251699,0.192765,,,,0.277530,0.172728,0.406892,,,,,,
23887,,,,,,,,,0.851492,-1.957303,,,63.023724,55.187321,0.254710,0.199455,,,,0.285907,0.176399,0.387098,,,,,,
23894,0.285529,0.176147,0.385934,0.318712,0.245572,0.238559,0.544140,-2.274021,,,57.697533,41.575104,,,,,0.056875,0.051827,-0.147375,0.294778,0.180076,0.359015,,,,,,
23898,,,,,,,,,0.933894,-2.609737,,,62.829929,54.058208,0.166980,0.084971,,,,,,,,,,,,
23902,,,,,,,,,,,,,,,,,,,,-0.098776,-0.152314,0.559518,,,,,,
23908,,,,,,,,,0.769089,-2.609737,,,62.122330,52.563633,0.173171,0.097719,,,,,,,,,,,,
23915,,,,,,,,,,,,,,,,,,,,0.303077,0.183090,0.333726,,,,,,
23918,,,,,,,,,0.796557,-3.262171,,,61.526955,50.761551,0.178359,0.113903,,,,0.312108,0.186195,0.311314,,,,,,
23925,,,,,,,,,,,,,,,,,,,,0.320167,0.188825,0.286120,,,,,,
23928,,,,,,,,,0.769089,-3.914606,,,61.026005,48.700737,0.182703,0.133086,,,,,,,,,,,,
23933,,,,,,,,,,,,,,,,,,,,-0.096362,-0.151949,0.543831,,,,,,
23938,,,,,,,,,0.769089,-2.609737,,,60.059963,47.511311,0.191891,0.143793,,,,,,,,,,,,
23941,,,,,,,,,,,,,,,,,,,,0.329313,0.191649,0.255581,,,,,,
23944,0.328701,0.191365,0.255572,0.342274,0.249507,0.085924,0.498238,-2.786433,,,48.092484,28.947670,,,,,0.027830,0.052822,-0.169648,,,,,,,,,
23948,,,,,,,,,0.714154,-2.609737,,,59.791679,45.965984,0.096183,0.029568,,,,0.337766,0.194115,0.224946,,,,,,
23956,,,,,,,,,,,,,57.387772,43.576660,0.118364,0.050536,,,,0.346570,0.196235,0.194641,,,,,,
23959,,,,,,,,,0.714154,-3.914605,,,,,,,,,,,,,,,,,,
23963,,,,,,,,,,,,,,,,,,,,-0.094114,-0.151765,0.530075,,,,,,
23968,,,,,,,,,0.549350,-3.914606,,,55.909668,41.021740,0.131581,0.073670,,,,,,,,,,,,
23978,,,,,,,,,0.604285,-3.914605,,,54.121449,38.872032,0.148258,0.093182,,,,0.362938,0.199220,0.127952,,,,,,
23986,,,,,,,,,0.631752,-3.262170,,,53.161385,37.607811,0.156844,0.104092,,,,0.369764,0.200397,0.097264,,,,,,
23994,0.368928,0.200100,0.096865,0.364484,0.249507,-0.091470,0.459720,-3.314670,,,39.403587,17.244852,,,,,0.000355,0.049606,-0.188335,0.376090,0.201315,0.064158,,,,,,
23998,,,,,,,,,0.604285,-2.609737,,,52.353588,36.544098,0.075443,-0.006158,,,,,,,,,,,,
24008,,,,,,,,,0.549350,-3.914606,,,50.584820,34.560001,0.090895,0.010219,,,,0.382046,0.201613,0.031025,,,,,,
24017,,,,,,,,,0.494415,-3.914605,,,49.096581,32.346039,0.103839,0.029339,,,,0.387901,0.202005,0.000231,,,,,,
24025,,,,,,,,,,,,,,,,,,,,0.393967,0.201992,-0.035708,,,,,,
24028,,,,,,,,,0.439480,-2.609737,,,47.299831,30.483212,0.120227,0.045319,,,,,,,,,,,,
24032,,,,,,,,,,,,,,,,,,,,-0.105360,-0.154045,0.613745,,,,,,
24038,,,,,,,,,0.466947,-4.567039,,,46.332592,28.371286,0.128513,0.064213,,,,0.400048,0.201687,-0.079727,,,,,,
24044,0.399395,0.201528,-0.084067,0.385257,0.245572,-0.285912,0.431919,-3.755346,,,33.768539,9.120242,,,,,-0.017787,0.042701,-0.201845,,,,,,,,,
24047,,,,,,,,,0.466947,-4.567039,,,44.974213,26.594313,0.083506,-0.002758,,,,0.404957,0.201545,-0.116214,,,,,,
24055,,,,,,,,,,,,,,,,,,,,0.409213,0.201206,-0.155135,,,,,,
24058,,,,,,,,,0.384545,-3.914605,,,43.831272,24.554625,0.092922,0.014552,,,,,,,,,,,,
24063,,,,,,,,,,,,,,,,,,,,-0.103283,-0.153238,0.594799,,,,,,
24068,,,,,,,,,0.384545,-3.914605,,,42.325058,22.838430,0.106273,0.028971,,,,,,,,,,,,
24078,,,,,,,,,0.329610,-3.914605,,,40.513187,20.849882,0.123043,0.046510,,,,,,,,,,,,
24086,,,,,,,,,,,,,38.988678,18.632174,0.137244,0.066785,,,,0.420539,0.198882,-0.285827,,,,,,
24089,,,,,,,,,0.357077,-4.567039,,,,,,,,,,,,,,,,,,
24094,0.420234,0.198812,-0.288057,0.404508,0.237764,-0.484020,0.417452,-3.975972,,,31.049974,5.426815,,,,,-0.026144,0.032879,-0.195963,-0.107384,-0.154939,0.631991,,,,,,
24098,,,,,,,,,0.329610,-3.914605,,,38.250500,17.310738,0.116000,0.040688,,,,,,,,,,,,
24101,,,,,,,,,,,,,,,,,,,,0.423893,0.197871,-0.330643,,,,,,
24108,,,,,,,,,0.302142,-4.567039,,,37.084854,16.198881,0.126450,0.049652,,,,0.427031,0.196843,-0.375685,,,,,,
24117,,,,,,,,,0.302142,-4.567039,,,36.104080,14.718822,0.135247,0.062594,,,,0.429750,0.195843,-0.421025,,,,,,
24124,,,,,,,,,,,,,,,,,,,,0.432329,0.194583,-0.463472,,,,,,
24128,,,,,,,,,0.274675,-3.914605,,,34.734314,13.473501,0.148207,0.073438,,,,,,,,,,,,
24132,,,,,,,,,,,,,,,,,,,,-0.109206,-0.155891,0.648847,,,,,,
24138,,,,,,,,,0.357077,-4.567039,,,34.670879,12.970232,0.148118,0.076962,,,,0.434738,0.193510,-0.503403,,,,,,
24144,0.434900,0.193370,-0.504494,0.422164,0.226207,-0.671453,0.417245,-3.898387,,,30.413572,5.817121,,,,,-0.027022,0.022590,-0.166959,,,,,,,,,
24147,,,,,,,,,0.329610,-3.914605,,,34.072964,12.546782,0.147001,0.083754,,,,0.437087,0.192217,-0.546446,,,,,,
24155,,,,,,,,,,,,,,,,,,,,0.439344,0.191045,-0.592673,,,,,,
24158,,,,,,,,,0.302142,-4.567039,,,33.569878,11.645947,0.151400,0.091597,,,,,,,,,,,,
24168,,,,,,,,,0.329610,-3.914605,,,33.146580,11.432528,0.155087,0.092608,,,,,,,,,,,,
24178,,,,,,,,,0.329610,-3.914605,,,32.790417,10.708413,0.158173,0.098871,,,,,,,,,,,,
24186,,,,,,,,,0.329610,-3.914605,,,31.946198,10.643687,0.166309,0.098552,,,,0.445148,0.187175,-0.718206,,,,,,
24194,0.445426,0.186909,-0.716696,0.438153,0.211082,-0.838487,0.430019,-3.565917,,,31.609892,9.727695,,,,,-0.021363,0.013448,-0.121791,-0.110725,-0.156988,0.669338,,,,,,
24198,,,,,,,,,0.247207,-3.262171,,,31.235872,10.589227,0.185450,0.138031,,,,,,,,,,,,
24201,,,,,,,,,,,,,,,,,,,,0.446779,0.185972,-0.756844,,,,,,
24208,,,,,,,,,0.302142,-4.567039,,,31.182747,9.998860,0.186067,0.143880,,,,0.448989,0.184372,-0.795744,,,,,,
24216,,,,,,,,,,,,,30.593504,10.046669,0.192162,0.143338,,,,0.451370,0.181978,-0.834848,,,,,,
24219,,,,,,,,,0.329610,-3.914605,,,,,,,,,,,,,,,,,,
24224,,,,,,,,,,,,,,,,,,,,0.453362,0.179953,-0.865314,,,,,,
24228,,,,,,,,,0.329610,-2.609737,,,30.642260,10.631439,0.191868,0.137310,,,,,,,,,,,,
24232,,,,,,,,,,,,,,,,,,,,-0.111952,-0.158068,0.682970,,,,,,
24238,,,,,,,,,0.329610,-3.914605,,,30.683283,10.578921,0.191643,0.137665,,,,0.455563,0.177606,-0.902021,,,,,,
24244,0.455663,0.177382,-0.902893,0.452414,0.192628,-0.981893,0.452737,-3.105463,,,33.525501,15.025237,,,,,-0.013982,0.006892,-0.079000,,,,,,,,,
24247,,,,,,,,,0.357077,-3.262171,,,30.717798,11.079276,0.211016,0.186426,,,,0.457641,0.175289,-0.936001,,,,,,
24255,,,,,,,,,,,,,,,,,,,,0.459851,0.172714,-0.964010,,,,,,
24258,,,,,,,,,0.357077,-3.262171,,,30.746840,11.500275,0.211281,0.182921,,,,,,,,,,,,
24268,,,,,,,,,0.384545,-2.609737,,,30.771276,12.399046,0.211588,0.174458,,,,,,,,,,,,
24278,,,,,,,,,0.412012,-3.262171,,,31.336380,13.155272,0.206374,0.167270,,,,,,,,,,,,
24285,,,,,,,,,,,,,,,,,,,,0.466066,0.163814,-1.058957,,,,,,
24288,,,,,,,,,0.412012,-3.262171,,,31.267315,13.791559,0.207517,0.161154,,,,,,,,,,,,
24294,0.466151,0.163513,-1.059546,0.464888,0.171137,-1.103162,0.481637,-2.636673,,,35.610699,20.449036,,,,,-0.007267,0.002629,-0.043615,-0.114161,-0.160524,0.711105,,,,,,
24298,,,,,,,,,0.412012,-1.957303,,,31.753746,14.871475,0.224276,0.205708,,,,,,,,,,,,
24301,,,,,,,,,,,,,,,,,,,,0.468208,0.160567,-1.087925,,,,,,
24308,,,,,,,,,0.466947,-3.262170,,,32.163029,15.780117,0.220873,0.197555,,,,0.470323,0.156902,-1.113893,,,,,,
24316,,,,,,,,,,,,,32.507401,16.544647,0.218049,0.190691,,,,0.472302,0.153285,-1.140083,,,,,,
24319,,,,,,,,,0.439480,-1.304869,,,,,,,,,,,,,,,,,,
24324,,,,,,,,,,,,,,,,,,,,0.474238,0.149561,-1.166519,,,,,,
24328,,,,,,,,,0.466947,-3.262170,,,33.341698,17.732466,0.210160,0.179356,,,,,,,,,,,,
24331,,,,,,,,,,,,,,,,,,,,-0.113122,-0.159246,0.697226,,,,,,
24338,,,,,,,,,0.466947,-1.957303,,,33.499130,18.731897,0.209008,0.169705,,,,0.476223,0.145569,-1.193174,,,,,,
24344,0.476246,0.145319,-1.190171,0.475528,0.146946,-1.205932,0.513114,-2.226778,,,37.680843,25.450747,,,,,-0.001777,-0.000063,-0.015760,,,,,,,,,
24347,,,,,,,,,0.521882,-1.957302,,,34.176140,19.572819,0.223641,0.212489,,,,0.477991,0.141142,-1.213303,,,,,,
24354,,,,,,,,,,,,,,,,,,,,0.479732,0.136579,-1.236982,,,,,,
24358,,,,,,,,,0.494415,-2.609737,,,34.745773,20.824913,0.218531,0.200893,,,,,,,,,,,,
24362,,,,,,,,,,,,,,,,,,,,-0.115993,-0.162499,0.731965,,,,,,
24368,,,,,,,,,0.521882,-1.957302,,,35.225063,21.878426,0.214229,0.191072,,,,,,,,,,,,
24378,,,,,,,,,0.521882,-1.957302,,,35.628338,22.764851,0.210607,0.182745,,,,,,,,,,,,
24386,,,,,,,,,0.549350,-2.609737,,,35.967655,23.510689,0.207557,0.175675,,,,0.484769,0.122301,-1.302273,,,,,,
24394,0.484772,0.122043,-1.303815,0.484292,0.120438,-1.294274,0.544140,-1.897844,,,39.244270,29.569462,,,,,0.001421,-0.000887,0.009541,,,,,,,,,
24398,,,,,,,,,0.549350,-1.304868,,,36.253155,24.682779,0.220934,0.206118,,,,,,,,,,,,
24401,,,,,,,,,,,,,,,,,,,,0.486502,0.116944,-1.323235,,,,,,
24408,,,,,,,,,0.549350,-1.304868,,,37.037918,25.668976,0.213528,0.197037,,,,0.487933,0.111536,-1.340832,,,,,,
24416,,,,,,,,,0.576817,-1.957303,,,37.698219,26.498762,0.207234,0.189353,,,,0.489232,0.105951,-1.355039,,,,,,
24424,,,,,,,,,,,,,,,,,,,,0.490614,0.100461,-1.369317,,,,,,
24428,,,,,,,,,0.549350,-1.304868,,,37.709251,27.196943,0.207431,0.182846,,,,,,,,,,,,
24435,,,,,,,,,,,,,,,,,,,,-0.116876,-0.163259,0.742167,,,,,,
24438,,,,,,,,,0.631752,-1.957303,,,38.263077,28.328936,0.202089,0.171774,,,,0.491873,0.094677,-1.387254,,,,,,
24444,0.491854,0.094386,-1.388463,0.491144,0.092031,-1.371926,0.572343,-1.648322,,,40.430294,32.333340,,,,,0.002188,-0.001125,0.016537,,,,,,,,,
24447,,,,,,,,,0.549350,-1.304868,,,38.729065,28.736851,0.209629,0.196053,,,,0.493121,0.088628,-1.401868,,,,,,
24455,,,,,,,,,,,,,,,,,,,,0.494245,0.082389,-1.420105,,,,,,
24458,,,,,,,,,0.631752,-0.652435,,,39.121147,30.169157,0.205970,0.182162,,,,,,,,,,,,
24463,,,,,,,,,,,,,,,,,,,,-0.117948,-0.163964,0.750132,,,,,,
24468,,,,,,,,,0.549350,-1.304868,,,38.906502,30.285213,0.208422,0.181411,,,,,,,,,,,,
24478,,,,,,,,,0.659220,-1.304869,,,39.814987,31.471951,0.199460,0.169716,,,,,,,,,,,,
24485,,,,,,,,,,,,,,,,,,,,0.496337,0.063809,-1.456868,,,,,,
24488,,,,,,,,,0.604285,-1.304869,,,40.034843,31.925926,0.197340,0.165258,,,,,,,,,,,,
24494,0.496338,0.063868,-1.456603,0.496057,0.062172,-1.442113,0.595942,-1.468505,,,41.303223,34.111588,,,,,0.001653,-0.000473,0.014489,-0.115122,-0.161648,0.722262,,,,,,
24498,,,,,,,,,0.631752,-0.652435,,,40.219830,32.307903,0.204436,0.179582,,,,,,,,,,,,
24501,,,,,,,,,,,,,,,,,,,,0.496987,0.057521,-1.467964,,,,,,
24508,,,,,,,,,0.631752,-1.957303,,,40.375477,33.173840,0.203065,0.171110,,,,0.497552,0.050823,-1.479296,,,,,,
24516,,,,,,,,,0.604285,-1.304869,,,40.506439,33.357895,0.201915,0.169420,,,,0.498165,0.044203,-1.490728,,,,,,
24524,,,,,,,,,,,,,,,,,,,,0.498669,0.037754,-1.505961,,,,,,
24528,,,,,,,,,0.659220,-1.304869,,,41.161175,34.057304,0.195396,0.162437,,,,,,,,,,,,
24538,,,,,,,,,0.631752,-0.652435,,,41.712070,34.645786,0.189806,0.156445,,,,0.498851,0.031453,-1.521020,,,,,,
24544,0.498892,0.031534,-1.518353,0.499013,0.031333,-1.507591,0.613653,-1.348095,,,41.747028,35.071846,,,,,0.000207,0.000110,0.010762,,,,,,,,,
24547,,,,,,,,,0.631752,-0.652435,,,41.631050,35.140934,0.195077,0.161082,,,,0.499161,0.025129,-1.532445,,,,,,
24554,,,,,,,,,,,,,,,,,,,,0.499377,0.018951,-1.547676,,,,,,
24558,,,,,,,,,0.659220,-1.304869,,,42.107422,35.557552,0.190241,0.156819,,,,,,,,,,,,
24562,,,,,,,,,,,,,,,,,,,,-0.122039,-0.166142,0.773886,,,,,,
24568,,,,,,,,,0.686687,-1.957303,,,42.508240,35.363552,0.186081,0.158701,,,,,,,,,,,,
24578,,,,,,,,,0.604285,-1.304869,,,42.845490,35.744862,0.182489,0.154753,,,,,,,,,,,,
24585,,,,,,,,,,,,,,,,,,,,0.499548,0.000343,-1.582125,,,,,,
24588,,,,,,,,,0.604285,-1.304869,,,42.584709,35.521152,0.184929,0.156900,,,,,,,,,,,,
24593,-0.066931,-0.150771,0.560871,0.500000,0.000000,-1.570796,0.624611,-1.279096,,,158.591888,115.030098,,,,,0.560271,-0.173892,-2.131667,-0.119284,-0.164714,0.758666,,,,,,
24598,,,,,,,,,0.631752,-1.957303,,,42.909832,35.332924,1.000000,0.974304,,,,,,,,,,,,
24601,,,,,,,,,,,,,,,,,,,,0.499516,-0.005946,-1.597638,,,,,,
24608,,,,,,,,,1.071232,-0.652434,,,46.450649,38.986351,1.000000,0.952979,,,,0.499375,-0.012213,-1.609198,,,,,,
24616,,,,,,,,,,,,,56.508953,48.594864,1.000000,0.870181,,,,0.499052,-0.018166,-1.624574,,,,,,
24619,,,,,,,,,1.620581,-3.262171,,,,,,,,,,,,,,,,,,
24624,,,,,,,,,,,,,,,,,,,,0.498676,-0.024070,-1.636238,,,,,,
24628,,,,,,,,,2.362203,-2.609739,,,72.595612,63.213982,1.000000,0.734353,,,,,,,,,,,,
24635,,,,,,,,,,,,,,,,,,,,-0.120693,-0.165475,0.767834,,,,,,
24638,,,,,,,,,1.867789,-5.219474,,,81.774582,69.524529,1.000000,0.680349,,,,0.498063,-0.031412,-1.651325,,,,,,
24644,0.458284,-0.039280,-1.488250,0.499013,-0.031333,-1.634002,0.628319,-1.256637,,,43.349453,31.791927,,,,,-0.004561,0.041246,-0.145752,,,,,,,,,
24647,,,,,,,,,2.746748,-5.219474,,,98.210457,82.457832,-0.267733,-0.291499,,,,0.497767,-0.039386,-1.658812,,,,,,
24655,,,,,,,,,,,,,,,,,,,,0.497368,-0.047084,-1.666361,,,,,,
24658,,,,,,,,,1.950191,-11.091380,,,106.594162,85.171761,-0.364219,-0.329315,,,,,,,,,,,,
24663,,,,,,,,,,,,,,,,,,,,-0.123215,-0.166847,0.779979,,,,,,
24668,,,,,,,,,0.769089,-7.829210,,,100.579178,76.019852,-0.315515,-0.246641,,,,,,,,,,,,
24678,,,,,,,,,0.109870,-3.914605,,,87.350021,63.418549,-0.192023,-0.126953,,,,,,,,,,,,
24686,,,,,,,,,-0.000000,0.000000,,,73.496292,53.360359,-0.059515,-0.030685,,,,0.495260,-0.074500,-1.706706,,,,,,
24695,0.492157,-0.071545,-1.688375,0.496057,-0.062172,-1.699480,0.624611,-1.279096,,,39.846420,32.731850,,,,,-0.009766,0.002773,-0.011105,,,,,,,,,
24698,,,,,,,,,-0.000000,0.000000,,,61.839771,44.897400,0.017621,0.060910,,,,,,,,,,,,
24701,,,,,,,,,,,,,,,,,,,,0.494137,-0.084531,-1.719461,,,,,,
24708,,,,,,,,,0.027467,0.652434,,,52.031975,38.321209,0.113262,0.125555,,,,0.493101,-0.094904,-1.731078,,,,,,
24717,,,,,,,,,0.082402,0.652434,,,44.324242,33.332546,0.189443,0.175321,,,,0.492571,-0.100084,-1.736845,,,,,,
24724,,,,,,,,,,,,,,,,,,,,0.491792,-0.104601,-1.745607,,,,,,
24728,,,,,,,,,0.247207,0.652434,,,39.472584,30.768715,0.238035,0.201352,,,,,,,,,,,,
24732,,,,,,,,,,,,,,,,,,,,-0.124135,-0.167429,0.787031,,,,,,
24738,,,,,,,,,0.439480,0.000000,,,37.024029,30.245138,0.263085,0.207085,,,,0.491032,-0.109893,-1.759450,,,,,,
24744,0.490901,-0.108505,-1.753481,0.491144,-0.092031,-1.769666,0.613653,-1.348095,,,37.667034,29.892145,,,,,-0.016244,-0.002753,-0.016185,,,,,,,,,
24747,,,,,,,,,0.604285,0.000000,,,37.686531,31.438231,0.234662,0.166448,,,,0.490796,-0.114060,-1.766126,,,,,,
24755,,,,,,,,,,,,,,,,,,,,0.490715,-0.119651,-1.787847,,,,,,
24758,,,,,,,,,0.659220,-1.304869,,,38.788506,32.442097,0.223418,0.155899,,,,,,,,,,,,
24763,,,,,,,,,,,,,,,,,,,,-0.124821,-0.167928,0.790621,,,,,,
24768,,,,,,,,,0.686687,-3.262170,,,40.804790,32.742207,0.202628,0.152328,,,,,,,,,,,,
24772,,,,,,,,,,,,,,,,,,,,0.490082,-0.123702,-1.792879,,,,,,
24778,,,,,,,,,0.631752,-1.957303,,,41.412209,32.994720,0.195804,0.149182,,,,0.488753,-0.128593,-1.810326,,,,,,
24787,,,,,,,,,0.576817,-1.957303,,,40.834202,32.118099,0.200951,0.157503,,,,0.487827,-0.132097,-1.818357,,,,,,
24796,0.487535,-0.132474,-1.821121,0.484292,-0.120438,-1.847319,0.595942,-1.468505,,,38.594482,29.765432,40.347866,31.925053,0.214738,0.157735,-0.010857,-0.006124,-0.026198,0.486222,-0.138336,-1.839262,,,,,,
24799,,,,,,,,,0.521882,-1.957302,,,,,,,,,,,,,,,,,,
24802,,,,,,,,,,,,,,,,,,,,-0.125125,-0.168886,0.796189,,,,,,
24808,,,,,,,,,0.549350,-1.304868,,,40.483208,31.218081,0.213007,0.164514,,,,0.484661,-0.145224,-1.856256,,,,,,
24818,,,,,,,,,0.549350,-2.609737,,,40.052540,31.167778,0.217022,0.164737,,,,0.483190,-0.151289,-1.870010,,,,,,
24826,,,,,,,,,,,,,40.234722,31.125454,0.214872,0.164888,,,,0.480889,-0.157890,-1.896237,,,,,,
24829,,,,,,,,,0.576817,-0.652434,,,,,,,,,,,,,,,,,,
24835,,,,,,,,,,,,,,,,,,,,-0.125163,-0.168572,0.793433,,,,,,
24838,,,,,,,,,0.604285,-2.609737,,,40.932552,31.634384,0.207426,0.159425,,,,,,,,,,,,
24841,,,,,,,,,,,,,,,,,,,,0.479198,-0.163404,-1.910563,,,,,,
24844,0.479118,-0.163221,-1.914004,0.475528,-0.146946,-1.935660,0.572343,-1.648322,,,36.600868,26.983831,,,,,-0.014118,-0.008858,-0.021656,,,,,,,,,
24848,,,,,,,,,0.576817,-1.957303,,,40.975163,31.518055,0.186189,0.131865,,,,0.477056,-0.169456,-1.937223,,,,,,
24857,,,,,,,,,0.604285,-2.609737,,,41.555557,31.420176,0.179394,0.131957,,,,0.475111,-0.174826,-1.954530,,,,,,
24864,,,,,,,,,,,,,,,,,,,,0.472810,-0.180403,-1.980980,,,,,,
24868,,,,,,,,,0.604285,-2.609737,,,42.043903,31.337820,0.173422,0.131910,,,,,,,,,,,,
24878,,,,,,,,,0.604285,-2.609737,,,42.454796,31.268526,0.168143,0.131746,,,,0.470606,-0.185628,-2.001083,,,,,,
24887,,,,,,,,,0.576817,-1.957303,,,42.255978,31.210222,0.169000,0.131483,,,,0.468259,-0.190826,-2.020810,,,,,,
24896,0.468244,-0.190745,-2.020058,0.464888,-0.171137,-2.038431,0.544140,-1.897844,,,34.853741,24.036800,42.088692,31.161165,0.151754,0.101079,-0.016205,-0.011539,-0.018373,0.465872,-0.195884,-2.046862,,,,,,
24899,,,,,,,,,0.576817,-1.957303,,,,,,,,,,,,,,,,,,
24908,,,,,,,,,0.604285,-2.609737,,,41.947937,31.119888,0.151743,0.100075,,,,,,,,,,,,
24911,,,,,,,,,,,,,,,,,,,,0.463388,-0.200566,-2.066448,,,,,,
24918,,,,,,,,,0.576817,-1.957303,,,42.374050,31.085159,0.145978,0.099012,,,,0.460826,-0.205442,-2.092112,,,,,,
24926,,,,,,,,,,,,,41.643494,29.966850,0.151925,0.109009,,,,0.458397,-0.209913,-2.111391,,,,,,
24929,,,,,,,,,0.521882,-1.957302,,,,,,,,,,,,,,,,,,
24935,,,,,,,,,,,,,,,,,,,,0.455280,-0.215190,-2.139783,,,,,,
24938,,,,,,,,,0.494415,-2.609737,,,41.028805,29.570450,0.156837,0.111867,,,,,,,,,,,,
24944,0.455349,-0.214945,-2.140685,0.452414,-0.192628,-2.159700,0.513114,-2.226778,,,33.509140,20.939520,,,,,-0.017207,-0.014512,-0.019014,,,,,,,,,
24948,,,,,,,,,0.521882,-1.957302,,,40.511604,28.692375,0.147163,0.088124,,,,0.452335,-0.219845,-2.161788,,,,,,
24957,,,,,,,,,0.521882,-3.262171,,,40.620975,28.498106,0.144647,0.088555,,,,0.449127,-0.224699,-2.189812,,,,,,
24964,,,,,,,,,,,,,,,,,,,,0.445913,-0.229149,-2.211481,,,,,,
24968,,,,,,,,,0.494415,-2.609737,,,39.623917,27.790106,0.153394,0.094265,,,,,,,,,,,,
24978,,,,,,,,,0.466947,-1.957303,,,39.329533,26.649851,0.155174,0.104525,,,,0.442544,-0.233648,-2.236070,,,,,,
24987,,,,,,,,,0.466947,-3.262170,,,39.081837,26.234983,0.156537,0.107615,,,,0.439220,-0.237913,-2.263462,,,,,,
24995,0.439390,-0.237547,-2.266845,0.438153,-0.211082,-2.303106,0.481637,-2.636673,,,32.219101,16.968449,,,,,-0.019516,-0.017919,-0.036261,0.435846,-0.242044,-2.290899,,,,,,
24998,,,,,,,,,0.494415,-2.609737,,,38.328884,25.885914,0.149944,0.069612,,,,,,,,,,,,
25008,,,,,,,,,0.439480,-2.609737,,,38.239895,25.047665,0.149629,0.076378,,,,,,,,,,,,
25011,,,,,,,,,,,,,,,,,,,,0.432390,-0.246232,-2.318100,,,,,,
25018,,,,,,,,,0.466947,-4.567039,,,38.165016,23.797817,0.149189,0.087511,,,,0.429118,-0.250080,-2.348382,,,,,,
25026,,,,,,,,,0.439480,-2.609737,,,38.102013,23.290739,0.148643,0.091317,,,,0.425536,-0.254025,-2.381186,,,,,,
25038,,,,,,,,,0.439480,-2.609737,,,37.504459,22.864084,0.153561,0.094405,,,,,,,,,,,,
25041,,,,,,,,,,,,,,,,,,,,0.422124,-0.257569,-2.416744,,,,,,
25044,0.422299,-0.257222,-2.415113,0.422164,-0.226207,-2.470140,0.452737,-3.105463,,,31.611303,13.363677,,,,,-0.020500,-0.023274,-0.055026,,,,,,,,,
25048,,,,,,,,,0.439480,-3.914605,,,37.546223,21.960554,0.145878,0.065673,,,,0.418314,-0.260997,-2.446238,,,,,,
25057,,,,,,,,,0.412012,-3.262171,,,37.036819,21.200323,0.149887,0.071708,,,,0.414598,-0.264217,-2.484398,,,,,,
25064,,,,,,,,,,,,,,,,,,,,0.410839,-0.267223,-2.519264,,,,,,
25068,,,,,,,,,0.439480,-3.914605,,,37.152748,20.560665,0.147620,0.076665,,,,,,,,,,,,
25078,,,,,,,,,0.439480,-3.914605,,,36.705750,20.022457,0.151071,0.080715,,,,0.407106,-0.269862,-2.554114,,,,,,
25087,,,,,,,,,0.412012,-3.262171,,,36.874187,19.569609,0.148334,0.084003,,,,0.403771,-0.272336,-2.588883,,,,,,
25094,0.403943,-0.272105,-2.587987,0.404508,-0.237764,-2.657573,0.430019,-3.565917,,,32.121185,11.074815,,,,,-0.018536,-0.028915,-0.069586,0.400671,-0.274491,-2.629204,,,,,,
25098,,,,,,,,,0.439480,-3.914605,,,37.015911,19.188581,0.151037,0.063301,,,,,,,,,,,,
25108,,,,,,,,,0.384545,-3.914605,,,36.590614,18.323442,0.154396,0.070503,,,,,,,,,,,,
25115,,,,,,,,,,,,,,,,,,,,0.397381,-0.276378,-2.666438,,,,,,
25118,,,,,,,,,0.412012,-4.567039,,,36.777313,17.595514,0.151597,0.076478,,,,0.394025,-0.278119,-2.703634,,,,,,
25126,,,,,,,,,,,,,36.389858,16.983036,0.154618,0.081421,,,,0.390784,-0.279652,-2.743387,,,,,,
25129,,,,,,,,,0.412012,-3.262171,,,,,,,,,,,,,,,,,,
25138,,,,,,,,,0.384545,-3.914605,,,36.063854,17.012239,0.157090,0.079942,,,,,,,,,,,,
25142,0.387485,-0.281012,-2.785449,0.385257,-0.245572,-2.855680,0.417245,-3.898387,,,,,,,,,,,,0.387559,-0.281053,-2.785609,,,,,,
25145,,,,,,,,,,,34.531696,11.719612,,,,,-0.010268,-0.033993,-0.070230,,,,,,,,,
25148,,,,,,,,,0.412012,-4.567039,,,36.334099,16.492270,0.178132,0.090635,,,,,,,,,,,,
25155,,,,,,,,,,,,,,,,,,,,0.384578,-0.282248,-2.830397,,,,,,
25158,,,,,,,,,0.384545,-3.914605,,,36.016937,16.054766,0.181006,0.094143,,,,0.381336,-0.283134,-2.866738,,,,,,
25165,,,,,,,,,,,,,,,,,,,,0.378365,-0.283917,-2.903020,,,,,,
25168,,,,,,,,,0.412012,-4.567039,,,36.294621,15.686650,0.177877,0.097031,,,,,,,,,,,,
25178,,,,,,,,,0.412012,-3.262171,,,35.983723,15.376918,0.180696,0.099397,,,,,,,,,,,,
25181,,,,,,,,,,,,,,,,,,,,0.375503,-0.284749,-2.944776,,,,,,
25188,,,,,,,,,0.357077,-4.567039,,,35.722130,15.116309,0.183073,0.101323,,,,0.372241,-0.285569,-2.989223,,,,,,
25194,0.372066,-0.285549,-2.991285,0.364484,-0.249507,-3.050123,0.417452,-3.975972,,,38.115387,15.156963,,,,,0.002100,-0.036771,-0.058838,0.368625,-0.286469,-3.033601,,,,,,
25198,,,,,,,,,0.357077,-4.567039,,,35.502026,14.352490,0.221634,0.143496,,,,,,,,,,,,
25204,,,,,,,,,,,,,,,,,,,,0.364737,-0.287097,-3.072385,,,,,,
25208,,,,,,,,,0.384545,-3.914605,,,35.316833,14.254356,0.224046,0.144658,,,,,,,,,,,,
25218,,,,,,,,,0.412012,-4.567039,,,35.705555,14.171786,0.220640,0.145681,,,,0.360615,-0.287528,-3.116684,,,,,,
25227,,,,,,,,,0.412012,-4.567039,,,36.032623,14.102312,0.217786,0.146586,,,,0.357008,-0.287777,3.122227,,,,,,
25235,,,,,,,,,,,,,,,,,,,,0.353135,-0.287863,3.083479,,,,,,
25238,,,,,,,,,0.439480,-3.914605,,,36.307819,14.588400,0.215396,0.141839,,,,,,,,,,,,
25244,0.352882,-0.287764,3.084546,0.342274,-0.249507,3.055669,0.431919,-3.755346,,,41.107040,20.044367,,,,,0.012772,-0.037590,-0.028877,,,,,,,,,
25248,,,,,,,,,0.412012,-4.567039,,,36.539368,14.452850,0.243910,0.193187,,,,,,,,,,,,
25255,,,,,,,,,,,,,,,,,,,,0.348667,-0.287865,3.039161,,,,,,
25258,,,,,,,,,0.439480,-3.914605,,,36.734196,14.883343,0.242837,0.189914,,,,0.344284,-0.287743,2.997576,,,,,,
25266,,,,,,,,,0.494415,-3.914605,,,37.442665,15.790102,0.236485,0.181697,,,,0.339859,-0.287465,2.961471,,,,,,
25274,,,,,,,,,,,,,,,,,,,,0.334866,-0.286803,2.916903,,,,,,
25278,,,,,,,,,0.494415,-3.914605,,,38.038773,16.553049,0.231138,0.174766,,,,,,,,,,,,
25288,,,,,,,,,0.494415,-3.914605,,,38.540337,17.194992,0.226635,0.168917,,,,0.329995,-0.285906,2.880573,,,,,,
25294,0.329866,-0.285740,2.881267,0.318712,-0.245572,2.903033,0.459720,-3.314670,,,43.331554,25.998209,,,,,0.021117,-0.035944,0.021766,0.325112,-0.284870,2.844239,,,,,,
25298,,,,,,,,,0.494415,-3.914605,,,38.962353,17.735123,0.245534,0.224706,,,,,,,,,,,,
25304,,,,,,,,,,,,,,,,,,,,0.319947,-0.283413,2.805029,,,,,,
25308,,,,,,,,,0.549350,-3.914606,,,39.317436,18.734133,0.242786,0.216169,,,,,,,,,,,,
25318,,,,,,,,,0.549350,-2.609737,,,40.160748,20.119242,0.234987,0.203494,,,,,,,,,,,,
25328,,,,,,,,,0.576817,-3.262172,,,40.870312,21.284674,0.228384,0.192782,,,,,,,,,,,,
25335,,,,,,,,,,,,,,,,,,,,0.304613,-0.277960,2.703388,,,,,,
25338,,,,,,,,,0.549350,-2.609737,,,40.922794,22.265266,0.228341,0.183723,,,,,,,,,,,,
25344,0.304551,-0.277868,2.707366,0.293893,-0.237764,2.776730,0.498238,-2.786433,,,45.021938,32.037209,,,,,0.026541,-0.031898,0.069364,,,,,,,,,
25348,,,,,,,,,0.604285,-2.609737,,,41.511497,23.090338,0.240059,0.237652,,,,0.299082,-0.275685,2.669332,,,,,,
25358,,,,,,,,,0.631752,-3.262170,,,42.551373,24.329096,0.230155,0.226806,,,,0.293662,-0.273300,2.637877,,,,,,
25365,,,,,,,,,,,,,,,,,,,,0.288079,-0.270603,2.609147,,,,,,
25368,,,,,,,,,0.631752,-3.262170,,,42.881783,25.915930,0.227279,0.212161,,,,,,,,,,,,
25378,,,,,,,,,0.631752,-1.957303,,,43.704330,27.251091,0.219317,0.199767,,,,,,,,,,,,
25381,,,,,,,,,,,,,,,,,,,,0.282846,-0.267863,2.580352,,,,,,
25388,,,,,,,,,0.659220,-2.609737,,,43.851879,28.374496,0.218075,0.189266,,,,0.277526,-0.264931,2.554482,,,,,,
25394,0.277368,-0.264688,2.556365,0.267913,-0.226207,2.674525,0.544140,-2.274021,,,46.155407,37.777817,,,,,0.029138,-0.026854,0.118160,0.272340,-0.261697,2.531359,,,,,,
25398,,,,,,,,,0.631752,-1.957303,,,44.520569,29.319729,0.223050,0.238911,,,,,,,,,,,,
25404,,,,,,,,,,,,,,,,,,,,0.267180,-0.258323,2.508163,,,,,,
25408,,,,,,,,,0.659220,-1.304869,,,44.538662,30.659592,0.223193,0.226936,,,,,,,,,,,,
25418,,,,,,,,,0.686687,-1.957303,,,45.098431,31.786951,0.217806,0.216861,,,,,,,,,,,,
25428,,,,,,,,,0.686687,-1.957303,,,45.024876,32.735512,0.218768,0.208383,,,,,,,,,,,,
25434,,,,,,,,,,,,,,,,,,,,0.251118,-0.246394,2.449784,,,,,,
25438,,,,,,,,,0.631752,-0.652435,,,44.962986,33.533630,0.219625,0.201251,,,,,,,,,,,,
25444,0.251144,-0.246417,2.455991,0.240877,-0.211082,2.592789,0.594144,-1.826677,,,47.757984,42.870659,,,,,0.030319,-0.020850,0.136798,,,,,,,,,
25448,,,,,,,,,0.741622,-1.957302,,,45.455456,34.205166,0.231187,0.247197,,,,0.245597,-0.241932,2.437674,,,,,,
25458,,,,,,,,,0.686687,-0.652435,,,45.869820,35.859283,0.227421,0.232058,,,,0.240320,-0.237366,2.422991,,,,,,
25466,,,,,,,,,0.714154,-1.304868,,,45.673923,36.706516,0.229797,0.224819,,,,0.235237,-0.232794,2.411262,,,,,,
25475,,,,,,,,,,,,,,,,,,,,0.229895,-0.228265,2.399399,,,,,,
25478,,,,,,,,,0.741622,-0.652433,,,46.053638,37.419376,0.226340,0.218781,,,,,,,,,,,,
25488,,,,,,,,,0.659220,0.000000,,,45.828587,38.563721,0.228977,0.208198,,,,0.224705,-0.223506,2.387660,,,,,,
25494,0.224792,-0.223666,2.393393,0.212890,-0.192628,2.527872,0.645373,-1.455098,,,49.609634,47.117882,,,,,0.029839,-0.014651,0.134480,,,,,,,,,
25497,,,,,,,,,0.769089,-1.304867,,,46.728313,39.526573,0.239072,0.242560,,,,0.219203,-0.218285,2.384473,,,,,,
25504,,,,,,,,,,,,,,,,,,,,0.213932,-0.213118,2.375600,,,,,,
25508,,,,,,,,,0.769089,-1.304867,,,46.940800,40.336716,0.237481,0.235815,,,,,,,,,,,,
25518,,,,,,,,,0.714155,0.000000,,,47.119587,41.018368,0.236191,0.230219,,,,,,,,,,,,
25528,,,,,,,,,0.824024,-1.304869,,,47.814560,42.136456,0.229601,0.220034,,,,,,,,,,,,
25535,,,,,,,,,,,,,,,,,,,,0.198756,-0.197732,2.354946,,,,,,
25538,,,,,,,,,0.741622,0.652433,,,47.854771,43.077213,0.229549,0.211435,,,,,,,,,,,,
25544,0.198638,-0.197816,2.360906,0.184062,-0.171137,2.476669,0.695427,-1.151942,,,51.956688,50.776157,,,,,0.029131,-0.008696,0.115763,,,,,,,,,
25548,,,,,,,,,0.796557,-0.652434,,,48.433144,43.868767,0.247941,0.241483,,,,0.193554,-0.192490,2.352041,,,,,,
25558,,,,,,,,,0.796557,0.652434,,,48.375244,44.534779,0.249236,0.236071,,,,0.187977,-0.186854,2.348910,,,,,,
25566,,,,,,,,,0.824024,-1.304869,,,48.871071,45.095161,0.244895,0.231604,,,,0.182320,-0.181053,2.342869,,,,,,
25578,,,,,,,,,0.796557,-0.652434,,,49.288261,46.111210,0.241257,0.222376,,,,,,,,,,,,
25581,,,,,,,,,,,,,,,,,,,,0.176895,-0.175272,2.339833,,,,,,
25588,,,,,,,,,0.824024,0.000000,,,49.639286,46.421570,0.238210,0.220144,,,,0.171828,-0.169715,2.336907,,,,,,
25596,0.171626,-0.169636,2.338919,0.154508,-0.146946,2.436722,0.742342,-0.904389,,,54.240665,53.977955,,,,,0.028212,-0.003453,0.097803,0.166666,-0.163794,2.333938,,,,,,
25599,,,,,,,,,0.604285,0.000000,,,49.390095,46.682709,0.264512,0.251009,,,,,,,,,,,,
25604,,,,,,,,,,,,,,,,,,,,0.161345,-0.158094,2.330922,,,,,,
25608,,,,,,,,,0.878959,0.000000,,,49.180424,46.357887,0.267621,0.255781,,,,,,,,,,,,
25618,,,,,,,,,0.851492,-0.652435,,,49.548550,47.173668,0.264878,0.248985,,,,,,,,,,,,
25628,,,,,,,,,0.796557,-0.652434,,,50.402836,47.860065,0.257102,0.243344,,,,,,,,,,,,
25635,,,,,,,,,,,,,,,,,,,,0.143745,-0.139127,2.318758,,,,,,
25638,,,,,,,,,0.878959,0.000000,,,50.577087,48.437599,0.256093,0.238677,,,,,,,,,,,,
25644,0.143526,-0.139030,2.320447,0.124345,-0.120438,2.406170,0.784522,-0.699674,,,56.059006,56.652660,,,,,0.026678,0.001371,0.085723,,,,,,,,,
25648,,,,,,,,,0.851492,-0.652435,,,51.812790,49.468082,0.262768,0.256556,,,,,,,,,,,,
25655,,,,,,,,,,,,,,,,,,,,0.137941,-0.132766,2.315750,,,,,,
25658,,,,,,,,,0.878959,0.000000,,,52.307964,50.335129,0.258567,0.249149,,,,0.132331,-0.126595,2.309688,,,,,,
25666,,,,,,,,,0.851492,-0.652435,,,52.724606,50.520119,0.255067,0.248526,,,,0.126378,-0.120362,2.306665,,,,,,
25674,,,,,,,,,,,,,,,,,,,,0.120236,-0.113723,2.303661,,,,,,
25678,,,,,,,,,0.878959,0.000000,,,53.075169,51.220314,0.252158,0.242610,,,,,,,,,,,,
25688,,,,,,,,,0.906427,-0.652435,,,53.914673,51.264912,0.244192,0.243242,,,,0.114284,-0.107249,2.297551,,,,,,
25694,0.114190,-0.107092,2.296736,0.093691,-0.092031,2.383651,0.820688,-0.526874,,,57.162510,59.026833,,,,,0.024872,0.005333,0.086915,,,,,,,,,
25697,,,,,,,,,0.878959,0.000000,,,54.076488,52.391525,0.254226,0.257044,,,,0.108424,-0.100548,2.294516,,,,,,
25704,,,,,,,,,,,,,,,,,,,,0.102782,-0.093992,2.291527,,,,,,
25708,,,,,,,,,0.933894,0.000000,,,54.757187,52.794914,0.247900,0.254257,,,,,,,,,,,,
25718,,,,,,,,,0.878959,-1.304869,,,54.785381,53.134327,0.248094,0.252041,,,,0.097078,-0.087215,2.288501,,,,,,
25727,,,,,,,,,0.878959,1.304869,,,54.809105,53.964451,0.248327,0.244752,,,,0.091119,-0.080466,2.285495,,,,,,
25735,,,,,,,,,,,,,,,,,,,,0.085091,-0.073482,2.285486,,,,,,
25738,,,,,,,,,0.906427,-0.652435,,,55.373608,54.118374,0.243040,0.244195,,,,,,,,,,,,
25744,0.085050,-0.073421,2.283693,0.062667,-0.062172,2.368196,0.849828,-0.377110,,,58.034332,60.836285,,,,,0.023149,0.009574,0.084503,,,,,,,,,
25748,,,,,,,,,0.961362,0.652434,,,55.848579,54.792427,0.247446,0.256758,,,,0.079006,-0.066239,2.285346,,,,,,
25758,,,,,,,,,0.933894,0.000000,,,56.248222,55.359577,0.243807,0.252182,,,,0.072950,-0.059165,2.285373,,,,,,
25766,,,,,,,,,0.906427,0.652435,,,56.039940,55.836777,0.246288,0.248409,,,,0.066974,-0.052243,2.285400,,,,,,
25774,,,,,,,,,,,,,,,,,,,,0.060923,-0.045512,2.285406,,,,,,
25778,,,,,,,,,0.906427,-0.652435,,,56.409233,56.238293,0.242920,0.245314,,,,,,,,,,,,
25788,,,,,,,,,0.988829,0.000000,,,56.719955,57.120670,0.240076,0.237233,,,,0.055020,-0.038664,2.288553,,,,,,
25794,0.054825,-0.038444,2.288145,0.031395,-0.031333,2.359165,0.871178,-0.243204,,,58.659866,61.640980,,,,,0.020761,0.012982,0.071020,,,,,,,,,
25797,,,,,,,,,0.933894,0.000000,,,56.981400,57.318558,0.244053,0.244166,,,,0.048924,-0.031634,2.291614,,,,,,
25805,,,,,,,,,,,,,,,,,,,,0.042993,-0.024580,2.291545,,,,,,
25808,,,,,,,,,0.906427,0.652435,,,57.201378,57.485062,0.242144,0.243332,,,,,,,,,,,,
25818,,,,,,,,,0.906427,0.652435,,,56.841923,57.625156,0.246103,0.242734,,,,,,,,,,,,
25828,,,,,,,,,0.988829,0.000000,,,57.084023,57.743034,0.243997,0.242335,,,,,,,,,,,,
25837,,,,,,,,,0.933894,0.000000,,,57.287724,57.842216,0.242234,0.242103,,,,0.024767,-0.003297,2.297683,,,,,,
25844,0.024712,-0.003295,2.296881,0.000000,-0.000000,2.356195,0.884200,-0.119218,,,58.904247,62.041626,,,,,0.018872,0.016291,0.059313,0.018429,0.004084,2.297638,,,,,,
25848,,,,,,,,,0.851492,0.652435,,,56.914574,57.925667,0.248807,0.246098,,,,,,,,,,,,
25858,,,,,,,,,0.988829,0.000000,,,57.689693,58.540428,0.241299,0.240651,,,,0.011934,0.011632,2.300586,,,,,,
25867,,,,,,,,,0.933894,0.000000,,,57.252792,58.513142,0.245998,0.241629,,,,0.005399,0.018995,2.300490,,,,,,
25878,,,,,,,,,0.961362,0.652434,,,57.974270,58.490185,0.238970,0.242569,,,,,,,,,,,,
25888,,,,,,,,,0.933894,0.000000,,,57.492233,59.015411,0.244072,0.237922,,,,,,,,,,,,
25891,,,,,,,,,,,,,,,,,,,,-0.007438,0.033323,2.306401,,,,,,
25894,-0.007344,0.033178,2.305601,-0.031395,0.031333,2.359165,0.888577,-0.000000,,,57.836609,61.376259,,,,,0.014756,0.019082,0.053565,,,,,,,,,
25898,,,,,,,,,0.988829,0.000000,,,58.175735,58.912796,0.226493,0.232787,,,,-0.013396,0.040225,2.306616,,,,,,
25907,,,,,,,,,0.933894,0.000000,,,58.206291,59.370998,0.226114,0.228606,,,,-0.019596,0.047150,2.309679,,,,,,
25914,,,,,,,,,,,,,,,,,,,,-0.025726,0.054216,2.312793,,,,,,
25918,,,,,,,,,0.961362,0.652434,,,58.232002,59.211987,0.225778,0.230629,,,,,,,,,,,,
25928,,,,,,,,,0.851492,0.652435,,,57.709091,58.533649,0.231032,0.237981,,,,,,,,,,,,
25935,,,,,,,,,,,,,,,,,,,,-0.038459,0.068574,2.318800,,,,,,
25938,,,,,,,,,0.933894,0.000000,,,57.813656,59.051983,0.229991,0.233263,,,,,,,,,,,,
25944,-0.038478,0.068508,2.317690,-0.062667,0.062172,2.368196,0.884200,0.119218,,,56.475143,60.537155,,,,,0.011784,0.022054,0.050506,-0.045031,0.075615,2.321782,,,,,,
25948,,,,,,,,,0.933894,1.304869,,,57.357094,58.943565,0.220766,0.226275,,,,,,,,,,,,
25958,,,,,,,,,0.906427,-0.652435,,,57.517487,58.852345,0.218953,0.227524,,,,,,,,,,,,
25962,,,,,,,,,,,,,,,,,,,,-0.051476,0.082755,2.321757,,,,,,
25968,,,,,,,,,0.933894,0.000000,,,57.107895,58.775589,0.222923,0.228644,,,,,,,,,,,,
25978,,,,,,,,,0.961362,0.652434,,,56.763268,58.711006,0.226311,0.229655,,,,-0.064347,0.096862,2.330664,,,,,,
25986,,,,,,,,,0.878959,0.000000,,,57.017841,58.656666,0.223657,0.230574,,,,-0.070834,0.103764,2.333642,,,,,,
25994,-0.070628,0.103508,2.332303,-0.093691,0.092031,2.383651,0.871178,0.243204,,,54.126038,58.906544,,,,,0.007607,0.024613,0.051347,-0.077405,0.110675,2.336627,,,,,,
25998,,,,,,,,,0.933894,1.304869,,,57.232040,59.155487,0.197403,0.209230,,,,,,,,,,,,
26008,,,,,,,,,0.933894,0.000000,,,56.867722,59.030655,0.200498,0.210453,,,,-0.083774,0.117466,2.342651,,,,,,
26017,,,,,,,,,0.878959,1.304869,,,56.561184,58.381077,0.203076,0.217054,,,,-0.090114,0.124053,2.345689,,,,,,
26025,,,,,,,,,,,,,,,,,,,,-0.096352,0.130597,2.345768,,,,,,
26028,,,,,,,,,0.851492,-0.652435,,,56.303265,57.834522,0.205220,0.222734,,,,,,,,,,,,
26038,,,,,,,,,0.933894,1.304869,,,56.086250,57.919193,0.206998,0.222085,,,,,,,,,,,,
26041,,,,,,,,,,,,,,,,,,,,-0.102480,0.136942,2.351837,,,,,,
26044,-0.102592,0.136893,2.355669,-0.124345,0.120438,2.406170,0.849828,0.377110,,,51.386932,56.805595,,,,,0.003732,0.027019,0.050502,,,,,,,,,
26048,,,,,,,,,0.906427,0.652435,,,55.903656,57.990437,0.180529,0.200126,,,,-0.108786,0.143424,2.357891,,,,,,
26056,,,,,,,,,,,,,55.205475,58.050381,0.186747,0.199278,,,,-0.114964,0.149945,2.363899,,,,,,
26059,,,,,,,,,0.851492,0.652435,,,,,,,,,,,,,,,,,,
26064,,,,,,,,,,,,,,,,,,,,-0.121222,0.156249,2.369854,,,,,,
26068,,,,,,,,,0.851492,0.652435,,,54.618027,57.556274,0.191976,0.204069,,,,,,,,,,,,
26078,,,,,,,,,0.878959,1.304869,,,54.123749,57.140533,0.196371,0.208159,,,,-0.127670,0.162699,2.378745,,,,,,
26087,,,,,,,,,0.824024,1.304869,,,53.163319,56.790730,0.205620,0.211660,,,,-0.134128,0.168870,2.384705,,,,,,
26095,-0.133997,0.168559,2.387739,-0.154508,0.146946,2.436722,0.820688,0.526874,,,48.235535,54.317883,,,,,0.000161,0.029796,0.048982,-0.140600,0.175278,2.390591,,,,,,
26098,,,,,,,,,0.659220,0.000000,,,50.721584,54.318230,0.198026,0.211508,,,,,,,,,,,,
26108,,,,,,,,,0.824024,1.304869,,,50.845284,54.416042,0.196267,0.210510,,,,-0.146929,0.181407,2.399380,,,,,,
26117,,,,,,,,,0.824024,0.000000,,,50.949364,54.498341,0.194684,0.209651,,,,-0.153269,0.187532,2.408282,,,,,,
26125,,,,,,,,,,,,,,,,,,,,-0.159770,0.193690,2.417077,,,,,,
26128,,,,,,,,,0.851492,0.652435,,,50.492393,54.567589,0.198802,0.208909,,,,,,,,,,,,
26138,,,,,,,,,0.824024,1.304869,,,50.652439,54.625854,0.196718,0.208264,,,,-0.166013,0.199562,2.425997,,,,,,
26144,-0.165918,0.199249,2.428256,-0.184062,0.171137,2.476669,0.784522,0.699674,,,44.210285,51.110546,,,,,-0.004675,0.033131,0.048412,,,,,,,,,
26148,,,,,,,,,0.796557,0.652434,,,50.787102,54.130333,0.153804,0.180542,,,,-0.172131,0.205383,2.434855,,,,,,
26156,,,,,,,,,,,,,49.811321,54.257946,0.162441,0.178637,,,,-0.178320,0.211064,2.443726,,,,,,
26159,,,,,,,,,0.851492,1.957303,,,,,,,,,,,,,,,,,,
26168,,,,,,,,,0.769089,0.000000,,,49.534843,53.820778,0.164141,0.182466,,,,,,,,,,,,
26178,,,,,,,,,0.824024,1.304869,,,49.302216,53.997486,0.165449,0.180122,,,,,,,,,,,,
26186,,,,,,,,,0.769089,1.304867,,,48.561939,53.601624,0.171982,0.183582,,,,-0.197010,0.227289,2.473219,,,,,,
26196,-0.196905,0.226971,2.474916,-0.212890,0.192628,2.527872,0.742342,0.904389,,,39.839111,47.944153,47.939072,53.268547,0.132879,0.154184,-0.008674,0.036874,0.052957,-0.203105,0.232323,2.484966,,,,,,
26199,,,,,,,,,0.796557,0.652434,,,,,,,,,,,,,,,,,,
26208,,,,,,,,,0.741622,1.957302,,,47.414989,52.443752,0.136604,0.161532,,,,-0.209538,0.237220,2.493629,,,,,,
26217,,,,,,,,,0.686687,0.652435,,,46.429485,51.749771,0.145141,0.167711,,,,-0.216033,0.242130,2.505177,,,,,,
26225,,,,,,,,,,,,,,,,,,,,-0.222243,0.247015,2.516727,,,,,,
26228,,,,,,,,,0.686687,0.652435,,,45.600281,50.621311,0.152281,0.178460,,,,,,,,,,,,
26238,,,,,,,,,0.741622,1.957302,,,44.902588,50.216370,0.158245,0.182055,,,,-0.228671,0.251672,2.528186,,,,,,
26244,-0.228536,0.251411,2.531925,-0.240877,0.211082,2.592789,0.695427,1.151942,,,34.927448,44.542019,,,,,-0.012974,0.040130,0.060865,,,,,,,,,
26248,,,,,,,,,0.659220,1.304869,,,43.771008,49.875652,0.118676,0.150374,,,,-0.235047,0.256222,2.539541,,,,,,
26255,,,,,,,,,,,,,,,,,,,,-0.241406,0.260722,2.550876,,,,,,
26258,,,,,,,,,0.714154,1.304868,,,43.363438,49.044430,0.121064,0.157786,,,,,,,,,,,,
26268,,,,,,,,,0.631752,0.652435,,,41.931423,48.345039,0.133984,0.164019,,,,,,,,,,,,
26278,,,,,,,,,0.631752,1.957303,,,41.271069,47.756573,0.139318,0.169261,,,,,,,,,,,,
26286,,,,,,,,,,,,,40.170902,47.261436,0.149271,0.173668,,,,-0.260454,0.273505,2.593287,,,,,,
26289,,,,,,,,,0.659220,1.304869,,,,,,,,,,,,,,,,,,
26294,-0.260093,0.273161,2.593611,-0.267913,0.226207,2.674525,0.645373,1.455098,,,29.275827,41.127129,,,,,-0.017786,0.044153,0.080915,,,,,,,,,
26298,,,,,,,,,0.686687,1.957303,,,39.789768,46.844830,0.094464,0.142542,,,,,,,,,,,,
26301,,,,,,,,,,,,,,,,,,,,-0.266320,0.277171,2.607483,,,,,,
26308,,,,,,,,,0.604285,1.304869,,,38.924538,46.494297,0.101186,0.144974,,,,-0.271564,0.280394,2.625033,,,,,,
26317,,,,,,,,,0.576817,1.957303,,,38.196533,45.654816,0.106682,0.152463,,,,-0.277007,0.283579,2.642025,,,,,,
26324,,,,,,,,,,,,,,,,,,,,-0.282327,0.286477,2.659161,,,,,,
26328,,,,,,,,,0.604285,2.609737,,,37.039448,45.493019,0.116700,0.153208,,,,,,,,,,,,
26338,,,,,,,,,0.604285,1.304869,,,36.065876,44.812340,0.125078,0.159278,,,,-0.287958,0.289383,2.676193,,,,,,
26344,-0.287827,0.289269,2.674737,-0.293893,0.237764,2.776730,0.594144,1.826677,,,24.771185,39.118275,,,,,-0.017765,0.048723,0.101993,,,,,,,,,
26347,,,,,,,,,0.521882,1.957302,,,35.246712,43.695072,0.086128,0.149447,,,,-0.293349,0.292047,2.695798,,,,,,
26356,,,,,,,,,,,,,34.012924,43.299545,0.096618,0.152566,,,,-0.298832,0.294722,2.712652,,,,,,
26359,,,,,,,,,0.576817,3.262172,,,,,,,,,,,,,,,,,,
26368,,,,,,,,,0.549350,1.304868,,,33.519360,42.966751,0.099804,0.155124,,,,,,,,,,,,
26378,,,,,,,,,0.549350,2.609737,,,32.014988,42.142193,0.113399,0.162765,,,,,,,,,,,,
26385,,,,,,,,,,,,,,,,,,,,-0.313995,0.301245,2.777642,,,,,,
26388,,,,,,,,,0.494415,2.609737,,,31.293753,41.992954,0.119306,0.163682,,,,,,,,,,,,
26394,-0.313706,0.301055,2.779956,-0.318712,0.245572,2.903033,0.544140,2.274021,,,20.993439,38.101097,,,,,-0.014948,0.053665,0.123078,,,,,,,,,
26398,,,,,,,,,0.549350,2.609737,,,30.686905,41.867386,0.085659,0.154013,,,,,,,,,,,,
26402,,,,,,,,,,,,,,,,,,,,-0.318834,0.303276,2.805746,,,,,,
26408,,,,,,,,,0.494415,3.914605,,,29.087217,41.217186,0.100037,0.159892,,,,-0.323571,0.305075,2.831249,,,,,,
26418,,,,,,,,,0.521882,1.957302,,,28.830326,41.214653,0.101038,0.159294,,,,-0.328293,0.306830,2.859437,,,,,,
26425,,,,,,,,,,,,,,,,,,,,-0.333084,0.308328,2.887288,,,,,,
26428,,,,,,,,,0.466947,3.262170,,,27.525091,40.667980,0.112784,0.164248,,,,,,,,,,,,
26438,,,,,,,,,0.521882,3.262171,,,26.971411,40.752552,0.117126,0.162872,,,,,,,,,,,,
26441,,,,,,,,,,,,,,,,,,,,-0.337719,0.309673,2.918136,,,,,,
26444,-0.337807,0.309560,2.920225,-0.342274,0.249507,3.055669,0.498238,2.786433,,,18.447298,38.296547,,,,,-0.008828,0.059568,0.135443,,,,,,,,,
26448,,,,,,,,,0.521882,3.262171,,,26.505543,40.279167,0.094711,0.169163,,,,-0.342511,0.310842,2.948942,,,,,,
26456,,,,,,,,,0.466947,3.262170,,,25.569019,40.425404,0.102652,0.167275,,,,-0.346984,0.311845,2.982311,,,,,,
26464,,,,,,,,,,,,,,,,,,,,-0.351757,0.312830,3.015636,,,,,,
26468,,,,,,,,,0.494415,3.914605,,,24.781029,40.548447,0.109265,0.165594,,,,,,,,,,,,
26478,,,,,,,,,0.494415,3.914605,,,24.118013,40.107433,0.114761,0.169642,,,,-0.356149,0.313530,3.049069,,,,,,
26486,,,,,,,,,0.494415,2.609737,,,24.104696,40.280907,0.113763,0.167511,,,,-0.360741,0.314000,3.085041,,,,,,
26494,-0.360867,0.313945,3.082159,-0.364484,0.249507,-3.050123,0.459720,3.314670,,,16.972769,39.717350,,,,,-0.000217,0.064539,0.150903,-0.364983,0.314257,3.118405,,,,,,
26498,,,,,,,,,0.521882,3.262171,,,23.548948,40.426868,0.103260,0.180117,,,,,,,,,,,,
26508,,,,,,,,,0.466947,3.262170,,,23.625885,40.005138,0.101160,0.184277,,,,-0.369293,0.314535,-3.131521,,,,,,
26517,,,,,,,,,0.494415,3.914605,,,23.146076,40.194836,0.104723,0.182285,,,,-0.373493,0.314622,-3.095490,,,,,,
26525,,,,,,,,,,,,,,,,,,,,-0.377550,0.314635,-3.059247,,,,,,
26528,,,,,,,,,0.494415,3.914605,,,22.197821,40.354446,0.113161,0.180561,,,,,,,,,,,,
26538,,,,,,,,,0.494415,3.914605,,,21.944502,40.488743,0.114700,0.179064,,,,-0.381460,0.314554,-3.017410,,,,,,
26544,-0.381805,0.314425,-3.016396,-0.385257,0.245572,-2.855680,0.431919,3.755346,,,17.501835,42.554913,,,,,0.012022,0.067883,0.160716,,,,,,,,,
26547,,,,,,,,,0.439480,5.219474,,,21.186817,40.057198,0.126830,0.212254,,,,-0.385212,0.314382,-2.975449,,,,,,
26555,,,,,,,,,,,,,,,,,,,,-0.389422,0.314054,-2.936451,,,,,,
26558,,,,,,,,,0.466947,3.262170,,,21.093845,40.238640,0.127042,0.210903,,,,,,,,,,,,
26568,,,,,,,,,0.439480,3.914605,,,20.471075,39.846760,0.132675,0.215364,,,,-0.394218,0.313374,-2.897571,,,,,,
26577,,,,,,,,,0.494415,5.219474,,,19.947075,40.061577,0.137426,0.213714,,,,-0.398907,0.312557,-2.855708,,,,,,
26584,,,,,,,,,,,,,,,,,,,,-0.403594,0.311461,-2.813796,,,,,,
26588,,,,,,,,,0.494415,3.914605,,,19.506182,40.242325,0.141434,0.212369,,,,,,,,,,,,
26594,-0.403788,0.311250,-2.814376,-0.404508,0.237764,-2.657573,0.417452,3.975972,,,19.627953,45.582413,,,,,0.024301,0.069355,0.156803,,,,,,,,,
26598,,,,,,,,,0.466947,4.567039,,,19.679758,40.938950,0.160950,0.236607,,,,-0.408263,0.310078,-2.771696,,,,,,
26606,,,,,,,,,0.494415,3.914605,,,19.825806,40.980545,0.159449,0.237111,,,,-0.412794,0.308614,-2.729335,,,,,,
26618,,,,,,,,,0.494415,5.219474,,,19.404146,41.560089,0.163711,0.232120,,,,,,,,,,,,
26628,,,,,,,,,0.549350,3.914606,,,20.138449,41.503174,0.156266,0.233505,,,,,,,,,,,,
26636,,,,,,,,,,,,,20.211748,42.544369,0.155416,0.223701,,,,-0.426886,0.302590,-2.598402,,,,,,
26639,,,,,,,,,0.521882,4.567040,,,,,,,,,,,,,,,,,,
26644,-0.426928,0.302384,-2.597366,-0.422164,0.226207,-2.470140,0.417245,3.898387,,,23.438612,48.188232,,,,,0.035365,0.067638,0.127227,,,,,,,,,
26648,,,,,,,,,0.576817,4.567039,,,20.817965,42.875889,0.187985,0.247506,,,,-0.431362,0.300161,-2.555085,,,,,,
26657,,,,,,,,,0.549350,3.914606,,,21.328035,43.699371,0.183306,0.240169,,,,-0.435803,0.297493,-2.511586,,,,,,
26665,,,,,,,,,,,,,,,,,,,,-0.440165,0.294724,-2.467694,,,,,,
26668,,,,,,,,,0.576817,4.567039,,,21.757208,44.392250,0.179350,0.234000,,,,,,,,,,,,
26678,,,,,,,,,0.576817,4.567039,,,22.118315,44.430695,0.176003,0.234367,,,,-0.444646,0.291639,-2.423509,,,,,,
26687,,,,,,,,,0.576817,4.567039,,,22.422150,45.007584,0.173168,0.229234,,,,-0.449406,0.288257,-2.381957,,,,,,
26696,-0.449436,0.287964,-2.380875,-0.438153,0.211082,-2.303106,0.430019,3.565917,,,28.535730,50.272873,23.222340,45.492981,0.217200,0.246182,0.044833,0.063468,0.077769,-0.454138,0.284603,-2.336979,,,,,,
26699,,,,,,,,,0.604285,3.914605,,,,,,,,,,,,,,,,,,
26708,,,,,,,,,0.604285,3.914605,,,23.895618,46.445934,0.211396,0.237418,,,,-0.458828,0.280676,-2.294654,,,,,,
26717,,,,,,,,,0.659220,3.914604,,,25.006659,46.703209,0.200991,0.235559,,,,-0.463065,0.276534,-2.251940,,,,,,
26724,,,,,,,,,,,,,,,,,,,,-0.467154,0.272111,-2.211826,,,,,,
26728,,,,,,,,,0.604285,3.914605,,,25.396944,47.464222,0.197716,0.228511,,,,,,,,,,,,
26738,,,,,,,,,0.686687,3.262170,,,26.269875,47.559994,0.189440,0.228096,,,,-0.471318,0.267417,-2.171358,,,,,,
26744,-0.471393,0.266985,-2.175259,-0.452414,0.192628,-2.159700,0.452737,3.105463,,,33.659019,51.273666,,,,,0.050395,0.057874,0.015559,-0.475422,0.262298,-2.139929,,,,,,
26748,,,,,,,,,0.576817,3.262172,,,27.004358,47.640575,0.234659,0.238025,,,,,,,,,,,,
26755,,,,,,,,,,,,,,,,,,,,-0.479242,0.257172,-2.108221,,,,,,
26758,,,,,,,,,0.741622,3.262171,,,28.166895,48.252922,0.224132,0.232505,,,,,,,,,,,,
26768,,,,,,,,,0.659220,3.914604,,,29.689596,49.312695,0.209699,0.222300,,,,-0.482961,0.251681,-2.076286,,,,,,
26776,,,,,,,,,,,,,30.426254,49.115299,0.202979,0.224705,,,,-0.486265,0.246241,-2.040739,,,,,,
26779,,,,,,,,,0.714154,2.609737,,,,,,,,,,,,,,,,,,
26788,,,,,,,,,0.714154,2.609737,,,31.046078,49.493755,0.197303,0.221277,,,,-0.489605,0.240563,-2.008077,,,,,,
26805,,,,,,,,,0.082402,0.652434,,,27.211252,43.277668,0.236941,0.285037,,,,,,,,,,,,
26808,-0.488265,0.242491,-2.019370,-0.464888,0.171137,-2.038431,0.481637,2.636673,0.466947,-0.652434,38.284901,52.371616,27.796432,40.770168,0.279446,0.323412,0.054156,0.052009,-0.019061,-0.492719,0.234712,-1.985002,,,,,,
26818,,,,,,,,,0.659220,2.609737,,,28.833347,41.927620,0.270967,0.313926,,,,,,,,,,,,
26827,,,,,,,,,0.796557,3.262171,,,30.794893,43.990585,0.252849,0.294972,,,,-0.501493,0.216138,-1.908028,,,,,,
26837,,,,,,,,,0.769089,1.304867,,,32.989880,45.726364,0.231958,0.278944,,,,-0.501493,0.216138,-1.908028,,,,,,
26844,-0.501676,0.215393,-1.911901,-0.475528,0.146946,-1.935660,0.513114,2.226778,,,41.882561,53.601387,,,,,0.055756,0.047539,-0.023759,-0.504014,0.209700,-1.884190,,,,,,
26848,,,,,,,,,0.824024,2.609737,,,34.292198,47.731392,0.256430,0.272365,,,,,,,,,,,,
26855,,,,,,,,,,,,,,,,,,,,-0.506300,0.202959,-1.856657,,,,,,
26858,,,,,,,,,0.796557,3.262171,,,35.932514,48.873878,0.241217,0.261886,,,,,,,,,,,,
26862,,,,,,,,,,,,,,,,,,,,-0.508769,0.195555,-1.832359,,,,,,
26868,,,,,,,,,0.796557,1.957302,,,37.312675,50.379711,0.228329,0.247472,,,,-0.511115,0.187974,-1.804274,,,,,,
26877,,,,,,,,,0.824024,2.609737,,,38.473942,51.102173,0.217398,0.240747,,,,-0.513407,0.180424,-1.779481,,,,,,
26885,,,,,,,,,,,,,,,,,,,,-0.515563,0.172460,-1.758005,,,,,,
26888,,,,,,,,,0.796557,1.957302,,,39.451031,52.254597,0.208114,0.229492,,,,,,,,,,,,
26894,-0.515347,0.172858,-1.762710,-0.484292,0.120438,-1.847319,0.544140,1.897844,,,42.804108,50.583157,,,,,0.045534,0.040483,-0.084609,,,,,,,,,
26898,,,,,,,,,0.851492,1.957303,,,40.273155,52.679703,0.209614,0.194639,,,,-0.517391,0.164556,-1.732723,,,,,,
26908,,,,,,,,,0.741622,1.957302,,,40.964890,53.037388,0.203064,0.190572,,,,-0.519106,0.156438,-1.710833,,,,,,
26915,,,,,,,,,,,,,,,,,,,,-0.520731,0.148062,-1.688680,,,,,,
26918,,,,,,,,,0.824024,1.304869,,,41.546913,52.793800,0.197496,0.192565,,,,,,,,,,,,
26928,,,,,,,,,0.741622,0.652433,,,42.036629,52.588844,0.192752,0.194214,,,,-0.522061,0.139831,-1.666326,,,,,,
26937,,,,,,,,,0.796557,1.957302,,,42.448677,52.960938,0.188703,0.190017,,,,-0.523236,0.131686,-1.647501,,,,,,
26944,-0.523046,0.131832,-1.648961,-0.491144,0.092031,-1.769666,0.572343,1.648322,,,43.493958,48.447090,,,,,0.037189,0.034913,-0.120705,-0.524219,0.123601,-1.632356,,,,,,
26948,,,,,,,,,0.796557,1.957302,,,42.795372,52.729473,0.192274,0.170115,,,,,,,,,,,,
26958,,,,,,,,,0.796557,1.957302,,,43.631626,52.534718,0.183884,0.171245,,,,-0.525063,0.115597,-1.613169,,,,,,
26966,,,,,,,,,,,,,43.790707,52.370853,0.182234,0.172099,,,,-0.525641,0.107646,-1.601634,,,,,,
26969,,,,,,,,,0.741622,0.652433,,,,,,,,,,,,,,,,,,
26978,,,,,,,,,0.714155,0.000000,,,43.924557,51.688435,0.180809,0.178275,,,,-0.526081,0.099839,-1.590139,,,,,,
26988,,,,,,,,,0.796557,0.652434,,,44.037178,51.658791,0.179574,0.177929,,,,-0.526271,0.091970,-1.582369,,,,,,
26994,-0.526199,0.091979,-1.585222,-0.496057,0.062172,-1.699480,0.595942,1.468505,,,43.257183,47.269798,,,,,0.029369,0.030568,-0.114258,,,,,,,,,
26997,,,,,,,,,0.714154,1.304868,,,44.131939,51.089306,0.176084,0.171087,,,,-0.526367,0.084281,-1.578473,,,,,,
27006,,,,,,,,,0.714155,0.000000,,,44.211670,50.065598,0.175096,0.180765,,,,-0.526424,0.076627,-1.574570,,,,,,
27018,,,,,,,,,0.769089,1.304867,,,44.278755,49.748791,0.174221,0.183437,,,,,,,,,,,,
27028,,,,,,,,,0.686687,0.652435,,,43.790657,49.482231,0.178995,0.185660,,,,,,,,,,,,
27037,,,,,,,,,0.741622,0.652433,,,43.924515,48.713406,0.177523,0.193060,,,,-0.526561,0.061276,-1.567195,,,,,,
27044,-0.526528,0.060741,-1.565971,-0.499013,0.031333,-1.634002,0.613653,1.348095,,,44.077663,49.068077,,,,,0.029541,0.027373,-0.068031,-0.526447,0.053644,-1.563362,,,,,,
27048,,,,,,,,,0.714155,0.000000,,,44.037144,48.611057,0.184609,0.212157,,,,,,,,,,,,
27055,,,,,,,,,,,,,,,,,,,,-0.526447,0.053644,-1.563362,,,,,,
27058,,,,,,,,,0.741622,0.652433,,,44.131908,48.524940,0.183651,0.213127,,,,,,,,,,,,
27063,,,,,,,,,,,,,,,,,,,,-0.526568,0.046282,-1.559544,,,,,,
27068,,,,,,,,,0.741622,0.652433,,,44.211643,48.452484,0.182827,0.213975,,,,,,,,,,,,
27078,,,,,,,,,0.796557,0.652434,,,44.278732,48.391518,0.182116,0.214720,,,,,,,,,,,,
27086,,,,,,,,,0.714154,1.304868,,,44.335182,48.340221,0.181500,0.215378,,,,-0.526832,0.016819,-1.540342,,,,,,
27094,-0.526703,0.017510,-1.537022,-0.500000,0.000000,-1.570796,0.624611,1.279096,,,41.234486,47.148457,,,,,0.018402,0.026097,-0.033774,-0.526902,0.009722,-1.528478,,,,,,
27098,,,,,,,,,0.714154,1.304868,,,43.838135,48.841602,0.157518,0.190830,,,,,,,,,,,,
27101,,,,,,,,,,,,,,,,,,,,-0.526723,0.038803,-1.555653,,,,,,
27108,,,,,,,,,0.714154,1.304868,,,43.419918,48.174381,0.161263,0.197297,,,,-0.526773,0.002543,-1.517000,,,,,,
27117,,,,,,,,,0.714154,1.304868,,,43.068031,48.702065,0.164415,0.191709,,,,-0.526681,-0.004786,-1.505530,,,,,,
27124,,,,,,,,,,,,,,,,,,,,-0.526251,-0.012381,-1.490478,,,,,,
27128,,,,,,,,,0.686687,1.957303,,,42.227409,48.056973,0.172622,0.197978,,,,,,,,,,,,
27138,,,,,,,,,0.714154,1.304868,,,42.064655,48.058735,0.174084,0.197779,,,,-0.525710,-0.019660,-1.483086,,,,,,
27144,-0.525597,-0.019531,-1.482141,-0.499013,-0.031333,-1.507591,0.628319,1.256637,,,40.171558,46.279499,,,,,0.014110,0.025435,-0.025450,-0.525079,-0.027100,-1.468189,,,,,,
27148,,,,,,,,,0.714154,1.304868,,,41.927715,48.060219,0.164473,0.188718,,,,,,,,,,,,
27154,,,,,,,,,,,,,,,,,,,,-0.524467,-0.034371,-1.453327,,,,,,
27158,,,,,,,,,0.714154,1.304868,,,41.812492,48.061466,0.165297,0.188349,,,,,,,,,,,,
27168,,,,,,,,,0.686687,0.652435,,,41.171001,48.062515,0.171512,0.187982,,,,-0.523723,-0.041511,-1.438477,,,,,,
27176,,,,,,,,,,,,,41.175793,48.063400,0.171263,0.187617,,,,-0.522904,-0.048315,-1.423687,,,,,,
27179,,,,,,,,,0.686687,1.957303,,,,,,,,,,,,,,,,,,
27188,,,,,,,,,0.714154,1.304868,,,41.179825,48.064144,0.171021,0.187252,,,,-0.521963,-0.055143,-1.405538,,,,,,
27194,-0.521903,-0.055129,-1.406493,-0.496057,-0.062172,-1.442113,0.624611,1.279096,,,39.253265,45.059944,,,,,0.011176,0.024346,-0.035620,,,,,,,,,
27197,,,,,,,,,0.714154,1.304868,,,41.183216,47.520226,0.161418,0.180004,,,,-0.520816,-0.061885,-1.394698,,,,,,
27205,,,,,,,,,,,,,,,,,,,,-0.519856,-0.068754,-1.380242,,,,,,
27208,,,,,,,,,0.686687,0.652435,,,40.641529,47.607117,0.166558,0.178625,,,,,,,,,,,,
27218,,,,,,,,,0.686687,1.957303,,,40.730297,47.135685,0.165375,0.182925,,,,-0.518932,-0.075592,-1.362305,,,,,,
27227,,,,,,,,,0.631752,0.652435,,,40.260441,46.739021,0.169872,0.186555,,,,-0.517787,-0.082380,-1.344506,,,,,,
27235,,,,,,,,,,,,,,,,,,,,-0.516544,-0.089109,-1.330407,,,,,,
27238,,,,,,,,,0.686687,1.957303,,,39.865105,46.949810,0.173703,0.184070,,,,,,,,,,,,
27244,-0.516389,-0.089075,-1.328584,-0.491144,-0.092031,-1.371926,0.613653,1.348095,,,37.889248,43.765656,,,,,0.008925,0.023799,-0.043342,,,,,,,,,
27248,,,,,,,,,0.659220,1.304869,,,39.532467,46.582626,0.163060,0.174235,,,,-0.515229,-0.096121,-1.316358,,,,,,
27256,,,,,,,,,,,,,39.252586,46.818222,0.165586,0.171269,,,,-0.513872,-0.102826,-1.298903,,,,,,
27259,,,,,,,,,0.686687,1.957303,,,,,,,,,,,,,,,,,,
27264,,,,,,,,,,,,,,,,,,,,-0.512300,-0.109537,-1.285009,,,,,,
27268,,,,,,,,,0.659220,1.304869,,,39.017097,46.471909,0.167716,0.174191,,,,,,,,,,,,
27278,,,,,,,,,0.631752,0.652435,,,38.818954,45.635975,0.169511,0.182176,,,,-0.510442,-0.116276,-1.274694,,,,,,
27286,,,,,,,,,0.714154,1.304868,,,38.652237,46.021709,0.171026,0.177867,,,,-0.508378,-0.122703,-1.261065,,,,,,
27295,-0.508237,-0.122765,-1.261259,-0.484292,-0.120438,-1.294274,0.595942,1.468505,,,35.190063,42.118320,,,,,0.005078,0.023516,-0.033015,,,,,,,,,
27298,,,,,,,,,0.686687,1.957303,,,39.056507,45.801723,0.139218,0.162857,,,,-0.506463,-0.129086,-1.250702,,,,,,
27307,,,,,,,,,0.631752,0.652435,,,38.852116,45.616627,0.140529,0.164008,,,,-0.504579,-0.135425,-1.240438,,,,,,
27315,,,,,,,,,,,,,,,,,,,,-0.502533,-0.141569,-1.230205,,,,,,
27318,,,,,,,,,0.631752,0.652435,,,38.135597,44.916344,0.147105,0.170452,,,,,,,,,,,,
27328,,,,,,,,,0.604285,1.304869,,,37.532719,44.327126,0.152666,0.175902,,,,-0.500486,-0.147936,-1.216740,,,,,,
27337,,,,,,,,,0.631752,1.957303,,,37.570000,44.375900,0.151817,0.174963,,,,-0.498339,-0.154200,-1.206637,,,,,,
27344,-0.498248,-0.154047,-1.203011,-0.475528,-0.146946,-1.205932,0.572343,1.648322,,,31.706152,40.704159,,,,,0.001543,0.023754,-0.002921,-0.496227,-0.160241,-1.196537,,,,,,
27348,,,,,,,,,0.631752,0.652435,,,37.056824,43.872395,0.121039,0.165223,,,,,,,,,,,,
27358,,,,,,,,,0.631752,1.957303,,,37.169582,43.993290,0.118819,0.163356,,,,-0.493850,-0.166251,-1.186590,,,,,,
27367,,,,,,,,,0.604285,1.304869,,,36.175369,43.550468,0.127867,0.167215,,,,-0.491509,-0.172222,-1.173247,,,,,,
27375,,,,,,,,,,,,,,,,,,,,-0.489259,-0.178016,-1.159960,,,,,,
27378,,,,,,,,,0.576817,1.957303,,,35.883385,43.177876,0.129952,0.170446,,,,,,,,,,,,
27388,,,,,,,,,0.604285,2.609737,,,35.093163,42.864376,0.137177,0.173149,,,,-0.486842,-0.183888,-1.143564,,,,,,
27396,-0.486748,-0.183691,-1.137607,-0.464888,-0.171137,-1.103162,0.544140,1.897844,,,27.563597,39.165813,,,,,-0.002218,0.025111,0.034445,-0.484540,-0.189596,-1.123805,,,,,,
27399,,,,,,,,,0.576817,0.652434,,,34.972813,42.600597,0.095473,0.159716,,,,,,,,,,,,
27405,,,,,,,,,,,,,,,,,,,,-0.482159,-0.195080,-1.104235,,,,,,
27408,,,,,,,,,0.631752,3.262170,,,33.782467,42.923199,0.106132,0.155739,,,,,,,,,,,,
27418,,,,,,,,,0.521882,1.957302,,,33.325451,42.650093,0.109550,0.157773,,,,-0.479724,-0.200524,-1.084747,,,,,,
27426,,,,,,,,,,,,,32.396374,41.875759,0.117874,0.164974,,,,-0.477256,-0.205870,-1.065380,,,,,,
27429,,,,,,,,,0.549350,2.609737,,,,,,,,,,,,,,,,,,
27434,,,,,,,,,,,,,,,,,,,,-0.474762,-0.211083,-1.039771,,,,,,
27438,,,,,,,,,0.521882,1.957302,,,31.614651,41.768776,0.124881,0.165524,,,,,,,,,,,,
27444,-0.474753,-0.210725,-1.039772,-0.452414,-0.192628,-0.981893,0.513114,2.226778,,,23.782160,37.835556,,,,,-0.004292,0.028427,0.057879,,,,,,,,,
27448,,,,,,,,,0.549350,2.609737,,,30.956909,42.767849,0.092210,0.141244,,,,-0.472046,-0.216121,-1.011269,,,,,,
27456,,,,,,,,,,,,,30.403484,41.430294,0.096420,0.153900,,,,-0.469409,-0.221036,-0.982862,,,,,,
27459,,,,,,,,,0.549350,2.609737,,,,,,,,,,,,,,,,,,
27468,,,,,,,,,0.549350,3.914606,,,29.393290,41.393963,0.105399,0.153552,,,,,,,,,,,,
27478,,,,,,,,,0.494415,2.609737,,,28.543312,41.363392,0.112947,0.153152,,,,,,,,,,,,
27485,,,,,,,,,,,,,,,,,,,,-0.460756,-0.234712,-0.901998,,,,,,
27488,,,,,,,,,0.521882,3.262171,,,27.828142,40.793129,0.119289,0.158263,,,,,,,,,,,,
27494,-0.460675,-0.234493,-0.899876,-0.438153,-0.211082,-0.838487,0.481637,2.636673,,,20.710909,36.942017,,,,,-0.004335,0.032196,0.061389,,,,,,,,,
27498,,,,,,,,,0.521882,1.957302,,,27.226397,40.857853,0.093291,0.147898,,,,-0.457705,-0.239120,-0.871396,,,,,,
27507,,,,,,,,,0.466947,3.262170,,,26.720089,40.367767,0.097152,0.152113,,,,-0.454467,-0.243146,-0.840949,,,,,,
27515,,,,,,,,,,,,,,,,,,,,-0.451245,-0.246979,-0.807749,,,,,,
27518,,,,,,,,,0.494415,2.609737,,,25.749538,39.955410,0.105850,0.155634,,,,,,,,,,,,
27528,,,,,,,,,0.466947,3.262170,,,25.477461,39.608452,0.107618,0.158570,,,,-0.447888,-0.250611,-0.780724,,,,,,
27537,,,,,,,,,0.494415,3.914605,,,24.703991,39.861065,0.114554,0.155460,,,,-0.444685,-0.254335,-0.747890,,,,,,
27544,-0.444590,-0.254166,-0.744223,-0.422164,-0.226207,-0.671453,0.452737,3.105463,,,18.068058,37.000408,,,,,-0.002442,0.035758,0.072770,-0.441425,-0.257900,-0.715299,,,,,,
27548,,,,,,,,,0.521882,3.262171,,,24.053194,39.529068,0.093436,0.158859,,,,,,,,,,,,
27558,,,,,,,,,0.439480,2.609737,,,24.050156,39.249729,0.092270,0.161202,,,,-0.438189,-0.261188,-0.682882,,,,,,
27566,,,,,,,,,0.466947,4.567039,,,22.958513,39.559235,0.102208,0.157595,,,,-0.434698,-0.264314,-0.647745,,,,,,
27574,,,,,,,,,,,,,,,,,,,,-0.431110,-0.267376,-0.615715,,,,,,
27578,,,,,,,,,0.466947,3.262170,,,22.584549,39.275108,0.105045,0.159982,,,,,,,,,,,,
27588,,,,,,,,,0.494415,3.914605,,,22.269896,39.036045,0.107351,0.161965,,,,-0.427257,-0.270289,-0.583821,,,,,,
27594,-0.427059,-0.270190,-0.580860,-0.404508,-0.237764,-0.484020,0.430019,3.565917,,,16.084316,38.011703,,,,,0.001059,0.039482,0.096840,-0.423223,-0.273099,-0.552088,,,,,,
27598,,,,,,,,,0.412012,3.262171,,,21.460604,38.834900,0.094531,0.173925,,,,,,,,,,,,
27608,,,,,,,,,0.466947,3.262170,,,21.324209,38.665653,0.094847,0.175487,,,,,,,,,,,,
27615,,,,,,,,,,,,,,,,,,,,-0.418982,-0.275776,-0.514849,,,,,,
27618,,,,,,,,,0.439480,3.914605,,,20.664904,38.523251,0.100524,0.176808,,,,-0.414918,-0.278292,-0.480565,,,,,,
27625,,,,,,,,,,,,,,,,,,,,-0.410910,-0.280639,-0.446379,,,,,,
27628,,,,,,,,,0.466947,3.262170,,,20.654707,38.403435,0.099712,0.177928,,,,,,,,,,,,
27638,,,,,,,,,0.466947,4.567039,,,20.101583,38.847164,0.104440,0.173324,,,,-0.406916,-0.282748,-0.406761,,,,,,
27644,-0.406861,-0.282583,-0.402211,-0.385257,-0.245572,-0.285912,0.417245,3.898387,,,15.351645,39.484482,,,,,0.005392,0.042514,0.116299,,,,,,,,,
27647,,,,,,,,,0.494415,3.914605,,,20.180729,38.675972,0.095356,0.189925,,,,-0.402988,-0.284634,-0.370141,,,,,,
27655,,,,,,,,,,,,,,,,,,,,-0.399069,-0.286354,-0.330784,,,,,,
27658,,,,,,,,,0.439480,3.914605,,,19.702778,39.076477,0.099265,0.186002,,,,,,,,,,,,
27668,,,,,,,,,0.466947,4.567039,,,19.300631,38.868919,0.102497,0.188200,,,,-0.395257,-0.287907,-0.288806,,,,,,
27677,,,,,,,,,0.439480,3.914605,,,18.962263,39.238823,0.105158,0.184550,,,,-0.391188,-0.289411,-0.246930,,,,,,
27685,,,,,,,,,,,,,,,,,,,,-0.387034,-0.290836,-0.199604,,,,,,
27688,,,,,,,,,0.439480,3.914605,,,18.133018,39.005516,0.112895,0.186979,,,,,,,,,,,,
27694,-0.386938,-0.290695,-0.200184,-0.364484,-0.249507,-0.091470,0.417452,3.975972,,,17.635012,42.009754,,,,,0.013816,0.044831,0.108714,,,,,,,,,
27698,,,,,,,,,0.466947,5.871908,,,17.979836,39.353756,0.137191,0.209281,,,,-0.382576,-0.292146,-0.155145,,,,,,
27706,,,,,,,,,0.439480,3.914605,,,17.850946,39.646763,0.138437,0.206823,,,,-0.378183,-0.293257,-0.110769,,,,,,
27715,,,,,,,,,,,,,,,,,,,,-0.373552,-0.294108,-0.060883,,,,,,
27718,,,,,,,,,0.494415,5.219474,,,17.742500,40.437843,0.139500,0.199227,,,,,,,,,,,,
27728,,,,,,,,,0.466947,4.567039,,,17.651253,40.558914,0.140409,0.198306,,,,-0.369163,-0.294758,-0.013838,,,,,,
27736,,,,,,,,,0.466947,4.567039,,,17.574478,40.660782,0.141189,0.197558,,,,-0.364766,-0.295101,0.030429,,,,,,
27744,-0.364675,-0.294900,0.030236,-0.342274,-0.249507,0.085924,0.431919,3.755346,,,22.691317,44.581516,,,,,0.023763,0.044695,0.055688,,,,,,,,,
27748,,,,,,,,,0.521882,4.567040,,,17.509880,40.746494,0.193434,0.223185,,,,-0.360201,-0.295159,0.071950,,,,,,
27758,,,,,,,,,0.466947,4.567039,,,18.000071,41.363155,0.189470,0.217662,,,,-0.355444,-0.295064,0.119064,,,,,,
27766,,,,,,,,,0.521882,3.262171,,,18.412516,41.337471,0.186202,0.218568,,,,-0.350591,-0.294865,0.160683,,,,,,
27778,,,,,,,,,0.521882,4.567040,,,19.304090,41.315861,0.177963,0.219437,,,,-0.345660,-0.294493,0.199572,,,,,,
27787,,,,,,,,,0.549350,3.914606,,,20.054262,41.842220,0.170989,0.214721,,,,-0.340520,-0.293763,0.238557,,,,,,
27794,-0.340262,-0.293562,0.237497,-0.318712,-0.245572,0.238559,0.459720,3.314670,,,28.759760,46.837505,,,,,0.032235,0.041573,0.001062,-0.335345,-0.292835,0.272029,,,,,,
27798,,,,,,,,,0.549350,3.914606,,,20.685455,42.285099,0.226977,0.233763,,,,,,,,,,,,
27808,,,,,,,,,0.549350,2.609737,,,21.761086,42.657738,0.217620,0.230872,,,,-0.330235,-0.291708,0.311203,,,,,,
27817,,,,,,,,,0.604285,2.609737,,,22.666121,42.971275,0.209788,0.228510,,,,-0.325031,-0.290456,0.347659,,,,,,
27825,,,,,,,,,,,,,,,,,,,,-0.319844,-0.288933,0.381412,,,,,,
27828,,,,,,,,,0.576817,3.262172,,,23.972160,43.235088,0.197685,0.226593,,,,,,,,,,,,
27838,,,,,,,,,0.631752,3.262170,,,24.526518,43.457058,0.192989,0.225049,,,,-0.314544,-0.287170,0.415323,,,,,,
27844,-0.314186,-0.286872,0.414084,-0.293893,-0.237764,0.364864,0.498238,2.786433,,,35.037220,48.731625,,,,,0.038337,0.036792,-0.049220,,,,,,,,,
27847,,,,,,,,,0.549350,2.609737,,,25.537498,43.643826,0.247553,0.243140,,,,-0.308826,-0.285134,0.443625,,,,,,
27855,,,,,,,,,,,,,,,,,,,,-0.303270,-0.282931,0.474871,,,,,,
27858,,,,,,,,,0.659220,3.914604,,,26.388136,44.345512,0.240777,0.237000,,,,,,,,,,,,
27868,,,,,,,,,0.631752,1.957303,,,27.648407,44.935913,0.229652,0.231856,,,,-0.297852,-0.280577,0.503398,,,,,,
27877,,,,,,,,,0.659220,1.304869,,,28.708797,44.888134,0.220314,0.233102,,,,-0.292374,-0.277869,0.529163,,,,,,
27885,,,,,,,,,,,,,,,,,,,,-0.286630,-0.274746,0.555057,,,,,,
27888,,,,,,,,,0.631752,3.262170,,,29.601009,45.392475,0.212479,0.228726,,,,,,,,,,,,
27894,-0.286609,-0.274507,0.556910,-0.267913,-0.226207,0.467067,0.544140,2.274021,,,40.806217,50.224854,,,,,0.041401,0.031120,-0.089843,,,,,,,,,
27898,,,,,,,,,0.686687,1.957303,,,30.896261,45.816826,0.259198,0.240297,,,,-0.281015,-0.271407,0.575213,,,,,,
27906,,,,,,,,,0.714154,1.304868,,,32.530628,46.173878,0.244510,0.237537,,,,-0.275544,-0.268061,0.592559,,,,,,
27914,,,,,,,,,,,,,,,,,,,,-0.269879,-0.264330,0.612909,,,,,,
27918,,,,,,,,,0.714154,1.304868,,,33.905785,46.474300,0.232138,0.235282,,,,,,,,,,,,
27928,,,,,,,,,0.714154,2.609737,,,35.062840,47.271618,0.221716,0.227900,,,,-0.264227,-0.260612,0.630372,,,,,,
27936,,,,,,,,,,,,,35.491844,46.853394,0.218489,0.232756,,,,-0.258536,-0.256647,0.644920,,,,,,
27939,,,,,,,,,0.714154,1.304868,,,,,,,,,,,,,,,,,,
27944,-0.258404,-0.256475,0.643008,-0.240877,-0.211082,0.548804,0.594144,1.826677,,,45.285545,51.853485,,,,,0.041245,0.025819,-0.094203,,,,,,,,,
27948,,,,,,,,,0.741622,0.652433,,,36.397350,47.046043,0.256005,0.248078,,,,-0.252817,-0.252593,0.659536,,,,,,
27958,,,,,,,,,0.714154,1.304868,,,37.703789,47.208138,0.244457,0.247386,,,,-0.246735,-0.248226,0.671190,,,,,,
27965,,,,,,,,,,,,,,,,,,,,-0.240944,-0.243750,0.682955,,,,,,
27968,,,,,,,,,0.741622,0.652433,,,38.803024,47.889069,0.234761,0.241369,,,,,,,,,,,,
27978,,,,,,,,,0.741622,1.957302,,,39.183376,47.917461,0.232178,0.241873,,,,-0.234907,-0.238909,0.694719,,,,,,
27987,,,,,,,,,0.796557,0.652434,,,40.592491,48.485893,0.219025,0.236862,,,,-0.228806,-0.234146,0.706488,,,,,,
27994,-0.228653,-0.233967,0.703897,-0.212890,-0.192628,0.613720,0.645373,1.455098,,,48.865360,53.286892,,,,,0.038771,0.021312,-0.090177,-0.222718,-0.229333,0.715342,,,,,,
27998,,,,,,,,,0.769089,1.304867,,,41.233578,48.964172,0.249939,0.247278,,,,,,,,,,,,
28008,,,,,,,,,0.824024,0.000000,,,42.317532,49.911140,0.240409,0.238483,,,,-0.216893,-0.224549,0.724200,,,,,,
28017,,,,,,,,,0.796557,1.957302,,,43.229568,50.163376,0.232416,0.236586,,,,-0.211005,-0.219676,0.736054,,,,,,
28024,,,,,,,,,,,,,,,,,,,,-0.205238,-0.214639,0.747948,,,,,,
28028,,,,,,,,,0.796557,0.652434,,,43.996960,50.375607,0.225716,0.235046,,,,,,,,,,,,
28038,,,,,,,,,0.769089,0.000000,,,44.642639,50.554176,0.220103,0.233806,,,,-0.199445,-0.209234,0.756892,,,,,,
28044,-0.199445,-0.209211,0.752444,-0.184062,-0.171137,0.664924,0.695427,1.151942,,,52.472992,55.075912,,,,,0.037250,0.017282,-0.087520,-0.193455,-0.203693,0.762830,,,,,,
28048,,,,,,,,,0.824024,1.304869,,,45.185917,51.248970,0.252204,0.245514,,,,,,,,,,,,
28058,,,,,,,,,0.796557,0.652434,,,45.643028,51.289024,0.248999,0.245871,,,,-0.187507,-0.197865,0.771786,,,,,,
28068,,,,,,,,,0.906427,0.652435,,,46.027641,51.867271,0.246442,0.240730,,,,-0.181714,-0.192289,0.777766,,,,,,
28076,,,,,,,,,,,,,46.895798,52.353806,0.238876,0.236409,,,,-0.175892,-0.186688,0.786770,,,,,,
28079,,,,,,,,,0.769089,1.304867,,,,,,,,,,,,,,,,,,
28088,,,,,,,,,0.851492,-0.652435,,,47.626266,52.218632,0.232541,0.238332,,,,,,,,,,,,
28096,-0.175233,-0.186165,0.781153,-0.154508,-0.146946,0.704872,0.742342,0.904389,,,57.418396,58.915962,47.696339,52.104897,0.283238,0.279232,0.042331,0.013257,-0.076281,-0.163922,-0.175284,0.801789,,,,,,
28099,,,,,,,,,0.878959,1.304869,,,,,,,,,,,,,,,,,,
28105,,,,,,,,,,,,,,,,,,,,-0.157822,-0.169303,0.807788,,,,,,
28108,,,,,,,,,0.851492,0.652435,,,48.844383,53.098289,0.273473,0.270462,,,,,,,,,,,,
28118,,,,,,,,,0.878959,0.000000,,,49.810349,53.389584,0.265335,0.268654,,,,-0.151550,-0.163219,0.810773,,,,,,
28127,,,,,,,,,0.878959,0.000000,,,50.623112,54.179222,0.258566,0.261705,,,,-0.145473,-0.156990,0.813786,,,,,,
28135,,,,,,,,,,,,,,,,,,,,-0.139618,-0.150676,0.819821,,,,,,
28138,,,,,,,,,0.933894,1.304869,,,51.306973,54.843624,0.252950,0.255876,,,,,,,,,,,,
28144,-0.139910,-0.150811,0.822047,-0.124345,-0.120438,0.735422,0.784522,0.699674,,,58.273647,57.899143,,,,,0.032845,0.009274,-0.086625,,,,,,,,,
28148,,,,,,,,,0.906427,0.652435,,,51.882370,55.402653,0.257027,0.240617,,,,-0.133716,-0.144186,0.825882,,,,,,
28156,,,,,,,,,0.851492,0.652435,,,52.366512,55.873020,0.253367,0.236318,,,,-0.127997,-0.137836,0.829003,,,,,,
28168,,,,,,,,,0.906427,0.652435,,,52.773869,55.724243,0.250393,0.238241,,,,,,,,,,,,
28178,,,,,,,,,0.933894,-1.304869,,,53.661160,56.143604,0.242443,0.234398,,,,,,,,,,,,
28186,,,,,,,,,0.878959,1.304869,,,53.863182,55.951912,0.241304,0.236705,,,,-0.108935,-0.116993,0.834934,,,,,,
28195,-0.109102,-0.117058,0.839325,-0.093691,-0.092031,0.757942,0.820688,0.526874,,,59.909023,58.604561,,,,,0.028919,0.005249,-0.081383,,,,,,,,,
28198,,,,,,,,,0.933894,-1.304869,,,54.577709,56.335167,0.251579,0.240380,,,,-0.102825,-0.110219,0.834936,,,,,,
28208,,,,,,,,,0.906427,0.652435,,,55.178913,56.113094,0.246513,0.243099,,,,-0.096948,-0.103754,0.838014,,,,,,
28215,,,,,,,,,,,,,,,,,,,,-0.090670,-0.097006,0.834987,,,,,,
28218,,,,,,,,,0.933894,0.000000,,,55.140221,56.470783,0.247854,0.239949,,,,,,,,,,,,
28228,,,,,,,,,0.933894,0.000000,,,55.652210,56.227200,0.243585,0.242860,,,,-0.084374,-0.090074,0.834951,,,,,,
28237,,,,,,,,,0.878959,0.000000,,,56.082996,57.111336,0.240043,0.234318,,,,-0.078000,-0.083256,0.831908,,,,,,
28244,-0.078145,-0.083350,0.832529,-0.062667,-0.062172,0.773397,0.849828,0.377110,,,60.912388,59.800610,,,,,0.026080,0.002805,-0.059132,-0.071893,-0.076466,0.835011,,,,,,
28248,,,,,,,,,0.906427,-0.652435,,,56.445461,56.766163,0.247345,0.250337,,,,,,,,,,,,
28258,,,,,,,,,0.961362,0.652434,,,56.750439,57.564819,0.245128,0.242797,,,,-0.065495,-0.069393,0.834999,,,,,,
28267,,,,,,,,,0.933894,0.000000,,,56.462502,57.147724,0.248897,0.247499,,,,-0.059488,-0.062714,0.834969,,,,,,
28275,,,,,,,,,,,,,,,,,,,,-0.052995,-0.055783,0.834930,,,,,,
28278,,,,,,,,,0.933894,0.000000,,,56.764774,57.341324,0.246704,0.246055,,,,,,,,,,,,
28288,,,,,,,,,0.906427,0.652435,,,57.019108,57.504219,0.244939,0.244885,,,,-0.046322,-0.048615,0.834928,,,,,,
28294,-0.046473,-0.048682,0.837462,-0.031395,-0.031333,0.782428,0.871178,0.243204,,,61.697166,59.962151,,,,,0.022981,0.000410,-0.055034,-0.039869,-0.041498,0.834910,,,,,,
28298,,,,,,,,,0.906427,-0.652435,,,57.233105,57.641277,0.251540,0.245594,,,,,,,,,,,,
28304,,,,,,,,,,,,,,,,,,,,-0.033340,-0.034431,0.831890,,,,,,
28308,,,,,,,,,0.961362,-0.652434,,,57.413162,57.756599,0.250596,0.244882,,,,,,,,,,,,
28318,,,,,,,,,0.961362,1.957303,,,57.564663,58.398174,0.249907,0.238779,,,,-0.027132,-0.027749,0.834919,,,,,,
28326,,,,,,,,,,,,,57.692135,58.393452,0.249434,0.239140,,,,-0.020666,-0.020795,0.837963,,,,,,
28329,,,,,,,,,0.961362,-0.652434,,,,,,,,,,,,,,,,,,
28338,,,,,,,,,0.906427,-0.652435,,,58.343933,58.389477,0.243586,0.239494,,,,-0.014090,-0.013808,0.834927,,,,,,
28344,-0.014222,-0.013945,0.832402,-0.000000,-0.000000,0.785398,0.884200,0.119218,,,61.808285,59.780460,,,,,0.019886,-0.001132,-0.047004,,,,,,,,,
28348,,,,,,,,,0.961362,0.652434,,,58.347813,58.930676,0.245351,0.232435,,,,-0.007497,-0.006568,0.837946,,,,,,
28355,,,,,,,,,,,,,,,,,,,,-0.001070,0.000384,0.834959,,,,,,
28358,,,,,,,,,0.988829,-1.304868,,,58.895618,58.841496,0.240455,0.233515,,,,,,,,,,,,
28368,,,,,,,,,0.961362,0.652434,,,58.812000,58.766460,0.241891,0.234468,,,,,,,,,,,,
28378,,,,,,,,,0.906427,-0.652435,,,59.286186,58.703327,0.237653,0.235315,,,,,,,,,,,,
28385,,,,,,,,,,,,,,,,,,,,0.017868,0.021308,0.834944,,,,,,
28388,,,,,,,,,0.988829,0.000000,,,59.140625,59.194748,0.239643,0.230518,,,,,,,,,,,,
28394,0.017967,0.021419,0.834731,-0.000000,-0.000000,0.785398,0.884200,0.119218,,,48.415997,46.260166,,,,,-0.027937,-0.001065,-0.049333,,,,,,,,,
28398,,,,,,,,,,,,,59.018150,59.063686,0.104824,0.094065,,,,,,,,,,,,
