ts,x,y,yaw,x_des,y_des,yaw_des,v_ff,w_ff,v_actual,w_actual,omega_l_cmd,omega_r_cmd,omega_l_meas,omega_r_meas,duty_l,duty_r,x_err,y_err,yaw_err
70600,0.061531235,-0.565631,0.43204534,0.133344,-0.42462,0.94554305,1.076676,-0.173391,1.6070037,-0.20059401,75.65255,111.47068,100.965546,99.90992,0.13744465,0.5257146,0.12425935,0.09798357,0.5134978
70604,0.061531235,-0.565631,0.43204534,0.133344,-0.42462,0.94554305,1.076676,-0.173391,1.6070037,-0.20059401,75.65255,111.47068,100.965546,99.90992,0.13744465,0.5257146,0.12425935,0.09798357,0.5134978
70610,0.061531235,-0.565631,0.43204534,0.133344,-0.42462,0.94554305,1.076676,-0.173391,1.6070037,-0.20059401,75.65255,111.47068,100.965546,99.90992,0.13744465,0.5257146,0.12425935,0.09798357,0.5134978
70613,0.061531235,-0.565631,0.43204534,0.133344,-0.42462,0.94554305,1.076676,-0.173391,1.6070037,-0.20059401,75.65255,111.47068,100.965546,99.90992,0.13744465,0.5257146,0.12425935,0.09798357,0.5134978
70616,0.061531235,-0.565631,0.43204534,0.133344,-0.42462,0.94554305,1.076676,-0.173391,1.6070037,-0.20059401,75.65255,111.47068,100.965546,99.90992,0.13744465,0.5257146,0.12425935,0.09798357,0.5134978
70622,0.061531235,-0.565631,0.43204534,0.133344,-0.42462,0.94554305,1.076676,-0.173391,1.6070037,-0.20059401,75.65255,111.47068,100.965546,99.90992,0.13744465,0.5257146,0.12425935,0.09798357,0.5134978
70625,0.061531235,-0.565631,0.43204534,0.133344,-0.42462,0.94554305,1.076676,-0.173391,1.6070037,-0.20059401,75.65255,111.47068,100.965546,99.90992,0.13744465,0.5257146,0.12425935,0.09798357,0.5134978
70631,0.061531235,-0.565631,0.43204534,0.133344,-0.42462,0.94554305,1.076676,-0.173391,1.6070037,-0.20059401,75.65255,111.47068,100.965546,99.90992,0.13744465,0.5257146,0.12425935,0.09798357,0.5134978
70634,0.061531235,-0.565631,0.43204534,0.133344,-0.42462,0.94554305,1.076676,-0.173391,1.6070037,-0.20059401,75.65255,111.47068,100.965546,99.90992,0.13744465,0.5257146,0.12425935,0.09798357,0.5134978
70637,0.061531235,-0.565631,0.43204534,0.133344,-0.42462,0.94554305,1.076676,-0.173391,1.6070037,-0.20059401,75.65255,111.47068,100.965546,99.90992,0.13744465,0.5257146,0.12425935,0.09798357,0.5134978
70643,0.061531235,-0.565631,0.43204534,0.133344,-0.42462,0.94554305,1.076676,-0.173391,1.6070037,-0.20059401,75.65255,111.47068,100.965546,99.90992,0.13744465,0.5257146,0.12425935,0.09798357,0.5134978
70646,0.061531235,-0.565631,0.43204534,0.133344,-0.42462,0.94554305,1.076676,-0.173391,1.6070037,-0.20059401,75.65255,111.47068,100.965546,99.90992,0.13744465,0.5257146,0.12425935,0.09798357,0.5134978
70649,0.061531235,-0.565631,0.43204534,0.133344,-0.42462,0.94554305,1.076676,-0.173391,1.6070037,-0.20059401,75.65255,111.47068,100.965546,99.90992,0.13744465,0.5257146,0.12425935,0.09798357,0.5134978
70655,0.061531235,-0.565631,0.43204534,0.133344,-0.42462,0.94554305,1.076676,-0.173391,1.6070037,-0.20059401,75.65255,111.47068,100.965546,99.90992,0.13744465,0.5257146,0.12425935,0.09798357,0.5134978
70658,0.061531235,-0.565631,0.43204534,0.133344,-0.42462,0.94554305,1.076676,-0.173391,1.6070037,-0.20059401,75.65255,111.47068,100.965546,99.90992,0.13744465,0.5257146,0.12425935,0.09798357,0.5134978
70663,0.061531235,-0.565631,0.43204534,0.133344,-0.42462,0.94554305,1.076676,-0.173391,1.6070037,-0.20059401,75.65255,111.47068,100.965546,99.90992,0.13744465,0.5257146,0.12425935,0.09798357,0.5134978
70667,0.061531235,-0.565631,0.43204534,0.133344,-0.42462,0.94554305,1.076676,-0.173391,1.6070037,-0.20059401,75.65255,111.47068,100.965546,99.90992,0.13744465,0.5257146,0.12425935,0.09798357,0.5134978
70670,0.061531235,-0.565631,0.43204534,0.133344,-0.42462,0.94554305,1.076676,-0.173391,1.6070037,-0.20059401,75.65255,111.47068,100.965546,99.90992,0.13744465,0.5257146,0.12425935,0.09798357,0.5134978
70675,0.061531235,-0.565631,0.43204534,0.133344,-0.42462,0.94554305,1.076676,-0.173391,1.6070037,-0.20059401,75.65255,111.47068,100.965546,99.90992,0.13744465,0.5257146,0.12425935,0.09798357,0.5134978
70678,0.061531235,-0.565631,0.43204534,0.133344,-0.42462,0.94554305,1.076676,-0.173391,1.6070037,-0.20059401,75.65255,111.47068,100.965546,99.90992,0.13744465,0.5257146,0.12425935,0.09798357,0.5134978
70684,0.061531235,-0.565631,0.43204534,0.133344,-0.42462,0.94554305,1.076676,-0.173391,1.6070037,-0.20059401,75.65255,111.47068,100.965546,99.90992,0.13744465,0.5257146,0.12425935,0.09798357,0.5134978
70687,0.061531235,-0.565631,0.43204534,0.133344,-0.42462,0.94554305,1.076676,-0.173391,1.6070037,-0.20059401,75.65255,111.47068,100.965546,99.90992,0.13744465,0.5257146,0.12425935,0.09798357,0.5134978
70690,0.061531235,-0.565631,0.43204534,0.133344,-0.42462,0.94554305,1.076676,-0.173391,1.6070037,-0.20059401,75.65255,111.47068,100.965546,99.90992,0.13744465,0.5257146,0.12425935,0.09798357,0.5134978
70695,0.061531235,-0.565631,0.43204534,0.133344,-0.42462,0.94554305,1.076676,-0.173391,1.6070037,-0.20059401,75.65255,111.47068,100.965546,99.90992,0.13744465,0.5257146,0.12425935,0.09798357,0.5134978
70698,0.061531235,-0.565631,0.43204534,0.133344,-0.42462,0.94554305,1.076676,-0.173391,1.6070037,-0.20059401,75.65255,111.47068,100.965546,99.90992,0.13744465,0.5257146,0.12425935,0.09798357,0.5134978
70704,0.061531235,-0.565631,0.43204534,0.133344,-0.42462,0.94554305,1.076676,-0.173391,1.6070037,-0.20059401,75.65255,111.47068,100.965546,99.90992,0.13744465,0.5257146,0.12425935,0.09798357,0.5134978
70707,0.061531235,-0.565631,0.43204534,0.133344,-0.42462,0.94554305,1.076676,-0.173391,1.6070037,-0.20059401,75.65255,111.47068,100.965546,99.90992,0.13744465,0.5257146,0.12425935,0.09798357,0.5134978
70710,0.061531235,-0.565631,0.43204534,0.133344,-0.42462,0.94554305,1.076676,-0.173391,1.6070037,-0.20059401,75.65255,111.47068,100.965546,99.90992,0.13744465,0.5257146,0.12425935,0.09798357,0.5134978
70716,0.061531235,-0.565631,0.43204534,0.133344,-0.42462,0.94554305,1.076676,-0.173391,1.6070037,-0.20059401,75.65255,111.47068,100.965546,99.90992,0.13744465,0.5257146,0.12425935,0.09798357,0.5134978
70719,0.061531235,-0.565631,0.43204534,0.133344,-0.42462,0.94554305,1.076676,-0.173391,1.6070037,-0.20059401,75.65255,111.47068,100.965546,99.90992,0.13744465,0.5257146,0.12425935,0.09798357,0.5134978
70725,0.061531235,-0.565631,0.43204534,0.133344,-0.42462,0.94554305,1.076676,-0.173391,1.6070037,-0.20059401,75.65255,111.47068,100.965546,99.90992,0.13744465,0.5257146,0.12425935,0.09798357,0.5134978
70728,0.061531235,-0.565631,0.43204534,0.133344,-0.42462,0.94554305,1.076676,-0.173391,1.6070037,-0.20059401,75.65255,111.47068,100.965546,99.90992,0.13744465,0.5257146,0.12425935,0.09798357,0.5134978
70731,0.061531235,-0.565631,0.43204534,0.133344,-0.42462,0.94554305,1.076676,-0.173391,1.6070037,-0.20059401,75.65255,111.47068,100.965546,99.90992,0.13744465,0.5257146,0.12425935,0.09798357,0.5134978
70736,0.061531235,-0.565631,0.43204534,0.133344,-0.42462,0.94554305,1.076676,-0.173391,1.6070037,-0.20059401,75.65255,111.47068,100.965546,99.90992,0.13744465,0.5257146,0.12425935,0.09798357,0.5134978
70740,0.061531235,-0.565631,0.43204534,0.133344,-0.42462,0.94554305,1.076676,-0.173391,1.6070037,-0.20059401,75.65255,111.47068,100.965546,99.90992,0.13744465,0.5257146,0.12425935,0.09798357,0.5134978
70745,0.061531235,-0.565631,0.43204534,0.133344,-0.42462,0.94554305,1.076676,-0.173391,1.6070037,-0.20059401,75.65255,111.47068,100.965546,99.90992,0.13744465,0.5257146,0.12425935,0.09798357,0.5134978
70749,0.061531235,-0.565631,0.43204534,0.133344,-0.42462,0.94554305,1.076676,-0.173391,1.6070037,-0.20059401,75.65255,111.47068,100.965546,99.90992,0.13744465,0.5257146,0.12425935,0.09798357,0.5134978
70752,0.061531235,-0.565631,0.43204534,0.133344,-0.42462,0.94554305,1.076676,-0.173391,1.6070037,-0.20059401,75.65255,111.47068,100.965546,99.90992,0.13744465,0.5257146,0.12425935,0.09798357,0.5134978
70757,0.061531235,-0.565631,0.43204534,0.133344,-0.42462,0.94554305,1.076676,-0.173391,1.6070037,-0.20059401,75.65255,111.47068,100.965546,99.90992,0.13744465,0.5257146,0.12425935,0.09798357,0.5134978
70760,0.061531235,-0.565631,0.43204534,0.133344,-0.42462,0.94554305,1.076676,-0.173391,1.6070037,-0.20059401,75.65255,111.47068,100.965546,99.90992,0.13744465,0.5257146,0.12425935,0.09798357,0.5134978
70763,0.061531235,-0.565631,0.43204534,0.133344,-0.42462,0.94554305,1.076676,-0.173391,1.6070037,-0.20059401,75.65255,111.47068,100.965546,99.90992,0.13744465,0.5257146,0.12425935,0.09798357,0.5134978
70769,0.061531235,-0.565631,0.43204534,0.133344,-0.42462,0.94554305,1.076676,-0.173391,1.6070037,-0.20059401,75.65255,111.47068,100.965546,99.90992,0.13744465,0.5257146,0.12425935,0.09798357,0.5134978
70772,0.061531235,-0.565631,0.43204534,0.133344,-0.42462,0.94554305,1.076676,-0.173391,1.6070037,-0.20059401,75.65255,111.47068,100.965546,99.90992,0.13744465,0.5257146,0.12425935,0.09798357,0.5134978
70777,0.061531235,-0.565631,0.43204534,0.133344,-0.42462,0.94554305,1.076676,-0.173391,1.6070037,-0.20059401,75.65255,111.47068,100.965546,99.90992,0.13744465,0.5257146,0.12425935,0.09798357,0.5134978
70780,0.061531235,-0.565631,0.43204534,0.133344,-0.42462,0.94554305,1.076676,-0.173391,1.6070037,-0.20059401,75.65255,111.47068,100.965546,99.90992,0.13744465,0.5257146,0.12425935,0.09798357,0.5134978
70783,0.061531235,-0.565631,0.43204534,0.133344,-0.42462,0.94554305,1.076676,-0.173391,1.6070037,-0.20059401,75.65255,111.47068,100.965546,99.90992,0.13744465,0.5257146,0.12425935,0.09798357,0.5134978
70789,0.061531235,-0.565631,0.43204534,0.133344,-0.42462,0.94554305,1.076676,-0.173391,1.6070037,-0.20059401,75.65255,111.47068,100.965546,99.90992,0.13744465,0.5257146,0.12425935,0.09798357,0.5134978
70792,0.061531235,-0.565631,0.43204534,0.133344,-0.42462,0.94554305,1.076676,-0.173391,1.6070037,-0.20059401,75.65255,111.47068,100.965546,99.90992,0.13744465,0.5257146,0.12425935,0.09798357,0.5134978
70798,0.061531235,-0.565631,0.43204534,0.133344,-0.42462,0.94554305,1.076676,-0.173391,1.6070037,-0.20059401,75.65255,111.47068,100.965546,99.90992,0.13744465,0.5257146,0.12425935,0.09798357,0.5134978
70801,0.061531235,-0.565631,0.43204534,0.133344,-0.42462,0.94554305,1.076676,-0.173391,1.6070037,-0.20059401,75.65255,111.47068,100.965546,99.90992,0.13744465,0.5257146,0.12425935,0.09798357,0.5134978
70804,0.061531235,-0.565631,0.43204534,0.133344,-0.42462,0.94554305,1.076676,-0.173391,1.6070037,-0.20059401,75.65255,111.47068,100.965546,99.90992,0.13744465,0.5257146,0.12425935,0.09798357,0.5134978
70810,0.061531235,-0.565631,0.43204534,0.133344,-0.42462,0.94554305,1.076676,-0.173391,1.6070037,-0.20059401,75.65255,111.47068,100.965546,99.90992,0.13744465,0.5257146,0.12425935,0.09798357,0.5134978
70813,0.061531235,-0.565631,0.43204534,0.133344,-0.42462,0.94554305,1.076676,-0.173391,1.6070037,-0.20059401,75.65255,111.47068,100.965546,99.90992,0.13744465,0.5257146,0.12425935,0.09798357,0.5134978
70819,0.061531235,-0.565631,0.43204534,0.133344,-0.42462,0.94554305,1.076676,-0.173391,1.6070037,-0.20059401,75.65255,111.47068,100.965546,99.90992,0.13744465,0.5257146,0.12425935,0.09798357,0.5134978
70822,0.061531235,-0.565631,0.43204534,0.133344,-0.42462,0.94554305,1.076676,-0.173391,1.6070037,-0.20059401,75.65255,111.47068,100.965546,99.90992,0.13744465,0.5257146,0.12425935,0.09798357,0.5134978
70825,0.061531235,-0.565631,0.43204534,0.133344,-0.42462,0.94554305,1.076676,-0.173391,1.6070037,-0.20059401,75.65255,111.47068,100.965546,99.90992,0.13744465,0.5257146,0.12425935,0.09798357,0.5134978
70830,0.061531235,-0.565631,0.43204534,0.133344,-0.42462,0.94554305,1.076676,-0.173391,1.6070037,-0.20059401,75.65255,111.47068,100.965546,99.90992,0.13744465,0.5257146,0.12425935,0.09798357,0.5134978
70834,0.061531235,-0.565631,0.43204534,0.133344,-0.42462,0.94554305,1.076676,-0.173391,1.6070037,-0.20059401,75.65255,111.47068,100.965546,99.90992,0.13744465,0.5257146,0.12425935,0.09798357,0.5134978
70839,0.061531235,-0.565631,0.43204534,0.133344,-0.42462,0.94554305,1.076676,-0.173391,1.6070037,-0.20059401,75.65255,111.47068,100.965546,99.90992,0.13744465,0.5257146,0.12425935,0.09798357,0.5134978
70842,0.061531235,-0.565631,0.43204534,0.133344,-0.42462,0.94554305,1.076676,-0.173391,1.6070037,-0.20059401,75.65255,111.47068,100.965546,99.90992,0.13744465,0.5257146,0.12425935,0.09798357,0.5134978
70845,0.061531235,-0.565631,0.43204534,0.133344,-0.42462,0.94554305,1.076676,-0.173391,1.6070037,-0.20059401,75.65255,111.47068,100.965546,99.90992,0.13744465,0.5257146,0.12425935,0.09798357,0.5134978
70853,0.061531235,-0.565631,0.43204534,0.133344,-0.42462,0.94554305,1.076676,-0.173391,1.6070037,-0.20059401,75.65255,111.47068,100.965546,99.90992,0.13744465,0.5257146,0.12425935,0.09798357,0.5134978
70857,0.061531235,-0.565631,0.43204534,0.133344,-0.42462,0.94554305,1.076676,-0.173391,1.6070037,-0.20059401,75.65255,111.47068,100.965546,99.90992,0.13744465,0.5257146,0.12425935,0.09798357,0.5134978
70862,0.061531235,-0.565631,0.43204534,0.133344,-0.42462,0.94554305,1.076676,-0.173391,1.6070037,-0.20059401,75.65255,111.47068,100.965546,99.90992,0.13744465,0.5257146,0.12425935,0.09798357,0.5134978
70865,0.061531235,-0.565631,0.43204534,0.133344,-0.42462,0.94554305,1.076676,-0.173391,1.6070037,-0.20059401,75.65255,111.47068,100.965546,99.90992,0.13744465,0.5257146,0.12425935,0.09798357,0.5134978
70900,0.065658435,-0.54271805,-0.0093021095,0.232485,-0.135868,1.6554,1.032777,3.043202,0.3547832,1.2468106,-7.331412,86.93333,18.89328,25.45462,0.42969376,1,0.16303483,0.40838423,1.6647022
70950,NaN,NaN,NaN,0.224306,-0.084267,1.7983038,1.040273,2.965572,1.1812091,12.339238,NaN,NaN,41.357944,106.29318,NaN,NaN,NaN,NaN,NaN
71000,NaN,NaN,NaN,0.209041,-0.033614,1.9250572,1.051868,2.723463,0.6861128,9.234364,NaN,NaN,18.584131,67.17997,NaN,NaN,NaN,NaN,NaN
71050,NaN,NaN,NaN,0.187761,0.015609,2.027807,1.065895,2.320224,0.34514856,5.21984,NaN,NaN,7.8370824,35.306488,NaN,NaN,NaN,NaN,NaN
71100,NaN,NaN,NaN,0.187761,0.015609,2.027807,1.065895,2.320224,0.16593525,2.5112822,NaN,NaN,3.7631419,16.978764,NaN,NaN,NaN,NaN,NaN
71150,NaN,NaN,NaN,0.13338,0.109942,2.1353781,1.090498,1.089495,0.06997628,1.0590285,NaN,NaN,1.5869483,7.1600857,NaN,NaN,NaN,NaN,NaN
71200,NaN,NaN,NaN,0.104063,0.156062,2.1320279,1.094497,0.329917,0.029509578,0.44660115,NaN,NaN,0.6692293,3.0194678,NaN,NaN,NaN,NaN,NaN
71251,NaN,NaN,NaN,0.076045,0.202484,2.089002,1.09006,-0.465941,0.012444436,0.18833543,NaN,NaN,0.2822196,1.2733347,NaN,NaN,NaN,NaN,NaN
71300,NaN,NaN,NaN,0.05131,0.249887,2.0082877,1.077868,-1.248523,0.005247922,0.079422615,NaN,NaN,0.11901436,0.53697586,NaN,NaN,NaN,NaN,NaN
71350,NaN,NaN,NaN,0.05131,0.249887,2.0082877,1.077868,-1.248523,0.0022130928,0.033493184,NaN,NaN,0.05018935,0.22644722,NaN,NaN,NaN,NaN,NaN
71400,NaN,NaN,NaN,0.018538,0.348764,1.75475,1.04389,-2.561305,0.0009332796,0.0141243525,NaN,NaN,0.021165267,0.09549467,NaN,NaN,NaN,NaN,NaN
71450,NaN,NaN,NaN,0.013102,0.399712,1.5968783,1.030265,-3.003799,0.00039357174,0.0059563573,NaN,NaN,0.008925569,0.0402709,NaN,NaN,NaN,NaN,NaN
71500,NaN,NaN,NaN,0.016029,0.450623,1.428705,1.022383,-3.284959,0.0001659725,0.0025118457,NaN,NaN,0.003763987,0.016982574,NaN,NaN,NaN,NaN,NaN
71550,NaN,NaN,NaN,0.027572,0.500393,1.2572439,1.020994,-3.418961,0.00006999198,0.0010592662,NaN,NaN,0.0015873048,0.0071616927,NaN,NaN,NaN,NaN,NaN
71600,NaN,NaN,NaN,0.027572,0.500393,1.2572439,1.020994,-3.418961,0.000029516203,0.00044670136,NaN,NaN,0.00066937966,0.0030201455,NaN,NaN,NaN,NaN,NaN
71650,NaN,NaN,NaN,0.075404,0.592203,0.93299985,1.03865,-3.269751,0.000012447227,0.00018837767,NaN,NaN,0.000282283,0.0012736204,NaN,NaN,NaN,NaN,NaN
71700,NaN,NaN,NaN,0.110172,0.632784,0.796304,1.057813,-2.959354,0.000005249099,0.00007944042,NaN,NaN,0.0001190411,0.0005370963,NaN,NaN,NaN,NaN,NaN
71750,NaN,NaN,NaN,0.150598,0.66962,0.68722296,1.081893,-2.481776,0.000002213589,0.00003350069,NaN,NaN,0.000050200622,0.000226498,NaN,NaN,NaN,NaN,NaN
71800,NaN,NaN,NaN,0.195155,0.703245,0.6119671,1.106498,-1.860729,0.00000093348893,0.000014127521,NaN,NaN,0.000021170019,0.000095516094,NaN,NaN,NaN,NaN,NaN
71850,NaN,NaN,NaN,0.242105,0.734684,0.57485104,1.125396,-1.135408,0.00000039366006,0.0000059576923,NaN,NaN,0.000008927573,0.00004027993,NaN,NaN,NaN,NaN,NaN
71900,NaN,NaN,NaN,0.289553,0.765321,0.57888913,1.132471,-0.339417,0.00000016600971,0.0000025124086,NaN,NaN,0.000003764832,0.000016986382,NaN,NaN,NaN,NaN,NaN
71951,NaN,NaN,NaN,0.335534,0.796701,0.62639594,1.124039,0.508726,0.00000007000767,0.0000010595036,NaN,NaN,0.000001587661,0.000007163298,NaN,NaN,NaN,NaN,NaN
72000,NaN,NaN,NaN,0.378083,0.830313,0.7187021,1.100715,1.396587,0.000000029522818,0.00000044680147,NaN,NaN,0.00000066952987,0.0000030208223,NaN,NaN,NaN,NaN,NaN
72050,NaN,NaN,NaN,0.415338,0.867372,0.854347,1.068188,2.291904,0.000000012450017,0.00000018841988,NaN,NaN,0.00000028234632,0.0000012739058,NaN,NaN,NaN,NaN,NaN
72100,NaN,NaN,NaN,0.445633,0.908631,1.0261419,1.03639,3.110491,0.000000005250276,0.000000079458225,NaN,NaN,0.0000001190678,0.0000005372167,NaN,NaN,NaN,NaN,NaN
72150,NaN,NaN,NaN,0.467611,0.954262,1.219969,1.016505,3.713054,0.0000000022140851,0.000000033508194,NaN,NaN,0.000000050211884,0.00000022654875,NaN,NaN,NaN,NaN,NaN
72200,NaN,NaN,NaN,0.480304,1.003773,1.4185688,1.016037,3.979581,0.0000000009336982,0.000000014130685,NaN,NaN,0.00000002117477,0.0000000955375,NaN,NaN,NaN,NaN,NaN
72250,NaN,NaN,NaN,0.483215,1.056032,1.6088278,1.034469,3.919244,0.0000000003937483,0.0000000059590284,NaN,NaN,0.000000008929577,0.00000004028896,NaN,NaN,NaN,NaN,NaN
72300,NaN,NaN,NaN,0.476353,1.109339,1.7859719,1.062898,3.675608,0.00000000016604694,0.0000000025129714,NaN,NaN,0.0000000037656767,0.000000016990189,NaN,NaN,NaN,NaN,NaN
72350,NaN,NaN,NaN,0.460243,1.161556,1.9526522,1.08797,3.419933,0.00000000007002337,0.000000001059741,NaN,NaN,0.0000000015880172,0.0000000071649042,NaN,NaN,NaN,NaN,NaN
72400,NaN,NaN,NaN,0.43588,1.210326,2.1161263,1.096998,3.272406,0.00000000002952944,0.0000000004469016,NaN,NaN,0.0000000006696801,0.0000000030214997,NaN,NaN,NaN,NaN,NaN
72451,NaN,NaN,NaN,0.40465,1.253267,2.2861578,1.081742,3.299626,0.000000000012452811,0.00000000018846215,NaN,NaN,0.00000000028240965,0.0000000012741916,NaN,NaN,NaN,NaN,NaN
72500,NaN,NaN,NaN,0.368229,1.288198,2.473748,1.040438,3.538587,0.000000000005251454,0.00000000007947604,NaN,NaN,0.00000000011909451,0.0000000005373372,NaN,NaN,NaN,NaN,NaN
72550,NaN,NaN,NaN,0.328428,1.313378,2.6892807,0.978627,4.001602,0.0000000000022145818,0.000000000033515708,NaN,NaN,0.00000000005022315,0.00000000022659956,NaN,NaN,NaN,NaN,NaN
72600,NaN,NaN,NaN,0.287075,1.327651,2.937177,0.908898,4.637468,0.0000000000009339076,0.000000000014133851,NaN,NaN,0.00000000002117952,0.000000000095558915,NaN,NaN,NaN,NaN,NaN
72650,NaN,NaN,NaN,0.245865,1.330585,-3.075433,0.848667,5.248053,0.00000000000039383663,0.000000000005960364,NaN,NaN,0.00000000000893158,0.000000000040297994,NaN,NaN,NaN,NaN,NaN
72700,NaN,NaN,NaN,0.245865,1.330585,-3.075433,0.848667,5.248053,0.0000000000001660842,0.0000000000025135354,NaN,NaN,0.000000000003766522,0.000000000016994002,NaN,NaN,NaN,NaN,NaN
72750,NaN,NaN,NaN,0.169422,1.304445,-2.5716612,0.812444,5.112545,0.000000000000070039094,0.0000000000010599788,NaN,NaN,0.0000000000015883737,0.0000000000071665126,NaN,NaN,NaN,NaN,NaN
72800,NaN,NaN,NaN,0.136178,1.278098,-2.379966,0.834896,4.296208,0.00000000000002953607,0.0000000000004470019,NaN,NaN,0.00000000000066983046,0.000000000003022178,NaN,NaN,NaN,NaN,NaN
72850,NaN,NaN,NaN,0.106997,1.245586,-2.231755,0.864024,3.379017,0.000000000000012455605,0.0000000000001885044,NaN,NaN,0.00000000000028247307,0.0000000000012744775,NaN,NaN,NaN,NaN,NaN
72900,NaN,NaN,NaN,0.082056,1.209304,-2.1194537,0.881852,2.57648,0.000000000000005252632,0.00000000000007949388,NaN,NaN,0.00000000000011912125,0.0000000000005374578,NaN,NaN,NaN,NaN,NaN
72950,NaN,NaN,NaN,0.082056,1.209304,-2.1194537,0.881852,2.57648,0.0000000000000022150788,0.000000000000033523226,NaN,NaN,0.000000000000050234427,0.00000000000022665042,NaN,NaN,NaN,NaN,NaN
73000,NaN,NaN,NaN,0.044375,1.134946,-1.9712379,0.839396,1.462731,0.0000000000000009341171,0.000000000000014137024,NaN,NaN,0.000000000000021184279,0.00000000000009558036,NaN,NaN,NaN,NaN,NaN
73050,NaN,NaN,NaN,0.031,1.101064,-1.92365,0.77295,1.097803,0.00000000000000039392498,0.000000000000005961701,NaN,NaN,0.000000000000008933587,0.000000000000040307035,NaN,NaN,NaN,NaN,NaN
73100,NaN,NaN,NaN,0.020702,1.071468,-1.8883998,0.680839,0.818213,0.00000000000000016612144,0.0000000000000025140986,NaN,NaN,0.000000000000003767368,0.000000000000016997812,NaN,NaN,NaN,NaN,NaN
73150,NaN,NaN,NaN,0.013037,1.047088,-1.8628132,0.570633,0.600874,0.000000000000000070054806,0.0000000000000010602165,NaN,NaN,0.0000000000000015887305,0.00000000000000716812,NaN,NaN,NaN,NaN,NaN
73200,NaN,NaN,NaN,0.013037,1.047088,-1.8628132,0.570633,0.600874,0.000000000000000029542696,0.0000000000000004471022,NaN,NaN,0.00000000000000066998083,0.000000000000003022856,NaN,NaN,NaN,NaN,NaN
73250,NaN,NaN,NaN,0.003901,1.014922,-1.8328831,0.332751,0.294373,0.000000000000000012458403,0.00000000000000018854674,NaN,NaN,0.0000000000000002825365,0.0000000000000012747637,NaN,NaN,NaN,NaN,NaN
73300,NaN,NaN,NaN,0.001663,1.006456,-1.8256247,0.223227,0.187888,0.0000000000000000052538124,0.00000000000000007951174,NaN,NaN,0.000000000000000119148,0.0000000000000005375785,NaN,NaN,NaN,NaN,NaN
73350,NaN,NaN,NaN,0.000499,1.001951,-1.8218567,0.130292,0.106338,0.0000000000000000022155766,0.000000000000000033530765,NaN,NaN,0.000000000000000050245697,0.00000000000000022670135,NaN,NaN,NaN,NaN,NaN
73400,NaN,NaN,NaN,0.000061,1.00024,-1.8204429,0.059594,0.047859,0.0000000000000000009343271,0.000000000000000014140204,NaN,NaN,0.000000000000000021189029,0.00000000000000009560185,NaN,NaN,NaN,NaN,NaN
73450,NaN,NaN,NaN,0.000061,1.00024,-1.8204429,0.059594,0.047859,0.00000000000000000039401353,0.0000000000000000059630425,NaN,NaN,0.00000000000000000893559,0.000000000000000040316098,NaN,NaN,NaN,NaN,NaN
73500,NaN,NaN,NaN,0,1,-1.820245,0.015251,0.012174,0.0000000000000000001661588,0.0000000000000000025146646,NaN,NaN,0.0000000000000000037682126,0.000000000000000017001635,NaN,NaN,NaN,NaN,NaN
