ts,x,y,yaw,x_des,y_des,yaw_des,v_ff,w_ff,v_actual,w_actual,omega_l_cmd,omega_r_cmd,omega_l_meas,omega_r_meas,duty_l,duty_r,x_err,y_err,yaw_err
88382,0.016414126,-0.9643464,2.4196014,0.006862,-0.856819,2.005006,1.044701,-3.781378,1.2572433,-3.7786825,106.22889,57.3005,88.520355,68.63504,0.419866,0.17964688,0.07823154,-0.07438561,-0.41459563
88387,0.016414126,-0.9643464,2.4196014,0.006862,-0.856819,2.005006,1.044701,-3.781378,1.2572433,-3.7786825,106.22889,57.3005,88.520355,68.63504,0.419866,0.17964688,0.07823154,-0.07438561,-0.41459563
88392,0.016414126,-0.9643464,2.4196014,0.006862,-0.856819,2.005006,1.044701,-3.781378,1.2572433,-3.7786825,106.22889,57.3005,88.520355,68.63504,0.419866,0.17964688,0.07823154,-0.07438561,-0.41459563
88395,0.016414126,-0.9643464,2.4196014,0.006862,-0.856819,2.005006,1.044701,-3.781378,1.2572433,-3.7786825,106.22889,57.3005,88.520355,68.63504,0.419866,0.17964688,0.07823154,-0.07438561,-0.41459563
88398,0.016414126,-0.9643464,2.4196014,0.006862,-0.856819,2.005006,1.044701,-3.781378,1.2572433,-3.7786825,106.22889,57.3005,88.520355,68.63504,0.419866,0.17964688,0.07823154,-0.07438561,-0.41459563
88404,0.016414126,-0.9643464,2.4196014,0.006862,-0.856819,2.005006,1.044701,-3.781378,1.2572433,-3.7786825,106.22889,57.3005,88.520355,68.63504,0.419866,0.17964688,0.07823154,-0.07438561,-0.41459563
88407,0.016414126,-0.9643464,2.4196014,0.006862,-0.856819,2.005006,1.044701,-3.781378,1.2572433,-3.7786825,106.22889,57.3005,88.520355,68.63504,0.419866,0.17964688,0.07823154,-0.07438561,-0.41459563
88411,0.016414126,-0.9643464,2.4196014,0.006862,-0.856819,2.005006,1.044701,-3.781378,1.2572433,-3.7786825,106.22889,57.3005,88.520355,68.63504,0.419866,0.17964688,0.07823154,-0.07438561,-0.41459563
88414,0.016414126,-0.9643464,2.4196014,0.006862,-0.856819,2.005006,1.044701,-3.781378,1.2572433,-3.7786825,106.22889,57.3005,88.520355,68.63504,0.419866,0.17964688,0.07823154,-0.07438561,-0.41459563
88417,0.016414126,-0.9643464,2.4196014,0.006862,-0.856819,2.005006,1.044701,-3.781378,1.2572433,-3.7786825,106.22889,57.3005,88.520355,68.63504,0.419866,0.17964688,0.07823154,-0.07438561,-0.41459563
88422,0.016414126,-0.9643464,2.4196014,0.006862,-0.856819,2.005006,1.044701,-3.781378,1.2572433,-3.7786825,106.22889,57.3005,88.520355,68.63504,0.419866,0.17964688,0.07823154,-0.07438561,-0.41459563
88426,0.016414126,-0.9643464,2.4196014,0.006862,-0.856819,2.005006,1.044701,-3.781378,1.2572433,-3.7786825,106.22889,57.3005,88.520355,68.63504,0.419866,0.17964688,0.07823154,-0.07438561,-0.41459563
88429,0.016414126,-0.9643464,2.4196014,0.006862,-0.856819,2.005006,1.044701,-3.781378,1.2572433,-3.7786825,106.22889,57.3005,88.520355,68.63504,0.419866,0.17964688,0.07823154,-0.07438561,-0.41459563
88435,0.016414126,-0.9643464,2.4196014,0.006862,-0.856819,2.005006,1.044701,-3.781378,1.2572433,-3.7786825,106.22889,57.3005,88.520355,68.63504,0.419866,0.17964688,0.07823154,-0.07438561,-0.41459563
88438,0.016414126,-0.9643464,2.4196014,0.006862,-0.856819,2.005006,1.044701,-3.781378,1.2572433,-3.7786825,106.22889,57.3005,88.520355,68.63504,0.419866,0.17964688,0.07823154,-0.07438561,-0.41459563
88443,0.016414126,-0.9643464,2.4196014,0.006862,-0.856819,2.005006,1.044701,-3.781378,1.2572433,-3.7786825,106.22889,57.3005,88.520355,68.63504,0.419866,0.17964688,0.07823154,-0.07438561,-0.41459563
88446,0.016414126,-0.9643464,2.4196014,0.006862,-0.856819,2.005006,1.044701,-3.781378,1.2572433,-3.7786825,106.22889,57.3005,88.520355,68.63504,0.419866,0.17964688,0.07823154,-0.07438561,-0.41459563
88450,0.016414126,-0.9643464,2.4196014,0.006862,-0.856819,2.005006,1.044701,-3.781378,1.2572433,-3.7786825,106.22889,57.3005,88.520355,68.63504,0.419866,0.17964688,0.07823154,-0.07438561,-0.41459563
88455,0.016414126,-0.9643464,2.4196014,0.006862,-0.856819,2.005006,1.044701,-3.781378,1.2572433,-3.7786825,106.22889,57.3005,88.520355,68.63504,0.419866,0.17964688,0.07823154,-0.07438561,-0.41459563
88458,0.016414126,-0.9643464,2.4196014,0.006862,-0.856819,2.005006,1.044701,-3.781378,1.2572433,-3.7786825,106.22889,57.3005,88.520355,68.63504,0.419866,0.17964688,0.07823154,-0.07438561,-0.41459563
88466,0.016414126,-0.9643464,2.4196014,0.006862,-0.856819,2.005006,1.044701,-3.781378,1.2572433,-3.7786825,106.22889,57.3005,88.520355,68.63504,0.419866,0.17964688,0.07823154,-0.07438561,-0.41459563
88469,0.016414126,-0.9643464,2.4196014,0.006862,-0.856819,2.005006,1.044701,-3.781378,1.2572433,-3.7786825,106.22889,57.3005,88.520355,68.63504,0.419866,0.17964688,0.07823154,-0.07438561,-0.41459563
88472,0.016414126,-0.9643464,2.4196014,0.006862,-0.856819,2.005006,1.044701,-3.781378,1.2572433,-3.7786825,106.22889,57.3005,88.520355,68.63504,0.419866,0.17964688,0.07823154,-0.07438561,-0.41459563
88478,0.016414126,-0.9643464,2.4196014,0.006862,-0.856819,2.005006,1.044701,-3.781378,1.2572433,-3.7786825,106.22889,57.3005,88.520355,68.63504,0.419866,0.17964688,0.07823154,-0.07438561,-0.41459563
88481,0.016414126,-0.9643464,2.4196014,0.006862,-0.856819,2.005006,1.044701,-3.781378,1.2572433,-3.7786825,106.22889,57.3005,88.520355,68.63504,0.419866,0.17964688,0.07823154,-0.07438561,-0.41459563
88484,0.016414126,-0.9643464,2.4196014,0.006862,-0.856819,2.005006,1.044701,-3.781378,1.2572433,-3.7786825,106.22889,57.3005,88.520355,68.63504,0.419866,0.17964688,0.07823154,-0.07438561,-0.41459563
88489,0.016414126,-0.9643464,2.4196014,0.006862,-0.856819,2.005006,1.044701,-3.781378,1.2572433,-3.7786825,106.22889,57.3005,88.520355,68.63504,0.419866,0.17964688,0.07823154,-0.07438561,-0.41459563
88493,0.016414126,-0.9643464,2.4196014,0.006862,-0.856819,2.005006,1.044701,-3.781378,1.2572433,-3.7786825,106.22889,57.3005,88.520355,68.63504,0.419866,0.17964688,0.07823154,-0.07438561,-0.41459563
88498,0.016414126,-0.9643464,2.4196014,0.006862,-0.856819,2.005006,1.044701,-3.781378,1.2572433,-3.7786825,106.22889,57.3005,88.520355,68.63504,0.419866,0.17964688,0.07823154,-0.07438561,-0.41459563
88501,0.016414126,-0.9643464,2.4196014,0.006862,-0.856819,2.005006,1.044701,-3.781378,1.2572433,-3.7786825,106.22889,57.3005,88.520355,68.63504,0.419866,0.17964688,0.07823154,-0.07438561,-0.41459563
88505,0.016414126,-0.9643464,2.4196014,0.006862,-0.856819,2.005006,1.044701,-3.781378,1.2572433,-3.7786825,106.22889,57.3005,88.520355,68.63504,0.419866,0.17964688,0.07823154,-0.07438561,-0.41459563
88510,0.016414126,-0.9643464,2.4196014,0.006862,-0.856819,2.005006,1.044701,-3.781378,1.2572433,-3.7786825,106.22889,57.3005,88.520355,68.63504,0.419866,0.17964688,0.07823154,-0.07438561,-0.41459563
88513,0.016414126,-0.9643464,2.4196014,0.006862,-0.856819,2.005006,1.044701,-3.781378,1.2572433,-3.7786825,106.22889,57.3005,88.520355,68.63504,0.419866,0.17964688,0.07823154,-0.07438561,-0.41459563
88519,0.016414126,-0.9643464,2.4196014,0.006862,-0.856819,2.005006,1.044701,-3.781378,1.2572433,-3.7786825,106.22889,57.3005,88.520355,68.63504,0.419866,0.17964688,0.07823154,-0.07438561,-0.41459563
88522,0.016414126,-0.9643464,2.4196014,0.006862,-0.856819,2.005006,1.044701,-3.781378,1.2572433,-3.7786825,106.22889,57.3005,88.520355,68.63504,0.419866,0.17964688,0.07823154,-0.07438561,-0.41459563
88525,0.016414126,-0.9643464,2.4196014,0.006862,-0.856819,2.005006,1.044701,-3.781378,1.2572433,-3.7786825,106.22889,57.3005,88.520355,68.63504,0.419866,0.17964688,0.07823154,-0.07438561,-0.41459563
88531,0.016414126,-0.9643464,2.4196014,0.006862,-0.856819,2.005006,1.044701,-3.781378,1.2572433,-3.7786825,106.22889,57.3005,88.520355,68.63504,0.419866,0.17964688,0.07823154,-0.07438561,-0.41459563
88534,0.016414126,-0.9643464,2.4196014,0.006862,-0.856819,2.005006,1.044701,-3.781378,1.2572433,-3.7786825,106.22889,57.3005,88.520355,68.63504,0.419866,0.17964688,0.07823154,-0.07438561,-0.41459563
88539,0.016414126,-0.9643464,2.4196014,0.006862,-0.856819,2.005006,1.044701,-3.781378,1.2572433,-3.7786825,106.22889,57.3005,88.520355,68.63504,0.419866,0.17964688,0.07823154,-0.07438561,-0.41459563
88542,0.016414126,-0.9643464,2.4196014,0.006862,-0.856819,2.005006,1.044701,-3.781378,1.2572433,-3.7786825,106.22889,57.3005,88.520355,68.63504,0.419866,0.17964688,0.07823154,-0.07438561,-0.41459563
88546,0.016414126,-0.9643464,2.4196014,0.006862,-0.856819,2.005006,1.044701,-3.781378,1.2572433,-3.7786825,106.22889,57.3005,88.520355,68.63504,0.419866,0.17964688,0.07823154,-0.07438561,-0.41459563
88551,0.016414126,-0.9643464,2.4196014,0.006862,-0.856819,2.005006,1.044701,-3.781378,1.2572433,-3.7786825,106.22889,57.3005,88.520355,68.63504,0.419866,0.17964688,0.07823154,-0.07438561,-0.41459563
88554,0.016414126,-0.9643464,2.4196014,0.006862,-0.856819,2.005006,1.044701,-3.781378,1.2572433,-3.7786825,106.22889,57.3005,88.520355,68.63504,0.419866,0.17964688,0.07823154,-0.07438561,-0.41459563
88557,0.016414126,-0.9643464,2.4196014,0.006862,-0.856819,2.005006,1.044701,-3.781378,1.2572433,-3.7786825,106.22889,57.3005,88.520355,68.63504,0.419866,0.17964688,0.07823154,-0.07438561,-0.41459563
88562,0.016414126,-0.9643464,2.4196014,0.006862,-0.856819,2.005006,1.044701,-3.781378,1.2572433,-3.7786825,106.22889,57.3005,88.520355,68.63504,0.419866,0.17964688,0.07823154,-0.07438561,-0.41459563
88566,0.016414126,-0.9643464,2.4196014,0.006862,-0.856819,2.005006,1.044701,-3.781378,1.2572433,-3.7786825,106.22889,57.3005,88.520355,68.63504,0.419866,0.17964688,0.07823154,-0.07438561,-0.41459563
88571,0.016414126,-0.9643464,2.4196014,0.006862,-0.856819,2.005006,1.044701,-3.781378,1.2572433,-3.7786825,106.22889,57.3005,88.520355,68.63504,0.419866,0.17964688,0.07823154,-0.07438561,-0.41459563
88574,0.016414126,-0.9643464,2.4196014,0.006862,-0.856819,2.005006,1.044701,-3.781378,1.2572433,-3.7786825,106.22889,57.3005,88.520355,68.63504,0.419866,0.17964688,0.07823154,-0.07438561,-0.41459563
88578,0.016414126,-0.9643464,2.4196014,0.006862,-0.856819,2.005006,1.044701,-3.781378,1.2572433,-3.7786825,106.22889,57.3005,88.520355,68.63504,0.419866,0.17964688,0.07823154,-0.07438561,-0.41459563
88583,0.016414126,-0.9643464,2.4196014,0.006862,-0.856819,2.005006,1.044701,-3.781378,1.2572433,-3.7786825,106.22889,57.3005,88.520355,68.63504,0.419866,0.17964688,0.07823154,-0.07438561,-0.41459563
88586,0.016414126,-0.9643464,2.4196014,0.006862,-0.856819,2.005006,1.044701,-3.781378,1.2572433,-3.7786825,106.22889,57.3005,88.520355,68.63504,0.419866,0.17964688,0.07823154,-0.07438561,-0.41459563
88592,0.016414126,-0.9643464,2.4196014,0.006862,-0.856819,2.005006,1.044701,-3.781378,1.2572433,-3.7786825,106.22889,57.3005,88.520355,68.63504,0.419866,0.17964688,0.07823154,-0.07438561,-0.41459563
88595,0.016414126,-0.9643464,2.4196014,0.006862,-0.856819,2.005006,1.044701,-3.781378,1.2572433,-3.7786825,106.22889,57.3005,88.520355,68.63504,0.419866,0.17964688,0.07823154,-0.07438561,-0.41459563
88598,0.016414126,-0.9643464,2.4196014,0.006862,-0.856819,2.005006,1.044701,-3.781378,1.2572433,-3.7786825,106.22889,57.3005,88.520355,68.63504,0.419866,0.17964688,0.07823154,-0.07438561,-0.41459563
88604,0.016414126,-0.9643464,2.4196014,0.006862,-0.856819,2.005006,1.044701,-3.781378,1.2572433,-3.7786825,106.22889,57.3005,88.520355,68.63504,0.419866,0.17964688,0.07823154,-0.07438561,-0.41459563
88607,0.016414126,-0.9643464,2.4196014,0.006862,-0.856819,2.005006,1.044701,-3.781378,1.2572433,-3.7786825,106.22889,57.3005,88.520355,68.63504,0.419866,0.17964688,0.07823154,-0.07438561,-0.41459563
88612,0.016414126,-0.9643464,2.4196014,0.006862,-0.856819,2.005006,1.044701,-3.781378,1.2572433,-3.7786825,106.22889,57.3005,88.520355,68.63504,0.419866,0.17964688,0.07823154,-0.07438561,-0.41459563
88616,0.016414126,-0.9643464,2.4196014,0.006862,-0.856819,2.005006,1.044701,-3.781378,1.2572433,-3.7786825,106.22889,57.3005,88.520355,68.63504,0.419866,0.17964688,0.07823154,-0.07438561,-0.41459563
88619,0.016414126,-0.9643464,2.4196014,0.006862,-0.856819,2.005006,1.044701,-3.781378,1.2572433,-3.7786825,106.22889,57.3005,88.520355,68.63504,0.419866,0.17964688,0.07823154,-0.07438561,-0.41459563
88624,0.016414126,-0.9643464,2.4196014,0.006862,-0.856819,2.005006,1.044701,-3.781378,1.2572433,-3.7786825,106.22889,57.3005,88.520355,68.63504,0.419866,0.17964688,0.07823154,-0.07438561,-0.41459563
88627,0.016414126,-0.9643464,2.4196014,0.006862,-0.856819,2.005006,1.044701,-3.781378,1.2572433,-3.7786825,106.22889,57.3005,88.520355,68.63504,0.419866,0.17964688,0.07823154,-0.07438561,-0.41459563
88630,0.016414126,-0.9643464,2.4196014,0.006862,-0.856819,2.005006,1.044701,-3.781378,1.2572433,-3.7786825,106.22889,57.3005,88.520355,68.63504,0.419866,0.17964688,0.07823154,-0.07438561,-0.41459563
88636,0.016414126,-0.9643464,2.4196014,0.006862,-0.856819,2.005006,1.044701,-3.781378,1.2572433,-3.7786825,106.22889,57.3005,88.520355,68.63504,0.419866,0.17964688,0.07823154,-0.07438561,-0.41459563
88639,0.016414126,-0.9643464,2.4196014,0.006862,-0.856819,2.005006,1.044701,-3.781378,1.2572433,-3.7786825,106.22889,57.3005,88.520355,68.63504,0.419866,0.17964688,0.07823154,-0.07438561,-0.41459563
88644,0.016414126,-0.9643464,2.4196014,0.006862,-0.856819,2.005006,1.044701,-3.781378,1.2572433,-3.7786825,106.22889,57.3005,88.520355,68.63504,0.419866,0.17964688,0.07823154,-0.07438561,-0.41459563
88683,0.003666657,-0.95787907,2.4822135,0.040563,-0.556635,1.0335691,1.067865,-2.454869,0.5368628,-2.6865132,114.71897,23.411865,40.622814,26.485039,1,0.49568647,0.21665086,-0.33973595,-1.4486442
88732,-0.053126417,-0.71955407,-1.0726589,0.06989,-0.511473,0.9627011,1.075036,-1.796908,1.2219728,-15.317542,-94.1233,-35.843067,116.67758,36.06902,-1,-0.24892306,-0.124017745,0.20748582,2.0353599
88783,-0.03502497,-0.7158117,-1.9968338,0.101501,-0.467811,0.9326532,1.078588,-1.02129,0.12084267,-12.471344,-150.13885,-140.43086,40.36789,-25.262556,-1,-0.78129387,-0.2822536,0.021831706,2.9294872
88833,-0.017886404,-0.7034785,-2.5405674,0.133344,-0.42462,0.94554305,1.076676,-0.173391,-1.2209527,-1.2964185,-128.3746,-157.16238,-72.89834,-79.72074,-0.19927362,-0.49004868,-0.2824194,-0.14447133,-2.7970746
88882,0.008396532,-0.69847155,-3.0819988,0.163408,-0.380799,1.000201,1.068803,0.68514,-1.0178229,-6.012049,-57.548668,-118.86338,-47.79472,-79.43313,0.23578736,-0.16415696,-0.17365634,-0.3078764,-2.2009854
88932,0.039426006,-0.6976661,2.6356308,0.189838,-0.335442,1.0919921,1.056741,1.485642,-0.3232965,-9.8515,50.11149,-21.783123,5.715728,-46.12779,0.80265373,0.4771559,0.04398486,-0.3897376,-1.5436387
88983,0.057549816,-0.6922926,2.0902297,0.211024,-0.288048,1.2131588,1.044069,2.159765,0.8393117,-12.604254,144.16289,93.82754,85.621925,19.292038,0.995347,1,0.27474213,-0.33389333,-0.8770709
89033,0.070587024,-0.6753999,1.6955206,0.225693,-0.238617,1.3539932,1.034566,2.653946,1.9855187,-9.216303,184.74883,170.03113,148.3453,99.84451,0.8229465,1,0.41409463,-0.20823742,-0.34152746
89082,0.08453112,-0.64863265,1.3337966,0.23298,-0.187622,1.504483,1.030627,2.945649,2.5589914,-3.2446089,186.6241,212.00722,168.47433,151.39958,0.6649818,1,0.4829778,-0.036059894,0.17068624
89133,0.1009466,-0.6153992,1.0078886,0.232485,-0.135868,1.6554,1.032777,3.043202,2.6172545,3.4420815,155.24792,215.3209,154.52142,172.63538,0.50159883,0.91152096,0.475738,0.14465773,0.6475115
89182,0.12669826,-0.5722658,0.6773408,0.224306,-0.084267,1.7983038,1.040273,2.965572,2.3829224,10.609943,93.05703,178.30264,121.01524,176.85007,0.19756427,0.5175481,0.38190016,0.3190962,1.1209631
89233,0.16520357,-0.5346101,0.33722383,0.209041,-0.033614,1.9250572,1.051868,2.723463,1.673709,10.376864,9.1516485,105.120224,77.30269,131.91093,-0.25884545,0.21813679,0.2071322,0.458274,1.5878334
89283,0.20778558,-0.5075286,0.39192793,0.187761,0.015609,2.027807,1.065895,2.320224,1.0541992,12.659188,-1.2911446,94.61672,32.577965,99.19694,0.039405406,0.4329338,0.18131712,0.49111918,1.635879
89333,0.24253091,-0.48934403,0.7977753,0.161942,0.063344,2.099642,1.079876,1.766474,1.1726766,12.84493,68.28962,158.45511,39.494057,107.0905,0.6774533,1,0.33934116,0.4436284,1.3018668
89382,0.27109313,-0.45897365,1.4341755,0.13338,0.109942,2.1353781,1.090498,1.089495,1.9461783,9.657844,176.55411,234.08046,96.22394,147.04834,1,1,0.54485846,0.21391395,0.70120233
89432,0.29224706,-0.41953582,2.0347724,0.104063,0.156062,2.1320279,1.094497,0.329917,2.6656175,1.4196575,233.85928,239.22102,162.86562,170.33656,1,1,0.59895957,-0.08929482,0.097255714
89482,0.29742515,-0.3743508,2.7176304,0.076045,0.202484,2.089002,1.09006,-0.465941,3.0033228,-5.358333,207.54121,149.64874,201.8068,173.60857,0.6230385,0.4429847,0.4390759,-0.43469518,-0.62862873
89532,0.29436776,-0.3379987,-2.8812206,0.05131,0.249887,2.0082877,1.077868,-1.248523,2.087959,-10.989243,82.87762,-12.158322,159.41287,101.581985,-0.24992067,-0.5397935,0.083519965,-0.63064337,-1.3936771
89583,0.29468784,-0.31001532,-2.2149508,0.031645,0.298659,1.8945582,1.061035,-1.964336,0.3886877,-6.6070614,-87.64819,-172.46977,41.67781,6.9081516,-0.88441896,-1,-0.32873756,-0.57585377,-2.1736763
89632,0.29700586,-0.27646708,-2.109988,0.018538,0.348764,1.75475,1.04389,-2.561305,-1.1818563,-8.85079,-121.8203,-197.37997,-50.577374,-97.154655,-0.39082852,-0.68741083,-0.39354855,-0.55998015,-2.4184475
89683,0.30670923,-0.24002805,-2.148131,0.013102,0.399712,1.5968783,1.030265,-3.003799,-1.4105223,-10.166949,-122.67026,-194.75903,-61.405853,-114.909424,-0.3555076,-0.5712624,-0.37580276,-0.5951847,-2.5381763
89733,0.3238325,-0.1963541,-2.2678397,0.016029,0.450623,1.428705,1.022383,-3.284959,-1.3320636,-8.948443,-102.08804,-174.42003,-59.708374,-106.79955,-0.21543835,-0.5226656,-0.29847002,-0.6513356,-2.5866408
89783,0.35667524,-0.14972293,-2.6442692,0.027572,0.500393,1.2572439,1.020994,-3.418961,-1.0112014,-10.749548,-9.195678,-95.08406,-34.915337,-91.48483,0.46954256,0.09144032,-0.020917475,-0.7283695,-2.3816724
89833,0.39727658,-0.11580034,3.0926952,0.047557,0.547895,1.0894368,1.026319,-3.416751,0.05157007,-12.937403,129.35812,31.604166,37.26467,-30.818413,1,0.7914628,0.38174146,-0.6458086,-2.0032587
89882,0.42320973,-0.084728636,2.6385264,0.075404,0.592203,0.93299985,1.03865,-3.269751,1.516602,-14.602727,216.8469,120.69289,133.21104,56.364197,1,0.87615496,0.63107395,-0.4253833,-1.7055264
89933,0.44037184,-0.051551744,2.1926758,0.110172,0.632784,0.796304,1.057813,-2.959354,2.412146,-13.793027,264.8679,179.15532,187.05202,114.46622,1,0.94610643,0.74858034,-0.13028777,-1.3963718
89983,0.45061934,-0.009729087,1.756922,0.150598,0.66962,0.68722296,1.081893,-2.481776,2.951594,-11.510882,269.4673,202.26251,214.76263,154.18661,1,0.83660007,0.72313553,0.16912402,-1.069699
90033,0.46227974,0.038794816,1.3015618,0.195155,0.703245,0.6119671,1.106498,-1.860729,3.0588875,-9.927646,233.05331,193.97621,217.30258,165.05835,0.7168311,0.6828607,0.5694597,0.43424112,-0.6895945
90083,0.47498885,0.09339705,0.8330752,0.242105,0.734684,0.57485104,1.125396,-1.135408,2.6546671,-5.699602,158.75539,156.0828,180.91377,150.91962,0.33378696,0.46421495,0.31791604,0.6036665,-0.25822425
90133,0.4968033,0.14912538,0.27883667,0.289553,0.765321,0.57888913,1.132471,-0.339417,1.7964649,-0.3515741,37.992226,80.5664,113.20413,111.35397,-0.2537084,0.08491731,-0.029645398,0.6494389,0.3000524
90183,0.52419865,0.19480768,-0.21148562,0.335534,0.796701,0.62639594,1.124039,0.508726,0.7782364,0.50326097,-77.869804,-2.9554813,47.315563,49.963974,-0.85350454,-0.17932525,-0.31080624,0.5488801,0.8378815
90232,0.54633665,0.22998145,-0.44094884,0.378083,0.830313,0.7187021,1.100715,1.396587,-0.20357542,7.874003,-131.08235,-43.64235,-33.441933,7.9950056,-0.6890763,-0.2157417,-0.4083798,0.4710979,1.1596508
90282,0.5548569,0.26055297,-0.41665596,0.415338,0.867372,0.854347,1.068188,2.291904,-0.6232117,12.278487,-131.89642,-38.576515,-71.2585,-6.6429625,-0.3877437,-0.054923892,-0.37316528,0.4984401,1.271003
90332,0.55442613,0.28823897,-0.17322844,0.445633,0.908631,1.0261419,1.03639,3.110491,-0.41322517,12.001014,-85.07468,11.663678,-57.40424,5.751094,-0.09841764,0.3172686,-0.2140978,0.59235495,1.1993704
90382,0.54277027,0.30532122,0.31000996,0.467611,0.954262,1.219969,1.016505,3.713054,0.17180781,12.109291,29.147825,119.93775,-21.124584,42.60056,0.70639694,1,0.12639469,0.6409348,0.9099591
90432,0.5429185,0.31728983,0.7906828,0.480304,1.003773,1.4185688,1.016037,3.979581,1.4044657,10.783392,138.47113,214.02336,59.405304,116.1529,1,1,0.4439348,0.5273534,0.62788606
90482,0.5461116,0.33828393,1.1922879,0.483215,1.056032,1.6088278,1.034469,3.919244,2.4302375,4.9447904,211.35265,268.9812,138.87886,164.90082,1,1,0.6437011,0.32367766,0.41654015
90533,0.54990065,0.368142,1.5367892,0.476353,1.109339,1.7859719,1.062898,3.675608,3.0125377,0.17806318,252.41284,291.6215,187.81508,188.75214,1,1,0.7382678,0.098706275,0.2491827
90582,0.5497242,0.40802947,1.8596468,0.460243,1.161556,1.9526522,1.08797,3.419933,3.2279088,-2.6484358,268.04688,287.99805,208.71298,194.77559,1,1,0.7477982,-0.1288684,0.09300519
90633,0.54481333,0.45737308,2.1345525,0.43588,1.210326,2.1161263,1.096998,3.272406,3.405777,-4.443525,261.32138,266.5188,224.55307,201.16902,0.904595,1,0.6946466,-0.31027505,-0.01842594
90682,0.5311482,0.513357,2.4147243,0.40465,1.253267,2.2861578,1.081742,3.299626,3.4097939,-3.9381392,235.6296,228.2216,223.47433,202.74988,0.6814264,1,0.5862213,-0.4688425,-0.12856673
90732,0.5069342,0.5694892,2.7470236,0.368229,1.288198,2.473748,1.040438,3.538587,3.085318,-0.9281896,185.90904,166.75323,195.27466,190.39006,0.47110912,0.60366774,0.40432644,-0.61016524,-0.27327585
90783,0.47375098,0.6264561,3.0745013,0.328428,1.313378,2.6892807,0.978627,4.001602,2.3962018,-0.4100258,121.93458,98.893524,150.84149,148.68373,0.25453183,0.30237594,0.191048,-0.67563385,-0.38522053
90832,0.43294054,0.67385274,-2.7950656,0.287075,1.327651,2.937177,0.908898,4.637468,1.4782621,-0.17190313,36.890408,12.178903,92.84369,91.93905,-0.062182963,-0.06697506,-0.084856704,-0.664476,-0.55094266
90882,0.39086357,0.70789146,-2.4643533,0.245865,1.330585,-3.075433,0.848667,5.248053,0.5931195,0.5281687,-25.237444,-43.80724,35.68022,38.45971,-0.16874528,-0.17088592,-0.27720898,-0.5761311,-0.6110797
90933,0.36125508,0.73083615,-2.271088,0.20626,1.322501,-2.80803,0.814331,5.483375,0.16469175,1.767183,-50.266888,-60.566444,5.6433344,14.943134,-0.17431557,-0.18006676,-0.3525339,-0.49981052,-0.536942
90982,0.3504457,0.7451116,-2.169923,0.169422,1.304445,-2.5716612,0.812444,5.112545,-0.029319486,1.8086641,-51.925713,-57.0089,-6.591515,2.9265795,-0.11700532,-0.089327395,-0.3598303,-0.46491465,-0.40173817
91032,0.35353938,0.7527049,-2.1033146,0.136178,1.278098,-2.379966,0.834896,4.296208,-0.087269664,1.6207993,-44.191208,-47.951637,-9.719082,-1.1896254,-0.04662776,-0.008727938,-0.34228718,-0.4540081,-0.27665138
91082,0.35827672,0.76105595,-2.0310712,0.106997,1.245586,-2.231755,0.864024,3.379017,-0.056894008,1.0570171,-35.22808,-40.33616,-6.3371515,-0.7745992,-0.021233976,0.021021307,-0.3224883,-0.44035462,-0.20068407
91133,0.36014268,0.76445836,-2.000856,0.082056,1.209304,-2.1194537,0.881852,2.57648,-0.018154295,0.68815595,-23.766762,-28.99949,-2.9453537,0.6760669,0.03539546,0.08651298,-0.2883972,-0.43823153,-0.118597984
91182,0.35954654,0.7632962,-1.9860746,0.061268,1.171667,-2.034837,0.875652,1.943975,0.02534242,0.51879567,-14.300376,-18.866888,0.21882021,2.9489822,0.081627876,0.14048144,-0.25332206,-0.4376811,-0.04876232
91232,0.35854617,0.76101106,-1.9463528,0.044375,1.134946,-1.9712379,0.839396,1.462731,0.058499087,0.9733749,-10.481997,-15.484937,1.0950001,6.2173853,0.0985968,0.120006844,-0.23263812,-0.42943025,-0.024885178
91282,0.3569308,0.7570363,-1.8869299,0.031,1.101064,-1.92365,0.77295,1.097803,0.077100545,0.9012774,-12.094263,-18.279854,2.4472973,7.19027,0.055503175,0.05795899,-0.22564931,-0.4167353,-0.036720276
91332,0.3550828,0.7516656,-1.8402827,0.020702,1.071468,-1.8883998,0.680839,0.818213,0.05827421,0.72217077,-15.896141,-22.417559,1.7419263,5.54235,0.008040935,0.0057433844,-0.21923569,-0.4074553,-0.04811716
91383,0.3534842,0.7463374,-1.8215503,0.013037,1.047088,-1.8628132,0.570633,0.600874,0.02457472,0.3045454,-19.741852,-25.353113,0.7345848,2.337255,-0.039615154,-0.01914081,-0.20686823,-0.4044265,-0.041263103
91433,0.35342115,0.74616843,-1.823197,0.007558,1.02824,-1.8448002,0.451439,0.429813,0.0060070185,0.23190549,-22.252579,-26.384392,-0.2347627,0.9856399,-0.07661906,-0.043343395,-0.1867621,-0.40534627,-0.021603107
91482,0.35423952,0.7490809,-1.8176937,0.003901,1.014922,-1.8328831,0.332751,0.294373,-0.010678473,0.28833744,-26.113935,-29.135832,-1.4260924,0.091283344,-0.12709272,-0.09021175,-0.17215794,-0.40468535,-0.015189171
91533,0.3553171,0.7527861,-1.7955136,0.001663,1.006456,-1.8256247,0.223227,0.187888,-0.05231518,0.7529131,-32.309566,-34.57365,-5.250801,-1.2885962,-0.17713782,-0.16259368,-0.16848701,-0.40128765,-0.030111311
91582,0.35574955,0.75526357,-1.7373188,0.000499,1.001951,-1.8218567,0.130292,0.106338,-0.15412983,0.8297011,-42.873444,-44.61808,-11.816265,-7.449963,-0.24694224,-0.23757505,-0.18439086,-0.3912258,-0.08453799
91633,0.35716322,0.76317406,-1.6844666,0.000061,1.00024,-1.8204429,0.059594,0.047859,-0.26196307,0.7906697,-50.674095,-51.650604,-18.45314,-14.292241,-0.2905151,-0.27703446,-0.19503146,-0.38168702,-0.13597633
91682,0.35959706,0.7799118,-1.6524097,0,1,-1.820245,0.015251,0.012174,-0.39554384,0.63083714,-52.36999,-52.64804,-26.38138,-23.0616,-0.25670782,-0.23202802,-0.19004022,-0.37634236,-0.16783524
91733,0.3625815,0.8065469,-1.6125563,0,1,-1.820245,0.015251,0.012174,-0.4957651,0.66312593,-49.01483,-49.327694,-32.730167,-29.240467,-0.17968042,-0.16128673,-0.17814745,-0.3703416,-0.20768882
