ts,x,y,yaw,x_des,y_des,yaw_des,v_ff,w_ff,v_actual,w_actual,omega_l_cmd,omega_r_cmd,omega_l_meas,omega_r_meas,duty_l,duty_r,x_err,y_err,yaw_err
142882,-0.0033647679,-1.025391,-2.2097387,0.00111,-1.002185,-1.1002328,0.018589,0.008938,-0.0036654288,-0.08706482,-6.0186486,-4.926428,0,-0.45817858,-0.065001406,-0.04842309,-0.021296589,-0.0102468105,1.1095061
142932,-0.0032796948,-1.0252805,-2.2030418,0.003684,-1.007228,-1.0974772,0.072641,0.035112,-0.0037291362,0.01514613,-5.352902,-1.0799772,-0.27292424,-0.19321774,-0.060703635,-0.014176326,-0.018678213,-0.005050608,1.1055646
142982,-0.003258178,-1.0252689,-2.2023587,0.008576,-1.016719,-1.092169,0.158836,0.077881,-0.0015726078,0.0063872496,-4.2021165,5.2154636,-0.11509443,-0.08148153,-0.05503889,0.051735647,-0.013887674,0.0045035067,1.1101894
143032,-0.0032308525,-1.0252479,-2.2023015,0.016425,-1.031687,-1.083463,0.272347,0.137231,0.010442684,0.26649088,-2.5496383,13.81351,-0.048536282,1.3538718,-0.041989207,0.13491938,-0.0064067845,0.019666407,1.1188383
143082,-0.0032805137,-1.025321,-2.1910772,0.027771,-1.052766,-1.0704367,0.406428,0.214064,0.05924462,1.4150145,-0.12517162,24.639387,-0.020468153,7.4260454,-0.018120611,0.20255157,0.0042832512,0.04121985,1.1206408
143132,-0.005390823,-1.028389,-2.0719202,0.043043,-1.080105,-1.0520241,0.552327,0.310504,0.1487885,3.5374484,8.018758,40.546047,-0.008631591,18.607191,0.06960285,0.27362758,0.022088973,0.0673235,1.019896
143182,-0.008988913,-1.0359678,-1.8528222,0.062527,-1.113278,-1.0269148,0.699567,0.430324,0.31210536,5.7111497,26.558664,63.29357,4.479123,34.534046,0.2315565,0.3735293,0.05435294,0.09020616,0.82590723
143233,-0.011932751,-1.0484204,-1.5865349,0.086343,-1.151248,-0.9934199,0.836602,0.579593,0.6453304,5.411448,54.22952,89.448006,26.094276,54.57202,0.33150968,0.47879422,0.10126817,0.09988185,0.59311485
143282,-0.011323902,-1.0786108,-1.1375071,0.11442,-1.192397,-0.94926476,0.951825,0.767687,1.0568616,3.0697594,93.690605,110.97275,57.976547,74.13116,0.4500154,0.53934836,0.15606582,0.066349775,0.18824244
143333,-0.001583295,-1.108405,-0.79714704,0.146463,-1.2346,-0.89128804,1.034848,1.008905,1.3769977,0.35131603,119.0034,118.74895,85.137955,86.986755,0.47471964,0.52599895,0.19372293,0.017728433,-0.09414101
143382,0.02558127,-1.1486164,-0.23325032,0.181936,-1.275383,-0.8149791,1.07791,1.324995,1.43621,-3.216689,124.0115,90.61427,98.227036,81.29921,0.42231113,0.31207848,0.18142164,-0.08719375,-0.5817287
143432,0.060531467,-1.1746851,0.2665273,0.220044,-1.312124,-0.71381307,1.077275,1.748843,1.0987421,-5.2171288,97.2066,43.95934,82.39895,54.94381,0.32415423,0.09389502,0.11768128,-0.174599,-0.9803405
143482,0.08864054,-1.1866496,0.5619551,0.259733,-1.342316,-0.57844806,1.034438,2.328709,0.72946125,-5.9982567,71.5623,17.169668,61.37424,29.808414,0.28564692,0.060163334,0.061835386,-0.22289248,-1.1404033
143532,0.12457061,-1.1884718,0.49987623,0.299708,-1.36382,-0.39636302,0.957031,3.128195,0.6625784,-6.061473,75.91167,37.986774,57.360397,25.461897,0.3865004,0.3210972,0.06966056,-0.23783922,-0.8962393
143582,0.1455636,-1.1819965,0.21079393,0.338467,-1.375101,-0.15427089,0.859247,4.20259,1.0611287,-2.0792599,93.59032,90.11641,71.791595,60.84949,0.4482215,0.53721243,0.14822902,-0.22919255,-0.36506486
143632,0.17953734,-1.176262,-0.16385448,0.374365,-1.375415,0.15202904,0.761264,5.501726,1.3829056,4.031343,88.45887,128.38715,75.82412,97.03906,0.37068993,0.59767187,0.22470437,-0.16470477,0.3158834
143682,0.22004306,-1.1805605,-0.49179137,0.405699,-1.364914,0.5019839,0.685912,6.682049,1.3858387,7.8851466,58.97489,128.82059,65.86712,107.3627,0.1679253,0.5217207,0.25070634,-0.07483761,0.9937753
143732,0.25312382,-1.1937858,-0.7127833,0.430805,-1.344626,0.8538921,0.649928,7.162419,1.0900337,8.157723,26.328056,105.105484,46.66209,89.59211,0.011653155,0.4770466,0.23306447,0.0020758733,1.5666754
143782,0.29243597,-1.2232575,-0.56420946,0.448181,-1.31635,1.1776488,0.6536,6.808008,0.8530644,11.502804,5.7638845,82.35879,23.049772,83.583275,0.019404322,0.31054485,0.18138735,0.0046201423,1.7418582
143832,0.32090348,-1.2413871,-0.05335608,0.456602,-1.282421,1.4701378,0.682542,6.13909,0.70321363,12.481649,3.4264026,78.06056,11.108515,76.79319,0.10460585,0.3357637,0.13769378,-0.033738546,1.523494
143882,0.3584189,-1.2447971,0.7659824,0.455226,-1.24542,1.7399952,0.7216,5.595091,0.6733341,11.921634,12.048028,77.645195,10.7145815,73.45218,0.19642693,0.36847472,0.069337234,-0.06755997,0.97401285
143932,0.37752172,-1.2356318,1.4492549,0.443692,-1.207836,1.9911683,0.76455,5.213987,0.7160149,9.297519,25.535892,76.372604,20.286835,69.21503,0.24317041,0.40432978,0.035613395,-0.062312096,0.5419135
143982,0.3858477,-1.2201968,1.9586097,0.42217,-1.171725,2.217644,0.813675,4.811158,0.80321926,6.7224913,39.342342,76.48799,32.512646,67.889755,0.268702,0.42787313,0.031136364,-0.051955312,0.25903416
144032,0.38193393,-1.1931075,2.6600416,0.391389,-1.138461,2.407749,0.873407,4.206012,0.86022526,4.380942,54.16661,61.076122,42.23672,65.29143,0.33315516,0.29659075,0.016929936,-0.052811127,-0.25229263
144082,0.36808184,-1.177528,3.1241782,0.352614,-1.108561,2.551696,0.943469,3.364355,0.846092,0.33131725,62.561024,45.944027,52.008965,53.75252,0.33531153,0.24903834,0.016666472,-0.06868717,-0.57248217
144132,0.3422297,-1.1688687,-2.703398,0.307583,-1.081665,2.645149,1.016318,2.379782,0.7295657,-2.4166763,57.208908,15.101002,51.956734,39.238976,0.28628832,0.060712874,-0.0056277253,-0.093665324,-0.9346383
144182,0.318991,-1.1745025,-2.5462375,0.258411,-1.056639,2.687822,1.079951,1.358413,0.5829527,-5.1139455,57.384792,0.91973686,49.890606,22.97847,0.3171711,0.055647954,-0.01594105,-0.13155848,-1.0491259
144232,0.30100983,-1.1847016,-2.7646356,0.207454,-1.031822,2.6807892,1.123069,0.352533,0.7351496,-7.8799624,84.1614,27.049503,66.681,25.2127,0.44484764,0.30136278,0.030713253,-0.17658302,-0.83776075
144282,0.27097648,-1.1901835,2.895732,0.15717,-1.00535,2.6251538,1.139441,-0.630398,1.2514963,-5.524606,126.32399,98.32019,92.755135,63.681896,0.64347935,0.6711717,0.15537095,-0.15157579,-0.27057838
144332,0.23295723,-1.1833787,2.3366857,0.109957,-0.975506,2.522669,1.130104,-1.589969,1.8027242,-0.46738288,134.10657,136.9577,113.90006,111.44046,0.5364309,0.6170339,0.2350887,-0.05543837,0.18598366
144382,0.20451465,-1.1678361,1.8481905,0.068006,-0.941043,2.377927,1.103091,-2.495022,1.8360261,3.1029663,119.11531,143.59462,106.586945,122.916306,0.4737473,0.5946776,0.25550622,0.06918287,0.5297365
144432,0.17121442,-1.1338066,1.1049376,0.03317,-0.901405,2.2006009,1.07069,-3.262368,1.3584396,5.7977295,46.242428,96.89755,69.647194,100.157745,0.08453718,0.34605253,0.14562786,0.22772637,1.0956631
144482,0.15994355,-1.1121856,0.5321777,0.006862,-0.856819,2.005006,1.044701,-3.781378,0.6007541,5.32465,-22.059256,33.51868,23.53664,51.55761,-0.18783095,0.17297935,-0.002335146,0.29772574,1.4728284
144532,0.14761968,-1.0878376,0.15495326,-0.010024,-0.808228,1.805948,1.031671,-3.991328,0.10453241,5.686499,-63.69881,-9.970853,-8.429325,21.495876,-0.34432718,0.005531937,-0.112601675,0.30058923,1.6509948
144582,0.13943495,-1.0810829,0.33114707,-0.017142,-0.757077,1.6143153,1.031212,-3.934575,0.06945626,7.4267287,-20.420778,32.953556,-15.200565,23.882597,0.1446254,0.41652256,-0.042726755,0.35731027,1.2831683
144632,0.13126269,-1.0827334,0.6355261,-0.0147,-0.705027,1.4364688,1.038534,-3.710558,0.7942227,7.848005,55.01361,95.38518,28.988853,70.28898,0.49170002,0.61277634,0.10674208,0.3906064,0.8009426
144682,0.12807262,-1.0791773,0.9384149,-0.00342,-0.653617,1.276819,1.048656,-3.389546,1.6369716,4.2517786,128.51457,144.50241,91.12323,113.498215,0.6573831,0.7129843,0.2655453,0.35759965,0.33840418
144732,0.13137484,-1.0658903,1.1129417,0.015518,-0.603977,1.140413,1.058772,-2.979835,2.1933122,-0.050350383,170.04987,166.50507,137.2145,136.94952,0.659039,0.7371605,0.36312604,0.3081009,0.027471066
144783,0.13936946,-1.040388,1.3262224,0.040563,-0.556635,1.0335691,1.067865,-2.454869,2.4762712,-2.8011832,201.77719,176.58568,162.13756,147.39633,0.7731657,0.76464796,0.44543153,0.2130033,-0.29265356
144832,0.1501438,-1.0069331,1.451874,0.06989,-0.511473,0.9627011,1.075036,-1.796908,2.6240156,-5.2506995,213.32413,176.6676,177.81686,150.18506,0.7747742,0.7674923,0.48243922,0.13846946,-0.48917297
144882,0.1590952,-0.9700472,1.559932,0.101501,-0.467811,0.9326532,1.078588,-1.02129,2.7106667,-6.4987135,217.2509,174.04514,186.5164,152.31693,0.76733714,0.7491429,0.50158083,0.06304715,-0.6272788
144933,0.16846895,-0.9037919,1.744947,0.133344,-0.42462,0.94554305,1.076676,-0.173391,2.634697,-7.9308968,207.00473,155.69943,185.53671,143.80037,0.6993414,0.66247284,0.47801015,-0.04843315,-0.79940367
144982,0.16972135,-0.8504788,1.8933358,0.163408,-0.380799,1.000201,1.068803,0.68514,2.434054,-8.400056,194.62935,140.83145,174.231,130.02571,0.7130686,0.6639925,0.44746128,-0.1428894,-0.8931346
145033,0.15957911,-0.7634181,2.1551902,0.189838,-0.335442,1.0919921,1.056741,1.485642,2.210417,-8.419695,157.41205,98.19081,160.30539,115.99674,0.4777872,0.36121294,0.34025833,-0.26134914,-1.0631981
145082,0.13636102,-0.6896369,2.3923407,0.211024,-0.288048,1.2131588,1.044069,2.159765,1.7153331,-7.0956197,116.930855,55.985184,125.87866,88.537964,0.40342534,0.17762065,0.21885045,-0.34489515,-1.179182
145132,0.108783215,-0.6342835,2.422992,0.225693,-0.238617,1.3539932,1.034566,2.653946,1.4617925,-7.290486,107.38909,51.833725,110.54511,72.17893,0.45823506,0.27594787,0.17247866,-0.37479457,-1.0689988
145182,0.061927404,-0.5680119,2.0984156,0.23298,-0.187622,1.504483,1.030627,2.945649,1.7251154,-6.145153,137.57854,105.61556,123.98914,91.650276,0.6430839,0.6363755,0.24253877,-0.33930868,-0.5939326
145232,0.032513335,-0.51688045,1.7612168,0.232485,-0.135868,1.6554,1.032777,3.043202,2.1688752,-2.7672877,158.57951,158.95103,142.8361,128.27325,0.69418967,0.8557321,0.33627653,-0.26847205,-0.10581683
145282,0.0045689465,-0.4361398,1.1575109,0.224306,-0.084267,1.7983038,1.040273,2.965572,2.4540675,4.4236774,141.11586,194.02756,141.73941,165.01901,0.5304475,0.8789483,0.41049817,-0.059917346,0.64079285
145332,-0.0064895395,-0.36453792,0.6373961,0.209041,-0.033614,1.9250572,1.051868,2.723463,2.1521494,11.41568,81.12654,163.81227,104.47183,164.54684,0.27303648,0.5846932,0.3701451,0.1376831,1.2876611
145382,-0.004234312,-0.31162104,0.17887998,0.187761,0.015609,2.027807,1.065895,2.320224,1.2549078,11.513363,7.910475,94.53286,48.137203,108.72627,0.039999276,0.4126214,0.24715498,0.28784737,1.848927
145432,0.002221221,-0.252281,-0.3819335,0.161942,0.063344,2.099642,1.079876,1.766474,0.3543167,9.22751,-76.280846,-13.156592,-2.1350946,46.42468,-0.37969983,-0.109966874,0.030573942,0.35241327,2.4815755
145482,0.0028718356,-0.2138262,-0.5797868,0.13338,0.109942,2.1353781,1.090498,1.089495,-0.31448647,7.293819,-104.2352,-58.229565,-38.847263,-0.46354485,-0.3644836,-0.15644494,-0.06819451,0.34235615,2.715165
145532,-0.0018552244,-0.18908007,-0.53028613,0.104063,0.156062,2.1320279,1.094497,0.329917,-0.50664407,6.708654,-106.97196,-61.22206,-49.317398,-14.013107,-0.34837526,-0.10115364,-0.083194345,0.35131243,2.662314
145582,-0.025622755,-0.16154927,-0.22776459,0.076045,0.202484,2.089002,1.09006,-0.465941,-0.37110385,8.558711,-72.050896,-10.950689,-45.714096,-0.6738806,-0.06440148,0.2565094,0.01684317,0.3775882,2.3167665
145632,-0.047704484,-0.15286885,0.11620653,0.05131,0.249887,2.0082877,1.077868,-1.248523,0.30924645,11.041228,-16.098858,55.139286,-9.724331,48.380135,0.1476951,0.45852068,0.14504424,0.38855928,1.8920813
145683,-0.070591,-0.14732291,0.5548057,0.031645,0.298659,1.8945582,1.061035,-1.964336,0.95769763,12.530203,72.81033,138.59285,26.886,92.826195,0.7192356,0.89885974,0.32183444,0.32523018,1.3397524
145732,-0.07333852,-0.13379912,0.86933845,0.018538,0.348764,1.75475,1.04389,-2.561305,2.011322,7.840692,138.89642,184.4036,105.0768,146.33844,0.6523262,0.8739525,0.42792186,0.24122883,0.8854117
145783,-0.07039289,-0.116728194,1.0600413,0.013102,0.399712,1.5968783,1.030265,-3.003799,2.4837756,3.6491804,181.86987,205.17905,145.63406,164.83788,0.7245575,0.9456934,0.49134517,0.17961574,0.53683716
145832,-0.06380287,-0.0877994,1.3450277,0.016029,0.450623,1.428705,1.022383,-3.284959,2.843439,0.9639177,221.5457,211.03398,175.17863,180.25125,0.88061607,0.88886046,0.5426293,0.042722933,0.08367729
145883,-0.05582264,-0.054714948,1.519226,0.027572,0.500393,1.2572439,1.020994,-3.418961,2.9504411,-3.1917388,236.98715,200.53351,192.80083,176.0043,0.91432613,0.85827446,0.55866873,-0.054669265,-0.26198196
145932,-0.047287222,0.0015786141,1.8264968,0.047557,0.547895,1.0894368,1.026319,-3.416751,2.8956647,-8.891042,223.9015,154.90845,204.37358,157.58447,0.6950403,0.58170044,0.50456536,-0.2299366,-0.73706007
145982,-0.047228307,0.057579063,2.0965447,0.075404,0.592203,0.93299985,1.03865,-3.269751,2.337084,-11.549119,183.31477,93.60359,176.45636,115.67912,0.57221824,0.3612111,0.400878,-0.3743772,-1.1635447
146033,-0.056879826,0.10599004,2.368335,0.110172,0.632784,0.796304,1.057813,-2.959354,1.5847561,-11.525037,119.212875,20.349468,129.37251,68.72201,0.38660395,0.043590397,0.24840108,-0.4936751,-1.572031
146082,-0.082467735,0.16942698,2.4233522,0.150598,0.66962,0.68722296,1.081893,-2.481776,1.0529097,-12.409685,81.36784,-17.18755,98.45984,33.15387,0.2971956,-0.032444388,0.15366699,-0.5299992,-1.7361295
146132,-0.10607558,0.2085762,2.1049523,0.195155,0.703245,0.6119671,1.106498,-1.860729,1.1286551,-13.605097,130.6447,33.331635,106.33935,34.74253,0.7373158,0.45224673,0.2723999,-0.5111119,-1.492985
146183,-0.12778111,0.25452474,1.3938645,0.242105,0.734684,0.57485104,1.125396,-1.135408,1.8775115,-11.784723,233.19533,165.37111,148.35301,86.33591,1,1,0.53776693,-0.27959862,-0.81901336
146232,-0.13492809,0.30498275,0.71886975,0.289553,0.765321,0.57888913,1.132471,-0.339417,2.7316284,-6.40549,249.87732,240.50494,187.5812,153.87231,1,1,0.6225921,0.066892356,-0.13998057
146282,-0.12382902,0.34339088,0.0931223,0.335534,0.796701,0.62639594,1.124039,0.508726,2.9239883,-0.64986354,174.35675,227.62149,184.45923,181.03932,0.56035554,1,0.49952504,0.40863094,0.5332737
146332,-0.10591051,0.3864623,-0.8141242,0.378083,0.830313,0.7187021,1.100715,1.396587,2.050633,3.3417735,-44.523785,55.107014,119.37151,136.9576,-1,-0.18845242,0.009529293,0.65662956,1.5328264
146382,-0.09900105,0.41362032,-1.723469,0.415338,0.867372,0.854347,1.068188,2.291904,0.026960481,1.2200594,-236.02614,-173.09929,-1.5252514,4.8953114,-1,-1,-0.52669454,0.4393497,2.577816
146433,-0.086408086,0.43738407,-2.1374354,0.445633,0.908631,1.0261419,1.03639,3.110491,-1.5409205,1.7304337,-267.57813,-246.2365,-100.860725,-91.75432,-1,-1,-0.683195,0.19592339,-3.1196082
146482,-0.05576987,0.47709286,-2.552721,0.467611,0.954262,1.219969,1.016505,3.713054,-2.5192099,2.1136026,-237.37106,-259.11203,-163.01202,-151.88919,-0.79091465,-0.94283605,-0.7002575,-0.10610095,-2.510495
146532,-0.026470214,0.5049405,-2.8262715,0.480304,1.003773,1.4185688,1.016037,3.979581,-2.412056,-1.8672814,-184.37946,-230.88568,-145.84021,-155.66678,-0.472824,-0.70677114,-0.6364875,-0.3170766,-2.038345
146582,0.027965393,0.5426991,2.9620965,0.483215,1.056032,1.6088278,1.034469,3.919244,-1.4660606,-4.803187,-55.095184,-117.40997,-78.9904,-104.26717,0.1854464,-0.09329629,-0.35628814,-0.586363,-1.3532686
146632,0.078575835,0.5650577,2.393921,0.476353,1.109339,1.7859719,1.062898,3.675608,0.016715577,-7.308317,97.310555,55.84292,20.274733,-18.185286,0.80797637,0.8600409,0.07839528,-0.66956925,-0.60794926
146683,0.113777,0.58151984,2.0392396,0.460243,1.161556,1.9526522,1.08797,3.419933,1.5391228,-6.291384,173.08905,165.52856,112.749374,79.64097,0.72608185,1,0.36112154,-0.57102704,-0.08658743
146732,0.15624985,0.6118174,1.5464337,0.43588,1.210326,2.1161263,1.096998,3.272406,2.4100506,-2.0924244,205.22624,250.63472,156.13385,145.12247,0.67303467,1,0.6051428,-0.26496735,0.5696926
146782,0.18703207,0.6417902,1.2433577,0.40465,1.253267,2.2861578,1.081742,3.299626,2.497505,5.0206914,178.56053,254.61314,142.88336,169.30475,0.57549965,1,0.64897865,-0.009393409,1.0428
146832,0.22715059,0.6917011,0.89049125,0.368229,1.288198,2.473748,1.040438,3.538587,2.314358,13.135936,108.04371,201.08766,110.08344,179.2113,0.19503322,0.6931079,0.5524478,0.26554292,1.5832567
146882,0.27610934,0.7374893,0.5649008,0.328428,1.313378,2.6892807,0.978627,4.001602,1.5331649,12.935056,23.082426,110.87602,61.787437,129.85817,-0.21643616,0.2580729,0.35248223,0.45841172,2.1243799
146932,0.317501,0.7670423,0.66636807,0.287075,1.327651,2.937177,0.908898,4.637468,0.9764257,13.773408,13.394214,94.88454,24.785326,97.26788,0.038267702,0.41614893,0.32261488,0.45948616,2.270809
146982,0.36932307,0.8066855,1.0267739,0.245865,1.330585,-3.075433,0.848667,5.248053,0.99996465,13.653817,36.89084,118.52765,26.571178,98.42439,0.26336768,0.6599049,0.38436633,0.37679586,2.1809785
147032,0.3946791,0.843677,1.6841881,0.20626,1.322501,-2.80803,0.814331,5.483375,1.4779613,13.292535,87.45483,169.91525,57.396587,127.34856,0.49801344,0.93203557,0.49706838,0.13303065,1.7909672
147082,0.4041056,0.8803891,2.2757418,0.169422,1.304445,-2.5716612,0.812444,5.112545,1.9174824,13.014061,102.80383,178.08385,85.599396,154.08589,0.39475715,0.78292924,0.47505406,-0.09603895,1.4357823
147132,0.4016938,0.9313768,-2.9946294,0.136178,1.278098,-2.379966,0.834896,4.296208,1.633873,11.178402,80.748344,123.695366,72.70389,131.53023,0.30596554,0.4530116,0.21188149,-0.38186443,0.6146631
147182,0.39576083,0.9601264,-2.2615273,0.106997,1.245586,-2.231755,0.864024,3.379017,0.9216038,6.178483,39.6508,48.023354,41.3431,73.85737,0.20121945,0.23859054,-0.036055073,-0.40444008,0.029772284
147233,0.38319033,0.9919361,-1.1848576,0.082056,1.209304,-2.1194537,0.881852,2.57648,0.078177415,2.3814363,-37.41009,-74.135124,-1.3800659,11.152243,-0.18270558,-0.44883126,-0.31473517,-0.19716099,-0.93459606
147282,0.37523785,1.0137299,-0.57752013,0.061268,1.171667,-2.034837,0.875652,1.943975,-0.6033983,-3.3352838,-69.140305,-114.93264,-28.936428,-46.488358,-0.26772177,-0.36180955,-0.34927535,-0.039088503,-1.4573169
147332,0.3626429,1.0228604,-0.30542552,0.044375,1.134946,-1.9712379,0.839396,1.462731,-0.7140548,-3.073134,-77.43942,-122.21384,-36.542244,-52.71461,-0.31827635,-0.44349727,-0.33724222,0.011195354,-1.6658125
147382,0.33228523,1.0297987,-0.10741863,0.031,1.101064,-1.92365,0.77295,1.097803,-0.7961275,-2.587229,-77.81965,-118.45052,-42.950317,-56.56561,-0.29447255,-0.4309017,-0.30718917,0.038553048,-1.8162315
147433,0.30031574,1.0336511,-0.13419825,0.020702,1.071468,-1.8883998,0.680839,0.818213,-0.83617604,-3.145085,-68.13469,-106.10131,-43.985497,-60.536507,-0.21186957,-0.31621328,-0.28215945,0.00006573647,-1.7542017
147482,0.24765906,1.0438081,-0.33357227,0.013037,1.047088,-1.8628132,0.570633,0.600874,-0.7691615,-4.2711825,-44.085285,-78.25584,-36.834045,-59.311142,-0.049862936,-0.07210852,-0.22276331,-0.07372091,-1.5292411
147532,0.20275912,1.0623735,-0.560598,0.007558,1.02824,-1.8448002,0.451439,0.429813,-0.44332752,-3.208922,-19.929255,-46.904415,-19.264492,-36.151443,0.018123493,0.003867872,-0.14717452,-0.13269602,-1.2842021
147582,0.17846285,1.0766273,-0.7268369,0.003901,1.014922,-1.8328831,0.332751,0.294373,-0.21097223,-1.9237123,-6.3653827,-25.30389,-8.123997,-18.247532,0.047812305,0.042080306,-0.08944289,-0.16210905,-1.1060462
147632,0.15883158,1.0890534,-0.8536796,0.001663,1.006456,-1.8256247,0.223227,0.187888,-0.094158664,-0.93452114,2.2583892,-9.614123,-3.4259572,-8.343875,0.09258804,0.0990708,-0.041039467,-0.17274272,-0.97194505
147682,0.15498988,1.0917774,-0.872711,0.000499,1.001951,-1.8218567,0.130292,0.106338,-0.020459829,-0.18714307,-0.40489852,-7.2583575,-0.786319,-1.7711594,0.040581256,0.053870082,-0.0304856,-0.17608765,-0.9491458
147732,0.15664767,1.0896413,-0.8716109,0.000061,1.00024,-1.8204429,0.059594,0.047859,-0.0055439896,-0.005663489,-5.3590555,-8.499596,-0.33159727,-0.36140138,-0.017393284,0.01991789,-0.032353476,-0.17738444,-0.94883204
147782,0.15769565,1.0881692,-0.8519958,0,1,-1.820245,0.015251,0.012174,-0.006694292,0.10108781,-9.5949,-10.409436,-0.68438053,-0.15240598,-0.06465926,-0.01107619,-0.03748402,-0.176739,-0.9682493
147832,0.15812235,1.0877763,-0.8505158,0,1,-1.820245,0.015251,0.012174,-0.0064884676,0.12969439,-9.831422,-10.646769,-0.74678755,-0.06427087,-0.07556406,-0.02483666,-0.038322292,-0.1767449,-0.9697292
