ts,x,y,yaw,x_des,y_des,yaw_des,v_ff,w_ff,v_actual,w_actual,omega_l_cmd,omega_r_cmd,omega_l_meas,omega_r_meas,duty_l,duty_r,x_err,y_err,yaw_err
198282,0.0052735438,-1.0185233,-2.643708,0.00111,-1.002185,-1.1002328,0.018589,0.008938,0,0,-1.7393826,-0.5284818,0,0,-0.018785331,-0.0057076034,-0.004144606,-0.016343161,1.5434752
198332,0.0052693677,-1.0185394,-2.6462653,0.003684,-1.007228,-1.0974772,0.072641,0.035112,0,0,-3.3931406,1.3532504,0,0,-0.038385298,0.014086622,-0.0039817095,-0.010705485,1.5487881
198382,0.0052735964,-1.018532,-2.6439226,0.008576,-1.016719,-1.092169,0.158836,0.077881,0,0,-6.0897493,4.3486905,0,0,-0.07090181,0.047790624,-0.0037673279,-0.000016625621,1.5517535
198433,0.0052845767,-1.0185364,-2.643699,0.016425,-1.031687,-1.083463,0.272347,0.137231,-0.008021775,0.19054095,-9.839246,8.225797,-1.0027218,0,-0.10714945,0.09401206,-0.0035074712,0.016874367,1.560236
198483,0.0052414476,-1.0185416,-2.624926,0.027771,-1.052766,-1.0704367,0.406428,0.214064,-0.017083671,1.2440588,-13.997089,13.316633,-4.3411593,2.2057006,-0.12587105,0.13406877,-0.002682455,0.040886354,1.5544891
198533,0.0054138866,-1.0183772,-2.5253825,0.043043,-1.080105,-1.0520241,0.552327,0.310504,0.0056629335,3.3010013,-14.047598,23.558222,-8.331826,9.039693,-0.093754195,0.18385868,0.0049671996,0.072122075,1.4733582
198583,0.0067230044,-1.017207,-2.300361,0.062527,-1.113278,-1.0269148,0.699567,0.430324,0.11151735,5.185228,-0.9270813,45.909836,-6.6737967,20.613464,0.025945581,0.31857598,0.034421664,0.10563556,1.2734461
198632,0.0040814895,-1.020934,-1.9758807,0.086343,-1.151248,-0.9934199,0.836602,0.579593,0.37936053,7.4449663,28.408972,78.76146,4.120465,43.2996,0.2357447,0.4608711,0.087348595,0.12696029,0.982461
198683,-0.00055412494,-1.0345383,-1.677871,0.11442,-1.192397,-0.94926476,0.951825,0.767687,0.77847713,7.500066,61.070595,109.07476,28.920275,68.389366,0.35332665,0.5589638,0.14466737,0.13118605,0.72860616
198733,-0.004959648,-1.0603075,-1.4012889,0.146463,-1.2346,-0.89128804,1.034848,1.008905,1.1770798,6.141774,91.384834,132.51308,57.40694,89.72803,0.41024068,0.6281104,0.19733903,0.11984983,0.5100007
198783,-0.0030976362,-1.0950828,-1.0008137,0.181936,-1.275383,-0.8149791,1.07791,1.324995,1.5606982,3.9910731,126.21405,147.75458,87.04212,108.04514,0.5105568,0.6454456,0.25164402,0.058488585,0.18583465
198832,0.011773128,-1.1377686,-0.49348342,0.220044,-1.312124,-0.71381307,1.077275,1.748843,1.7694627,0.1609313,144.28426,136.75223,110.16796,111.01486,0.5002309,0.5338385,0.26601323,-0.05489555,-0.22032976
198883,0.037257995,-1.174645,0.08279145,0.259733,-1.342316,-0.57844806,1.034438,2.328709,1.5618339,-3.5618248,126.442444,92.52291,106.98666,88.24255,0.37657145,0.32299954,0.20784706,-0.18549478,-0.6612396
198933,0.07207004,-1.2026913,0.6538763,0.299708,-1.36382,-0.39636302,0.957031,3.128195,0.98518074,-3.8871093,75.01061,30.992643,71.80175,51.345837,0.20987864,0.050599873,0.082674176,-0.26635778,-1.0502393
198983,0.100794464,-1.2185962,1.1029584,0.338467,-1.375101,-0.15427089,0.859247,4.20259,0.44193587,-2.4730682,26.00699,-11.162647,34.12825,21.11373,0.08417207,-0.103440806,-0.032507367,-0.28271052,-1.2572293
199033,0.11968277,-1.2259252,1.261596,0.374365,-1.375415,0.15202904,0.761264,5.501726,0.18594603,-1.2598896,13.432688,-7.5897636,14.936711,8.306542,0.14524244,0.039840057,-0.064901486,-0.28809378,-1.1095669
199083,0.123261325,-1.2283875,1.2560956,0.405699,-1.364914,0.5019839,0.685912,6.682049,0.20894642,-0.5727481,19.93375,18.710777,14.566194,11.552107,0.21983828,0.27629715,-0.042398058,-0.31082618,-0.75411177
199133,0.12383589,-1.2270796,1.2312678,0.430805,-1.344626,0.8538921,0.649928,7.162419,0.37935933,1.4862108,27.430202,43.255634,19.799366,27.62055,0.2506072,0.379376,-0.008601993,-0.32859272,-0.37737563
199183,0.12770922,-1.2170432,1.2521996,0.448181,-1.31635,1.1776488,0.6536,6.808008,0.5307427,3.5632915,29.529655,55.359745,23.795507,42.54733,0.23889601,0.36636448,0.0060734823,-0.33545062,-0.074550636
199233,0.1355521,-1.1971431,1.2954454,0.456602,-1.282421,1.4701378,0.682542,6.13909,0.6093961,3.8699288,27.158407,59.79873,27.904505,48.270004,0.17518507,0.36632222,0.0052229688,-0.3321417,0.17469215
199283,0.1443362,-1.1674318,1.4581661,0.455226,-1.24542,1.7399952,0.7216,5.595091,0.6329018,5.1499233,13.913249,48.792442,26.005623,53.107094,0.05086241,0.20701945,-0.042552486,-0.31768525,0.28182888
199333,0.1469807,-1.1327236,1.7616932,0.443692,-1.207836,1.9911683,0.76455,5.213987,0.48214778,5.856516,-5.9098263,25.822515,14.724279,45.544193,-0.056710243,0.03207992,-0.13004589,-0.27706957,0.22947504
199383,0.14061174,-1.1040659,2.0534592,0.42217,-1.171725,2.217644,0.813675,4.811158,0.26062313,4.1822886,-17.497255,10.61944,5.284297,27.29359,-0.102007225,0.04243031,-0.19061226,-0.21799034,0.16418457
199433,0.13350819,-1.0879656,2.2842588,0.391389,-1.138461,2.407749,0.873407,4.206012,0.17752078,3.3697355,-16.263845,8.198294,2.228432,19.961664,-0.07886738,0.078020796,-0.20695117,-0.16193672,0.12348986
199483,0.12921514,-1.0833559,2.4408207,0.352614,-1.108561,2.551696,0.943469,3.364355,0.15098675,3.055105,-4.2807755,16.299248,1.3979268,17.475416,0.041023098,0.18082678,-0.18700622,-0.1247839,0.11087512
199533,0.12629686,-1.0816133,2.5743847,0.307583,-1.081665,2.645149,1.016318,2.379782,0.2359589,3.1494222,13.382021,27.319277,6.460514,23.034348,0.17400599,0.24104382,-0.15292533,-0.09735762,0.070764065
199583,0.122125626,-1.0794126,2.768527,0.258411,-1.056639,2.687822,1.079951,1.358413,0.3466553,1.9182299,34.30119,33.53486,16.618614,26.713299,0.3012248,0.2737645,-0.11861055,-0.07087928,-0.080705166
199633,0.1078746,-1.0739375,2.9117658,0.207454,-1.031822,2.6807892,1.123069,0.352533,0.51520646,-0.41041937,52.075565,35.436142,33.28032,31.120487,0.3346029,0.25410315,-0.08736673,-0.06369325,-0.2309766
199683,0.08397021,-1.0684879,2.9662936,0.15717,-1.00535,2.6251538,1.139441,-0.630398,0.636544,-2.1290202,64.97981,34.892693,45.38598,34.18201,0.36427063,0.2199088,-0.061066538,-0.0749365,-0.3411398
199733,0.052044887,-1.062219,2.8659859,0.109957,-0.975506,2.522669,1.130104,-1.589969,0.7455332,-4.18,75.43816,39.508484,57.594448,35.5972,0.36714756,0.2556073,-0.032129258,-0.09920015,-0.34331703
199782,0.014470886,-1.0494804,2.627845,0.068006,-0.941043,2.377927,1.103091,-2.495022,0.88839555,-4.8927174,85.95854,51.394123,68.39868,42.650757,0.38546494,0.31442112,0.0066667646,-0.120748654,-0.24991798
199833,-0.02328983,-1.0235891,2.2949116,0.03317,-0.901405,2.2006009,1.07069,-3.262368,1.0534742,-4.6801515,95.69382,67.992035,78.156784,53.52749,0.4048746,0.3881042,0.05412331,-0.123236954,-0.09431077
199882,-0.05659896,-0.98494565,1.9566652,0.006862,-0.856819,2.005006,1.044701,-3.781378,1.214416,-3.5854328,102.00687,81.76518,85.33517,66.46683,0.4166861,0.41570643,0.094821304,-0.1070171,0.0483408
199933,-0.07974082,-0.93407,1.6191032,-0.010024,-0.808228,1.805948,1.031671,-3.991328,1.3279994,-2.5766332,103.44636,92.0779,89.779724,76.22019,0.40249363,0.43994823,0.12232869,-0.075712174,0.18684483
199983,-0.09004856,-0.87668175,1.3027227,-0.017142,-0.757077,1.6143153,1.031212,-3.934575,1.3758024,-1.2881027,100.21521,98.21642,89.37697,82.59833,0.3853745,0.45409894,0.13464391,-0.038622316,0.31159258
200033,-0.08481942,-0.8199696,0.9983484,-0.0147,-0.705027,1.4364688,1.038534,-3.710558,1.3761603,0.21273725,92.431854,100.83699,85.45024,86.56977,0.3549146,0.45790768,0.13460125,0.0033226013,0.43812037
200083,-0.06476377,-0.76360065,0.7526862,-0.00342,-0.653617,1.276819,1.048656,-3.389546,1.3495029,1.2612938,82.19367,98.76752,81.02515,87.662704,0.29736084,0.43872872,0.119957075,0.038337406,0.5241327
200132,-0.03217182,-0.7152353,0.6248529,0.015518,-0.603977,1.140413,1.058772,-2.979835,1.2919185,1.7508537,77.0716,96.438416,76.13797,85.35184,0.29513365,0.44922292,0.103762425,0.062338434,0.51556015
200183,0.010876097,-0.6780742,0.6272669,0.040563,-0.556635,1.0335691,1.067865,-2.454869,1.2651173,2.2424984,79.88435,96.344894,73.16925,84.9704,0.35976487,0.46565855,0.095312335,0.0808971,0.40630224
200233,0.062212452,-0.63997895,0.75692844,0.06989,-0.511473,0.9627011,1.075036,-1.796908,1.3526375,2.165645,88.45709,95.86412,78.841484,90.23819,0.39912844,0.41564637,0.09382517,0.08814512,0.20577264
200283,0.11118979,-0.5951894,0.88416934,0.101501,-0.467811,0.9326532,1.078588,-1.02129,1.4066802,1.0786304,92.84599,93.77775,85.07937,90.75566,0.39201614,0.3950827,0.09237098,0.08824246,0.048483852
200333,0.1591414,-0.5386635,0.9372288,0.133344,-0.42462,0.94554305,1.076676,-0.173391,1.4462285,0.3602147,87.51672,90.17163,89.44146,91.33709,0.2956107,0.352701,0.07663734,0.088307105,0.008314133
200383,0.2061155,-0.47950155,0.9025563,0.163408,-0.380799,1.000201,1.068803,0.68514,1.4097266,0.74467534,74.13848,87.51925,86.14848,90.06734,0.18292898,0.3369946,0.051011138,0.09467834,0.09764481
200433,0.25338364,-0.42100534,0.9619449,0.189838,-0.335442,1.0919921,1.056741,1.485642,1.3110653,2.784714,65.08524,84.92958,74.6143,89.26886,0.19716093,0.31716037,0.033844683,0.10106269,0.13004732
200483,0.29381973,-0.36580026,1.1337267,0.211024,-0.288048,1.2131588,1.044069,2.159765,1.2512113,3.6179943,64.926285,85.08161,68.680855,87.72055,0.24901979,0.33104962,0.035396952,0.10792406,0.07943202
200533,0.31973124,-0.31175143,1.3473408,0.225693,-0.238617,1.3539932,1.034566,2.653946,1.2258589,3.5994346,69.89269,87.81863,67.14517,86.0872,0.31607544,0.3772024,0.0504772,0.10790684,0.006652355
200583,0.33167034,-0.2541416,1.5609691,0.23298,-0.187622,1.504483,1.030627,2.945649,1.2491404,2.8460853,75.21653,90.27631,70.58251,85.560036,0.3399505,0.41181377,0.06554656,0.09933927,-0.05648613
200633,0.33236244,-0.19369437,1.7358568,0.232485,-0.135868,1.6554,1.032777,3.043202,1.2888123,2.483416,78.159966,91.835976,74.01627,87.08525,0.34072632,0.4180914,0.073451474,0.08901839,-0.08045673
200683,0.32297546,-0.12999302,1.8568188,0.224306,-0.084267,1.7983038,1.040273,2.965572,1.3263938,2.3490198,77.84832,92.29832,76.71875,89.08047,0.31376755,0.40850285,0.07170681,0.0817598,-0.058515076
200733,0.30290902,-0.06377208,1.9978323,0.209041,-0.033614,1.9250572,1.051868,2.723463,1.3605108,2.344204,78.25979,90.18493,78.86374,91.20011,0.2965434,0.36701307,0.06632759,0.07294769,-0.072775364
200783,0.2739503,0.0011204854,2.1474311,0.187761,0.015609,2.027807,1.065895,2.320224,1.3609102,2.2405977,79.60295,85.94612,79.16131,90.95245,0.30768043,0.32299,0.059136685,0.06435346,-0.11962414
200833,0.23756273,0.058627784,2.2544048,0.161942,0.063344,2.099642,1.079876,1.766474,1.337271,1.2917098,80.806076,81.4878,80.18062,86.97824,0.31150985,0.31390917,0.051418133,0.055649914,-0.15476274
200883,0.1932084,0.11347069,2.310521,0.13338,0.109942,2.1353781,1.090498,1.089495,1.3211532,-0.0033156155,80.05431,75.391716,82.58079,82.56334,0.27896604,0.2893682,0.037722915,0.04657114,-0.17514277
200933,0.1484286,0.1652088,2.289947,0.104063,0.156062,2.1320279,1.094497,0.329917,1.2655215,-0.7959289,77.72493,69.95325,81.189384,77.00081,0.2680184,0.28364563,0.022343922,0.03940457,-0.15791892
200983,0.10617128,0.21973334,2.208991,0.076045,0.202484,2.089002,1.09006,-0.465941,1.2338316,-1.3776273,73.5429,64.037445,80.73935,73.489586,0.22425786,0.2496795,0.004093433,0.034472838,-0.11998939
201033,0.07124517,0.272829,2.1151242,0.05131,0.249887,2.0082877,1.077868,-1.248523,1.1654522,-1.5670391,70.78809,57.944252,76.96403,68.71748,0.22763415,0.22464617,-0.009303026,0.028934404,-0.10683632
201083,0.045321975,0.32321906,2.0187,0.031645,0.298659,1.8945582,1.061035,-1.964336,1.0830935,-2.0398624,70.17644,52.311783,73.06073,62.325954,0.2573524,0.22121173,-0.016214203,0.022964232,-0.124141686
201133,0.025297929,0.37397698,1.8858205,0.018538,0.348764,1.75475,1.04389,-2.561305,1.0390387,-2.8480005,69.342995,47.717793,72.433716,57.446114,0.25203037,0.21328089,-0.02187772,0.014239242,-0.1310706
201183,0.013645215,0.4227277,1.73196,0.013102,0.399712,1.5968783,1.030265,-3.003799,1.004244,-3.534967,69.6561,45.224316,72.06663,53.463863,0.2573075,0.21885149,-0.022630284,0.0042294366,-0.13508177
201233,0.010621629,0.47057906,1.5330031,0.016029,0.450623,1.428705,1.022383,-3.284959,0.98948103,-3.7897127,70.104294,45.89677,71.81424,51.870876,0.26264477,0.23476315,-0.01973749,-0.0061575347,-0.104298115
201282,0.015594161,0.51500803,1.3239545,0.027572,0.500393,1.2572439,1.020994,-3.418961,0.9713158,-3.8405423,71.897354,49.11749,70.81266,50.601807,0.29102513,0.27734637,-0.011245361,-0.015185864,-0.06671047
201333,0.030807301,0.55937815,1.1073942,0.047557,0.547895,1.0894368,1.026319,-3.416751,0.99034524,-3.3602653,73.249466,53.453117,70.73827,53.05488,0.30883485,0.29711244,-0.0027850769,-0.020116117,-0.01795769
201383,0.055608075,0.60337806,0.950943,0.075404,0.592203,0.93299985,1.03865,-3.269751,1.0334454,-3.1129968,75.14384,56.018578,72.7814,56.399258,0.31011787,0.29000878,0.0024036868,-0.022604922,-0.017943382
201433,0.088790566,0.644007,0.7978385,0.110172,0.632784,0.796304,1.057813,-2.959354,1.0613136,-3.0225298,76.27719,59.828117,74.28513,58.37907,0.30989793,0.31110454,0.0068957303,-0.023142405,-0.0015344621
201483,0.12962523,0.68199146,0.6575845,0.150598,0.66962,0.68722296,1.081893,-2.481776,1.1088426,-2.5414119,76.03454,64.226456,75.989746,62.615566,0.29140806,0.31532955,0.009037808,-0.02261037,0.029638527
201533,0.17713566,0.7138661,0.5262983,0.195155,0.703245,0.6119671,1.106498,-1.860729,1.1400023,-1.8479692,74.00923,69.558846,76.1126,66.387665,0.26824886,0.33475843,0.010245445,-0.01823556,0.08566881
201583,0.22806358,0.7404565,0.45812193,0.242105,0.734684,0.57485104,1.125396,-1.135408,1.1512698,-0.62421566,71.73388,73.63111,73.596825,70.31189,0.26944396,0.3418038,0.0100405505,-0.011387318,0.11672902
201633,0.2829574,0.7658138,0.44707245,0.289553,0.765321,0.57888913,1.132471,-0.339417,1.1663378,0.486066,68.030365,75.525986,71.61715,74.17507,0.24814737,0.32514447,0.0057342895,-0.0032958281,0.13181663
201683,0.33716917,0.79109037,0.50656146,0.335534,0.796701,0.62639594,1.124039,0.508726,1.1567496,1.2683482,64.42941,75.79474,68.9595,75.634186,0.23443544,0.31499445,0.0012923192,0.005699387,0.11983442
201733,0.39021513,0.8211323,0.6201725,0.378083,0.830313,0.7187021,1.100715,1.396587,1.1412576,2.1427457,59.838932,74.530914,65.6905,76.9667,0.2146473,0.2869463,-0.004537257,0.014521976,0.09852958
201783,0.43832344,0.85489035,0.761904,0.415338,0.867372,0.854347,1.068188,2.291904,1.0964164,2.6668246,54.658703,73.78656,61.508934,75.5431,0.19686356,0.2913148,-0.008014413,0.024897594,0.09244299
201833,0.47955295,0.89499134,0.9023604,0.445633,0.908631,1.0261419,1.03639,3.110491,1.0588365,3.4963686,48.578217,74.175514,56.97746,75.3771,0.17211145,0.29662374,-0.010317899,0.035073433,0.12378168
201883,0.51012427,0.93745714,1.118745,0.467611,0.954262,1.219969,1.016505,3.713054,1.0246899,4.365516,48.49023,75.979935,52.556347,75.52988,0.20981815,0.31338573,-0.0034534084,0.045583487,0.10122395
201933,0.53039706,0.98085797,1.353963,0.480304,1.003773,1.4185688,1.016037,3.979581,1.0228994,4.4711394,53.22649,80.03902,52.166523,75.69589,0.26144305,0.3568709,0.011601498,0.053849947,0.06460571
201983,0.5380145,1.0268399,1.6212702,0.483215,1.056032,1.6088278,1.034469,3.919244,1.0619049,4.1174846,62.850838,84.402596,55.534924,77.203186,0.33150744,0.3922806,0.03191969,0.05325686,-0.012442588
202033,0.53553826,1.0789428,1.8441349,0.476353,1.109339,1.7859719,1.062898,3.675608,1.1321748,3.1899211,70.50474,87.582985,62.367443,79.1544,0.34933615,0.41324717,0.04524469,0.048782624,-0.058163162
202083,0.5210691,1.1326432,2.0083425,0.460243,1.161556,1.9526522,1.08797,3.419933,1.203511,2.4252443,74.68456,90.32956,68.83801,81.60086,0.3350407,0.42690858,0.05196216,0.042845074,-0.05569029
202133,0.49500257,1.1891589,2.1256056,0.43588,1.210326,2.1161263,1.096998,3.272406,1.2761307,2.531686,73.41957,91.33838,73.096664,86.41966,0.28177312,0.395789,0.04913667,0.039103825,-0.009479523
202183,0.46117297,1.2457217,2.2521994,0.40465,1.253267,2.2861578,1.081742,3.299626,1.2958509,3.165805,68.72106,89.74181,72.66065,89.3207,0.23555747,0.3533095,0.041463275,0.039148115,0.033958435
202233,0.42019162,1.2964932,2.4225147,0.368229,1.288198,2.473748,1.040438,3.538587,1.2468401,3.6749778,62.74344,86.05946,68.25772,87.59729,0.21452928,0.3335383,0.033633403,0.040468723,0.051233288
202283,0.36995906,1.3395584,2.6598651,0.328428,1.313378,2.6892807,0.978627,4.001602,1.1926107,4.360945,55.983795,80.17134,63.063435,86.01291,0.19095832,0.2850196,0.024674995,0.04244274,0.029415607
202333,0.3150274,1.3678845,2.90088,0.287075,1.327651,2.937177,0.908898,4.637468,1.0971311,4.6421432,47.805992,75.60612,56.356052,80.78533,0.16707745,0.28708008,0.01755501,0.045737192,0.036296844
202383,0.2599938,1.3811375,-3.1325433,0.245865,1.330585,-3.075433,0.848667,5.248053,1.0216339,5.177919,41.043377,73.07148,50.22771,77.47651,0.1499335,0.29004067,0.014585671,0.05042256,0.05711031
202433,0.21089847,1.3792441,-2.8512487,0.20626,1.322501,-2.80803,0.814331,5.483375,0.97375864,5.8176174,40.445946,72.88785,45.552307,76.16752,0.18443,0.2979811,0.02068885,0.053040285,0.043219093
202483,0.16827917,1.3648975,-2.546402,0.169422,1.304445,-2.5716612,0.812444,5.112545,0.9489903,5.574299,46.57323,73.48275,44.644516,73.97926,0.25590408,0.3254392,0.032947358,0.050697908,-0.025259018
202533,0.13462009,1.3399624,-2.240539,0.136178,1.278098,-2.379966,0.834896,4.296208,0.9695435,4.4290104,56.880352,73.206436,48.94263,72.2503,0.32387197,0.33997753,0.0475334,0.0396258,-0.1394272
202583,0.10605618,1.3036188,-2.0313337,0.106997,1.245586,-2.231755,0.864024,3.379017,1.0189941,2.7974842,63.601074,71.24723,56.326244,71.048004,0.3262191,0.33272973,0.051568415,0.026634265,-0.20042132
202633,0.08297044,1.2575052,-1.9309474,0.082056,1.209304,-2.1194537,0.881852,2.57648,1.0704361,1.38289,65.130745,68.70299,63.263527,70.540985,0.27634647,0.31098926,0.045431048,0.016131092,-0.18850614
202683,0.06312961,1.2068183,-1.9036204,0.061268,1.171667,-2.034837,0.875652,1.943975,1.0844378,0.76210004,62.14067,65.404594,65.77208,69.78263,0.21877857,0.2814931,0.03383059,0.009724974,-0.13121653
202733,0.043563098,1.1541586,-1.8859478,0.044375,1.134946,-1.9712379,0.839396,1.462731,1.0428009,0.833575,55.658,59.018364,62.981712,67.3684,0.17542097,0.23427185,0.018014714,0.006727065,-0.08528995
202783,0.025150465,1.1007019,-1.8329607,0.031,1.101064,-1.92365,0.77295,1.097803,0.94676614,1.0026438,46.840042,48.332195,56.534676,61.81109,0.14059997,0.16850114,-0.0018657022,0.005555833,-0.09068918
202833,0.011056172,1.0514967,-1.7748593,0.020702,1.071468,-1.8883998,0.680839,0.818213,0.81841314,0.72283167,36.452957,36.003666,49.248867,53.05277,0.09506574,0.11390747,-0.021511598,0.005398525,-0.11354065
202883,0.0026888975,1.0134034,-1.7408569,0.013037,1.047088,-1.8628132,0.570633,0.600874,0.65415615,0.4601623,26.14033,24.999605,39.673954,42.09556,0.0720845,0.09399241,-0.03495003,0.0044979737,-0.12195635
202933,-0.003531397,0.9853308,-1.7275534,0.007558,1.02824,-1.8448002,0.451439,0.429813,0.48739895,0.44404274,16.120253,15.107932,29.294044,31.63082,0.060132995,0.08098519,-0.04411426,0.004254619,-0.11724662
202983,-0.0072867675,0.96696687,-1.7068098,0.003901,1.014922,-1.8328831,0.332751,0.294373,0.3424228,0.4510538,7.3648562,6.319939,20.21459,22.58826,0.048435494,0.065533444,-0.04902926,0.004581989,-0.12607336
203033,-0.009537402,0.9550202,-1.6867996,0.001663,1.006456,-1.8256247,0.223227,0.187888,0.21068744,0.4423916,-0.45349747,-1.3789895,12.003922,14.332008,0.03789012,0.053580403,-0.052386507,0.005171766,-0.13882494
203083,-0.010305557,0.94861215,-1.662447,0.000499,1.001951,-1.8218567,0.130292,0.106338,0.11042235,0.29787004,-6.8155556,-7.5378366,6.117626,7.6851673,0.019283757,0.041668326,-0.05410382,0.0058775004,-0.15940952
203133,-0.0104279835,0.94735414,-1.6497273,0.000061,1.00024,-1.8204429,0.059594,0.047859,0.046566024,0.12561418,-11.202124,-11.5777855,2.579854,3.2408986,-0.003282711,0.030226216,-0.05354822,0.0062863408,-0.17071581
203182,-0.01032927,0.9476643,-1.6522819,0,1,-1.820245,0.015251,0.012174,0.019637281,0.052972533,-13.92024,-14.014275,1.0879459,1.3667139,-0.030504383,0.009087637,-0.05300278,0.006035106,-0.16796303
203233,-0.0101262275,0.94946676,-1.650319,0,1,-1.820245,0.015251,0.012174,0.008281205,0.02233895,-13.406402,-13.502277,0.4587959,0.5763546,-0.03325122,0.007667929,-0.051177952,0.0060799294,-0.16992617
