ts,x,y,yaw,x_des,y_des,yaw_des,v_ff,w_ff,v_actual,w_actual,omega_l_cmd,omega_r_cmd,omega_l_meas,omega_r_meas,duty_l,duty_r,x_err,y_err,yaw_err
293432,-0.008068753,-1.0224924,-2.3617885,0.00111,-1.002185,-1.1002328,0.018589,0.008938,0,0,-6.0782533,-4.917693,0,0,-0.06321383,-0.051144008,-0.020805527,-0.007985668,1.2615557
293482,-0.008060749,-1.0224866,-2.363583,0.003684,-1.007228,-1.0974772,0.072641,0.035112,0,0,-6.2803,-1.7255572,0,0,-0.07139337,-0.022863489,-0.019075338,-0.0026256386,1.2661057
293532,-0.008057177,-1.0224866,-2.3637326,0.008576,-1.016719,-1.092169,0.158836,0.077881,0,0,-6.560935,3.4716141,0,0,-0.080592275,0.029461537,-0.015897196,0.007563517,1.2715635
293582,-0.007926213,-1.0223641,-2.358289,0.016425,-1.031687,-1.083463,0.272347,0.137231,0.0012722545,0.17673247,-6.726906,10.65075,-0.3855114,0.5445432,-0.08474654,0.102041826,-0.010676485,0.023788871,1.274826
293632,-0.0080282,-1.0224439,-2.3413134,0.027771,-1.052766,-1.0704367,0.406428,0.214064,0.007076259,0.8807381,-6.512385,19.735012,-1.8751758,2.7597082,-0.07317962,0.18324748,-0.0031767543,0.046807252,1.2708769
293682,-0.008579146,-1.0229408,-2.2371683,0.043043,-1.080105,-1.0520241,0.552327,0.310504,0.0429761,2.2928555,-0.98910177,34.286514,-3.3470697,8.719082,-0.0049725324,0.2886871,0.013025384,0.075913966,1.1851444
293732,-0.0112809595,-1.0265161,-2.0325441,0.062527,-1.113278,-1.0269148,0.699567,0.430324,0.14386395,4.2234163,15.07125,56.957233,-2.1213677,20.10436,0.15148288,0.429509,0.044793356,0.10473208,1.0056295
293782,-0.015928939,-1.0377122,-1.7558508,0.086343,-1.151248,-0.9934199,0.836602,0.579593,0.3266229,6.5354023,42.532867,85.27996,3.2176561,37.610207,0.39824942,0.57441026,0.09277921,0.12141638,0.76243114
293833,-0.019150443,-1.060327,-1.3804208,0.11442,-1.192397,-0.94926476,0.951825,0.767687,0.7477079,5.8315043,81.45157,113.802536,31.387598,62.07589,0.5435985,0.658658,0.15495908,0.106165975,0.43115616
293882,-0.015739812,-1.0923026,-0.91167235,0.146463,-1.2346,-0.89128804,1.034848,1.008905,1.2117151,3.7642643,120.24911,128.2328,65.82747,85.63691,0.6314182,0.6109812,0.2118272,0.041079625,0.020384312
293932,0.001040779,-1.1284941,-0.3601184,0.181936,-1.275383,-0.8149791,1.07791,1.324995,1.5312479,-0.18455668,135.41162,109.96959,96.18861,95.21738,0.5225969,0.36338085,0.22105314,-0.073721915,-0.4548607
293982,0.028002463,-1.1574371,0.2244848,0.220044,-1.312124,-0.71381307,1.077275,1.748843,1.5041267,-4.4154425,108.89978,56.64958,105.626045,82.38978,0.18462104,-0.041361064,0.15278909,-0.19355488,-0.9382977
294032,0.05579233,-1.1748437,0.75343597,0.259733,-1.342316,-0.57844806,1.034438,2.328709,0.9417172,-5.3174996,54.789696,-4.9715242,72.84899,44.86565,-0.0263592,-0.30868453,0.034166597,-0.26167047,-1.3318839
294082,0.0775598,-1.184023,0.9526579,0.299708,-1.36382,-0.39636302,0.957031,3.128195,0.41798702,-4.153397,33.71082,-17.402752,37.052814,15.195562,0.11889072,-0.170854,-0.017787948,-0.28523737,-1.349021
294132,0.08893319,-1.1825377,0.8407783,0.338467,-1.375101,-0.15427089,0.859247,4.20259,0.26659203,-4.280946,51.648354,19.721924,27.926239,5.397763,0.40082014,0.2881688,0.02291894,-0.3143604,-0.99504924
294182,0.0915418,-1.18062,0.58367604,0.374365,-1.375415,0.15202904,0.761264,5.501726,0.5139783,-4.9035645,78.80413,79.990906,45.026146,19.22114,0.52503806,0.7843406,0.12864912,-0.3184077,-0.43164706
294232,0.108118586,-1.170865,0.37861842,0.405699,-1.364914,0.5019839,0.685912,6.682049,1.0682168,0.671394,83.033676,117.24075,64.99695,68.53016,0.3896554,0.70795524,0.20477697,-0.29030237,0.12336541
294282,0.13149787,-1.1621349,0.18757927,0.430805,-1.344626,0.8538921,0.649928,7.162419,1.3038299,5.656628,75.94633,134.18214,66.60536,96.37337,0.3173078,0.6378202,0.26002565,-0.23510508,0.6663127
294332,0.16676655,-1.1564596,-0.015797673,0.448181,-1.31635,1.1776488,0.6536,6.808008,1.3802298,8.374274,59.404575,130.39507,64.22955,108.29917,0.17996867,0.50858885,0.28390512,-0.15542497,1.1934464
294382,0.20861742,-1.1599257,-0.14378312,0.456602,-1.282421,1.4701378,0.682542,6.13909,1.2600365,8.474056,35.36216,108.88468,56.45491,101.04963,0.0073278844,0.38462988,0.26297778,-0.08569801,1.6139209
294432,0.25478578,-1.1680509,0.09001899,0.455226,-1.24542,1.7399952,0.7216,5.595091,1.0145923,9.733453,14.2699995,86.97419,37.800865,89.02316,-0.03532794,0.29486737,0.19267337,-0.09507489,1.6499763
294482,0.29956236,-1.1642176,0.6748233,0.443692,-1.207836,1.9911683,0.76455,5.213987,0.81185585,12.193224,0.43054667,71.59994,18.65757,82.82441,0.0013262033,0.19907746,0.0852879,-0.124104366,1.316345
294532,0.33094952,-1.1474551,1.3512719,0.42217,-1.171725,2.217644,0.813675,4.811158,0.6380382,12.16507,0.83356345,62.882614,7.8680525,71.88673,0.10239529,0.21392694,-0.0038228072,-0.09431647,0.86637205
294582,0.34635252,-1.1329614,1.9515465,0.391389,-1.138461,2.407749,0.873407,4.206012,0.5350774,10.507171,20.194334,65.53016,5.7953434,61.08933,0.3196753,0.34798673,-0.02184208,-0.03976751,0.45620254
294632,0.34735283,-1.1145762,2.4646845,0.352614,-1.108561,2.551696,0.943469,3.364355,0.6544073,6.7554903,47.32766,69.97232,23.12507,58.67584,0.43212533,0.4249811,-0.000333315,-0.007984425,0.08701134
294682,0.3347163,-1.0981013,2.944981,0.307583,-1.081665,2.645149,1.016318,2.379782,0.85760576,2.9047408,72.4632,65.6833,45.95726,61.243458,0.4742779,0.3642205,0.029821314,-0.01081914,-0.29983187
294732,0.3107004,-1.088238,-2.8769104,0.258411,-1.056639,2.687822,1.079951,1.358413,1.0176716,-0.974754,82.30657,43.058857,66.16929,61.039646,0.38740844,0.13462968,0.042202067,-0.04417767,-0.7184527
294782,0.28370938,-1.0904915,-2.494081,0.207454,-1.031822,2.6807892,1.123069,0.352533,0.91394705,-3.6829245,70.92315,6.016526,66.812386,47.430996,0.2769101,-0.1250456,0.025430605,-0.092791624,-1.1083152
294832,0.26031712,-1.1024896,-2.4728494,0.15717,-1.00535,2.6251538,1.139441,-0.630398,0.6436425,-7.0881953,70.124725,-4.9074736,58.878468,21.576838,0.3568891,-0.004275918,0.020702753,-0.14016715,-1.1851825
294882,0.23466285,-1.1158398,-2.9620845,0.109957,-0.975506,2.522669,1.130104,-1.589969,0.64110005,-10.321261,109.35459,44.148964,67.22657,12.910934,0.68896556,0.57366097,0.097646035,-0.16034459,-0.7984317
294932,0.20413315,-1.118192,2.6700437,0.068006,-0.941043,2.377927,1.103091,-2.495022,1.2096901,-8.968574,141.02982,104.49612,99.204185,52.00707,0.72378546,0.8190324,0.20174387,-0.09597789,-0.29211664
294982,0.16908133,-1.1063473,2.0012074,0.03317,-0.901405,2.2006009,1.07069,-3.262368,1.7722899,-4.795357,135.16977,132.67902,123.385895,98.15033,0.44831383,0.6750604,0.24295868,0.038004354,0.19939327
295032,0.14070147,-1.0850195,1.3101276,0.006862,-0.856819,2.005006,1.044701,-3.781378,1.8267416,0.7733343,88.19189,116.74008,112.136505,116.20618,0.091095135,0.35216343,0.18599735,0.18813148,0.6948786
295082,0.12382722,-1.060158,0.5804187,-0.010024,-0.808228,1.805948,1.031671,-3.991328,1.2909412,4.148403,4.4203696,53.974876,69.76834,91.59931,-0.35372368,-0.03805679,0.026221097,0.28407276,1.2255292
295132,0.11317608,-1.0430382,0.006025791,-0.017142,-0.757077,1.6143153,1.031212,-3.934575,0.47720572,3.5010662,-65.43557,-11.729549,20.613176,39.037537,-0.62198824,-0.19962001,-0.12859258,0.28674135,1.6082895
295182,0.10288199,-1.0342212,-0.03989318,-0.0147,-0.705027,1.4364688,1.038534,-3.710558,-0.1178805,7.1590657,-58.81415,-2.4172792,-26.204823,11.469761,-0.14168815,0.14291246,-0.13061756,0.3242428,1.476362
295232,0.08573752,-1.0311959,0.23787315,-0.00342,-0.653617,1.276819,1.048656,-3.389546,-0.10406017,7.6617,7.8496685,59.933197,-26.663607,13.656086,0.52643,0.7570362,0.0023242533,0.38795546,1.0389459
295283,0.0766707,-1.0322104,0.61453044,0.015518,-0.603977,1.140413,1.058772,-2.979835,0.6839666,8.483928,97.243935,128.00111,20.424578,65.07124,0.9881253,0.9650211,0.19694412,0.3851447,0.5258827
295332,0.07872836,-1.0242019,0.8693795,0.040563,-0.556635,1.0335691,1.067865,-2.454869,1.6895838,3.908013,154.74619,164.00645,95.316025,115.88194,0.87179637,0.8656449,0.33255953,0.33087692,0.16418982
295382,0.08381674,-1.0090925,1.0885084,0.06989,-0.511473,0.9627011,1.075036,-1.796908,2.2654405,0.10686227,193.69437,183.97292,141.30884,141.8712,0.8453702,0.8443006,0.4343997,0.24313778,-0.12580729
295432,0.094405055,-0.9832238,1.2734361,0.101501,-0.467811,0.9326532,1.078588,-1.02129,2.5299718,-2.3061779,214.33168,191.10411,164.19136,152.0551,0.8747281,0.85689986,0.49487206,0.14423017,-0.34078264
295483,0.10520962,-0.9472412,1.4473715,0.133344,-0.42462,0.94554305,1.076676,-0.173391,2.7661335,-3.608036,222.02885,189.64833,182.37697,163.38968,0.81221735,0.7605593,0.52210915,0.036420316,-0.5018287
295533,0.116832554,-0.8989009,1.5692937,0.163408,-0.380799,1.000201,1.068803,0.68514,2.79885,-5.080874,219.1629,184.85208,188.29716,161.55907,0.7613076,0.7587524,0.5181713,-0.045796897,-0.56909275
295582,0.12597251,-0.8385129,1.7015388,0.189838,-0.335442,1.0919921,1.056741,1.485642,2.7470186,-5.952128,209.435,174.74756,187.35019,156.02711,0.7064799,0.74101645,0.49045122,-0.12890594,-0.60954666
295632,0.13024841,-0.76735985,1.8546675,0.211024,-0.288048,1.2131588,1.044069,2.159765,2.6992364,-5.9075394,192.86523,157.79457,184.24649,153.15807,0.5893612,0.6154015,0.43750593,-0.21178557,-0.6415086
295682,0.12445286,-0.6896015,2.073298,0.225693,-0.238617,1.3539932,1.034566,2.653946,2.4702828,-5.3327646,165.62396,126.551476,168.42451,140.36084,0.48859158,0.43562484,0.34647483,-0.3059277,-0.71930456
295733,0.10643282,-0.6073446,2.2954178,0.23298,-0.187622,1.504483,1.030627,2.945649,2.1895604,-5.3794518,131.54623,88.63512,151.0022,122.69283,0.31683397,0.21590999,0.2303853,-0.3729663,-0.79093504
295783,0.074849896,-0.531344,2.4311457,0.232485,-0.135868,1.6554,1.032777,3.043202,1.8051468,-4.831987,106.40387,63.6197,125.535835,100.107506,0.30947953,0.16318515,0.13842005,-0.40260398,-0.7757458
295832,0.03109132,-0.4648933,2.3310533,0.224306,-0.084267,1.7983038,1.040273,2.965572,1.5565381,-5.026434,111.62193,80.64801,110.50943,84.05782,0.50764894,0.4766381,0.14267865,-0.4023072,-0.5327492
295882,-0.016854832,-0.40289554,2.0420923,0.209041,-0.033614,1.9250572,1.051868,2.723463,1.6478385,-4.6327004,131.82173,126.14412,115.179695,90.80011,0.672238,0.87747383,0.22645654,-0.36893797,-0.1170354
295932,-0.055527415,-0.3327843,1.7265866,0.187761,0.015609,2.027807,1.065895,2.320224,2.0744948,-0.48385367,138.66487,160.93715,130.92906,128.38278,0.5943612,0.8750107,0.30642512,-0.294399,0.30122042
295982,-0.08409992,-0.25247744,1.3744642,0.161942,0.063344,2.099642,1.079876,1.766474,2.2966485,3.6068242,126.9274,175.32703,134.05008,153.03099,0.4505271,0.7970348,0.3577503,-0.17970686,0.72517776
296033,-0.09822232,-0.16910714,1.0024011,0.13338,0.109942,2.1353781,1.090498,1.089495,2.2817829,7.3730354,96.823746,163.37793,123.21112,162.01172,0.24452883,0.5988878,0.35984004,-0.04497987,1.132977
296082,-0.09821795,-0.089945555,0.6688279,0.104063,0.156062,2.1320279,1.094497,0.329917,1.9703865,10.028465,58.48773,131.2771,96.76175,149.53654,0.10217911,0.40190813,0.31124043,0.0675773,1.4632001
296132,-0.08674997,-0.020118942,0.42633295,0.076045,0.202484,2.089002,1.09006,-0.465941,1.5448358,10.592171,25.95066,96.7044,68.68158,124.422874,0.024534285,0.29168293,0.24027698,0.13535598,1.662669
296183,-0.067831546,0.037000306,0.3875468,0.05131,0.249887,2.0082877,1.077868,-1.248523,1.1594975,9.897423,16.994081,83.58182,46.425995,98.511185,0.12675092,0.40525383,0.19075966,0.15207303,1.6207409
296232,-0.042330295,0.08079067,0.59265214,0.031645,0.298659,1.8945582,1.061035,-1.964336,1.0673164,9.250514,39.63623,98.56555,42.366863,91.04769,0.37705332,0.62760663,0.18305287,0.1393937,1.3019061
296282,-0.009406495,0.115176514,0.9768985,0.018538,0.348764,1.75475,1.04389,-2.561305,1.2404954,8.715263,87.16237,123.48917,54.598923,100.463,0.73981756,0.7961515,0.20922694,0.107555114,0.7778516
296332,0.028291915,0.16154703,1.4218018,0.013102,0.399712,1.5968783,1.030265,-3.003799,1.7634287,4.0733156,130.43288,127.59675,99.496376,120.9322,0.7486193,0.6475421,0.23327143,0.05037575,0.17507648
296382,0.055717316,0.21784481,1.9405333,0.016029,0.450623,1.428705,1.022383,-3.284959,2.0585434,-1.8468876,146.00337,95.574005,133.51859,123.79934,0.57892394,0.29080945,0.23138978,-0.047112852,-0.5118284
296432,0.07004605,0.27427182,2.4773982,0.027572,0.500393,1.2572439,1.020994,-3.418961,1.8355044,-8.071217,112.24873,28.807959,135.9564,93.48163,0.21475013,-0.11044997,0.1728314,-0.1518688,-1.2201543
296482,0.07346706,0.32226786,2.9145846,0.047557,0.547895,1.0894368,1.026319,-3.416751,1.132752,-9.860122,49.06354,-38.57905,96.74143,44.852543,-0.050314516,-0.3580735,0.07602576,-0.21400708,-1.8251476
296532,0.07406657,0.3560414,3.0273895,0.075404,0.592203,0.93299985,1.03865,-3.269751,0.4804028,-7.6490088,15.592727,-66.11731,50.151627,9.898718,0.05201015,-0.35480553,0.02558303,-0.23477565,-2.09439
296582,0.069630966,0.3731653,2.780375,0.110172,0.632784,0.796304,1.057813,-2.959354,0.18753505,-8.336592,31.257807,-54.083115,33.656597,-10.214718,0.35805428,-0.09056646,0.05382802,-0.25719252,-1.9840708
296632,0.07151413,0.37452486,2.3082354,0.150598,0.66962,0.68722296,1.081893,-2.481776,0.2861222,-10.867666,88.119774,-1.9538587,46.478184,-10.712912,0.8138766,0.41499507,0.16525176,-0.25695765,-1.6210124
296683,0.06725097,0.38648313,1.7121515,0.195155,0.703245,0.6119671,1.106498,-1.860729,0.9095163,-15.057525,153.5175,75.462875,96.464874,17.224655,1,0.93342125,0.29558268,-0.17125535,-1.1001847
296732,0.06684231,0.41298202,1.2179191,0.242105,0.734684,0.57485104,1.125396,-1.135408,1.7846432,-12.115836,183.46971,132.98457,143.41998,79.6604,0.87845147,0.9295151,0.36245006,-0.053283453,-0.6430681
296783,0.075352006,0.4424512,0.71663505,0.289553,0.765321,0.57888913,1.132471,-0.339417,2.368605,-7.918293,179.14691,171.21507,168.8728,127.20279,0.60128987,0.87374556,0.37358928,0.10275225,-0.13774584
296832,0.092041746,0.47571707,0.2623859,0.335534,0.796701,0.62639594,1.124039,0.508726,2.4386098,-0.86332417,136.84924,173.55885,154.68472,150.14148,0.32316357,0.6987962,0.318417,0.24683955,0.36401007
296882,0.119925976,0.5035944,-0.24709402,0.378083,0.830313,0.7187021,1.100715,1.396587,2.0683486,6.029447,48.19094,125.91746,113.4068,145.13676,-0.17682728,0.28222406,0.1704049,0.37993723,0.965796
296932,0.15009068,0.5195163,-0.7390058,0.415338,0.867372,0.854347,1.068188,2.291904,1.2562581,9.320121,-59.36103,34.836746,53.99256,103.039696,-0.7284353,-0.2397025,-0.038244843,0.4357718,1.5933528
296982,0.17268598,0.5271889,-0.8150285,0.445633,0.908631,1.0261419,1.03639,3.110491,0.2369077,11.63891,-89.97384,4.5266075,-15.818151,45.431614,-0.41827193,-0.0071944892,-0.090392575,0.46024704,1.8411703
297032,0.1850215,0.53597456,-0.64091104,0.467611,0.954262,1.219969,1.016505,3.713054,-0.0595235,11.403146,-73.42548,23.809145,-33.724747,26.28431,-0.12594831,0.3587273,-0.023594946,0.5042465,1.8608801
297082,0.18140408,0.54406774,-0.2203627,0.480304,1.003773,1.4185688,1.016037,3.979581,0.0919002,12.197747,-1.273658,100.17011,-26.35156,37.839085,0.5077572,1,0.19118801,0.51392335,1.6389315
297132,0.18753518,0.5472779,0.38541108,0.483215,1.056032,1.6088278,1.034469,3.919244,0.9379725,15.73502,105.953674,199.77115,17.2205,100.02605,1,1,0.4652509,0.36027595,1.2234168
297182,0.2018576,0.55788916,0.8603168,0.476353,1.109339,1.7859719,1.062898,3.675608,1.8723524,12.965694,168.83582,246.89713,82.90604,151.138,1,1,0.5970513,0.15157297,0.9256549
297232,0.22338319,0.577163,1.2710557,0.460243,1.161556,1.9526522,1.08797,3.419933,2.6272676,4.3197465,199.78856,259.22638,152.83789,175.57056,0.90523404,1,0.628275,-0.05374366,0.68159676
297282,0.2384802,0.60781103,1.738218,0.43588,1.210326,2.1161263,1.096998,3.272406,2.9904869,1.496237,205.27951,237.84196,182.96844,190.84239,0.68747306,1,0.56119555,-0.29504323,0.37790823
297333,0.24461296,0.6469357,2.2472034,0.40465,1.253267,2.2861578,1.081742,3.299626,2.9335244,2.8610904,170.96687,173.76459,175.81702,190.8735,0.4295291,0.5712144,0.37265122,-0.50436157,0.038954735
297382,0.24581416,0.68768114,2.7530942,0.368229,1.288198,2.473748,1.040438,3.538587,2.4002101,1.67165,104.25852,84.98279,145.6146,154.41165,0.0537906,0.018482387,0.11418309,-0.6021363,-0.279346
297432,0.23916572,0.72524613,-2.963155,0.328428,1.313378,2.6892807,0.978627,4.001602,1.3899611,0.4829316,11.721344,-21.062212,85.60185,88.14328,-0.3132069,-0.44960654,-0.19223382,-0.56295025,-0.6307495
297483,0.22920993,0.7542447,-2.524711,0.287075,1.327651,2.937177,0.908898,4.637468,0.40835503,0.5564761,-52.831734,-82.9055,24.05796,26.986416,-0.4007248,-0.5486193,-0.37891215,-0.43424505,-0.82129747
297532,0.22638768,0.77301997,-2.3620317,0.245865,1.330585,-3.075433,0.848667,5.248053,-0.2122074,-0.16497126,-65.16829,-82.881775,-12.828882,-13.697043,-0.21023852,-0.22228852,-0.40580267,-0.38286072,-0.7134013
297582,0.23456442,0.7899174,-2.3293579,0.20626,1.322501,-2.80803,0.814331,5.483375,-0.34595266,-0.001296091,-55.68044,-60.458652,-21.61863,-21.62545,-0.07000774,0.026369363,-0.36709312,-0.3868966,-0.478672
297633,0.25104144,0.80652815,-2.3054292,0.169422,1.304445,-2.5716612,0.812444,5.112545,-0.28439844,0.9659832,-41.188908,-37.898293,-20.316645,-15.233158,0.033299252,0.15507165,-0.31478187,-0.39432895,-0.26623204
297682,0.26338696,0.819165,-2.2199166,0.136178,1.278098,-2.379966,0.834896,4.296208,-0.1532908,1.3839167,-31.792862,-27.57117,-13.222105,-5.9392433,0.033964917,0.14012411,-0.2886973,-0.37875518,-0.16004944
297732,0.26569661,0.8220929,-2.155405,0.106997,1.245586,-2.231755,0.864024,3.379017,-0.059386957,0.81220376,-22.667183,-19.033588,-5.848796,-1.5745738,0.03185603,0.1609548,-0.26558068,-0.3660586,-0.07634974
297782,0.26476604,0.8207317,-2.1212325,0.082056,1.209304,-2.1194537,0.881852,2.57648,0.0063128914,1.0873317,-12.981089,-9.318625,-2.466486,3.2555974,0.079689845,0.19291323,-0.23561072,-0.3589693,0.0017786027
297832,0.2627735,0.8175718,-2.0335264,0.061268,1.171667,-2.034837,0.875652,1.943975,0.06319254,1.8963121,-9.490297,-8.688366,-1.0401376,8.939205,0.09026288,0.12629667,-0.2269068,-0.3383802,-0.0013103485
297882,0.2602671,0.812498,-1.907586,0.044375,1.134946,-1.9712379,0.839396,1.462731,0.08625133,2.111703,-11.222899,-15.121734,-0.16571048,10.947126,0.05425036,0.019705474,-0.23298961,-0.31031916,-0.06365204
297932,0.2582976,0.8069952,-1.8165268,0.031,1.101064,-1.92365,0.77295,1.097803,0.054450963,1.3199302,-13.354375,-19.922747,-0.06988149,6.876251,0.020003513,-0.013764203,-0.2299414,-0.29200613,-0.107123375
297982,0.2566402,0.8011109,-1.7991633,0.020702,1.071468,-1.8883998,0.680839,0.818213,0.022962427,0.5566256,-13.767184,-19.549135,-0.029469606,2.8997726,0.0019946843,0.005744204,-0.20992456,-0.29101795,-0.08923674
298032,0.2570481,0.8026663,-1.7991451,0.013037,1.047088,-1.8628132,0.570633,0.600874,0.009683446,0.23473366,-13.626534,-18.036516,-0.012427578,1.2228583,-0.010462061,0.016916186,-0.18284027,-0.29300654,-0.06366826
298082,0.25805253,0.8063864,-1.8037322,0.007558,1.02824,-1.8448002,0.451439,0.429813,0.00408359,0.098989144,-14.700967,-17.813675,-0.0052408134,0.51568955,-0.035326943,0.0075185597,-0.158039,-0.29494098,-0.041068073
298132,0.25842676,0.80770993,-1.804646,0.003901,1.014922,-1.8328831,0.332751,0.294373,-0.0013620075,0.11500087,-18.240444,-20.390488,-0.3877215,0.21747059,-0.0827328,-0.034428194,-0.1425924,-0.29561394,-0.028237343
298182,0.2585394,0.80812,-1.798284,0.001663,1.006456,-1.8256247,0.223227,0.187888,-0.0080148075,0.2252293,-23.36668,-24.842487,-1.09356,0.09170916,-0.14660326,-0.0999953,-0.13529265,-0.29498908,-0.027340887
298232,0.25847268,0.8082632,-1.7747395,0.000499,1.001951,-1.8218567,0.130292,0.106338,-0.058252767,0.6109571,-30.00246,-31.031076,-5.2483788,-2.033217,-0.1942887,-0.16677102,-0.13742572,-0.29185537,-0.047117237
298282,0.25860375,0.8091784,-1.7104707,0.000061,1.00024,-1.8204429,0.059594,0.047859,-0.12648828,1.1461843,-39.0407,-39.733685,-10.921414,-4.88962,-0.25247064,-0.25590906,-0.15320647,-0.28262457,-0.10997247
298332,0.26017916,0.8191243,-1.6465837,0,1,-1.820245,0.015251,0.012174,-0.23402104,1.0612172,-44.12901,-44.36288,-17.418642,-11.833986,-0.2643773,-0.26523042,-0.16065706,-0.27312732,-0.17366123
298382,0.26218173,0.83743286,-1.5998837,0,1,-1.820245,0.015251,0.012174,-0.36217007,1.0508134,-42.490494,-42.765423,-25.400581,-19.870676,-0.18921454,-0.19573265,-0.15487324,-0.26679882,-0.22036122
