13062,0.315927,0.982864,1.0655987,0.3128117,0.97811306,1.0462551,1.012372,0,-0.639906,1.0162967,0,-0.65243393,1,0,0,0,1,0,0,0,0.0056724073,-0.00031709764,0.019343376,65.92731,63.786236,0,0
13072,0.315927,0.982864,1.0655987,0.3128117,0.97811306,1.0462551,1.012372,0,-0.639906,1.0162967,0,-0.65243393,1,0,0,0,1,0,0,0,0.0056724073,-0.00031709764,0.019343376,65.92731,63.786236,0,0
13075,0.315927,0.982864,1.0655987,0.3128117,0.97811306,1.0462551,1.012372,0,-0.639906,1.0162967,0,-0.65243393,1,0,0,0,1,0,0,0,0.0056724073,-0.00031709764,0.019343376,65.92731,63.786236,0,0
13080,0.315927,0.982864,1.0655987,0.3128117,0.97811306,1.0462551,1.012372,0,-0.639906,1.0162967,0,-0.65243393,1,0,0,0,1,0,0,0,0.0056724073,-0.00031709764,0.019343376,65.92731,63.786236,0,0
13083,0.315927,0.982864,1.0655987,0.3128117,0.97811306,1.0462551,1.012372,0,-0.639906,1.0162967,0,-0.65243393,1,0,0,0,1,0,0,0,0.0056724073,-0.00031709764,0.019343376,65.92731,63.786236,0,0
13086,0.315927,0.982864,1.0655987,0.3128117,0.97811306,1.0462551,1.012372,0,-0.639906,1.0162967,0,-0.65243393,1,0,0,0,1,0,0,0,0.0056724073,-0.00031709764,0.019343376,65.92731,63.786236,0,0
13092,0.315927,0.982864,1.0655987,0.3128117,0.97811306,1.0462551,1.012372,0,-0.639906,1.0162967,0,-0.65243393,1,0,0,0,1,0,0,0,0.0056724073,-0.00031709764,0.019343376,65.92731,63.786236,0,0
13095,0.315927,0.982864,1.0655987,0.3128117,0.97811306,1.0462551,1.012372,0,-0.639906,1.0162967,0,-0.65243393,1,0,0,0,1,0,0,0,0.0056724073,-0.00031709764,0.019343376,65.92731,63.786236,0,0
13098,0.315927,0.982864,1.0655987,0.3128117,0.97811306,1.0462551,1.012372,0,-0.639906,1.0162967,0,-0.65243393,1,0,0,0,1,0,0,0,0.0056724073,-0.00031709764,0.019343376,65.92731,63.786236,0,0
13103,0.315927,0.982864,1.0655987,0.3128117,0.97811306,1.0462551,1.012372,0,-0.639906,1.0162967,0,-0.65243393,1,0,0,0,1,0,0,0,0.0056724073,-0.00031709764,0.019343376,65.92731,63.786236,0,0
13106,0.315927,0.982864,1.0655987,0.3128117,0.97811306,1.0462551,1.012372,0,-0.639906,1.0162967,0,-0.65243393,1,0,0,0,1,0,0,0,0.0056724073,-0.00031709764,0.019343376,65.92731,63.786236,0,0
13112,0.315927,0.982864,1.0655987,0.3128117,0.97811306,1.0462551,1.012372,0,-0.639906,1.0162967,0,-0.65243393,1,0,0,0,1,0,0,0,0.0056724073,-0.00031709764,0.019343376,65.92731,63.786236,0,0
13115,0.315927,0.982864,1.0655987,0.3128117,0.97811306,1.0462551,1.012372,0,-0.639906,1.0162967,0,-0.65243393,1,0,0,0,1,0,0,0,0.0056724073,-0.00031709764,0.019343376,65.92731,63.786236,0,0
13118,0.315927,0.982864,1.0655987,0.3128117,0.97811306,1.0462551,1.012372,0,-0.639906,1.0162967,0,-0.65243393,1,0,0,0,1,0,0,0,0.0056724073,-0.00031709764,0.019343376,65.92731,63.786236,0,0
13123,0.315927,0.982864,1.0655987,0.3128117,0.97811306,1.0462551,1.012372,0,-0.639906,1.0162967,0,-0.65243393,1,0,0,0,1,0,0,0,0.0056724073,-0.00031709764,0.019343376,65.92731,63.786236,0,0
13126,0.315927,0.982864,1.0655987,0.3128117,0.97811306,1.0462551,1.012372,0,-0.639906,1.0162967,0,-0.65243393,1,0,0,0,1,0,0,0,0.0056724073,-0.00031709764,0.019343376,65.92731,63.786236,0,0
13129,0.315927,0.982864,1.0655987,0.3128117,0.97811306,1.0462551,1.012372,0,-0.639906,1.0162967,0,-0.65243393,1,0,0,0,1,0,0,0,0.0056724073,-0.00031709764,0.019343376,65.92731,63.786236,0,0
13135,0.315927,0.982864,1.0655987,0.3128117,0.97811306,1.0462551,1.012372,0,-0.639906,1.0162967,0,-0.65243393,1,0,0,0,1,0,0,0,0.0056724073,-0.00031709764,0.019343376,65.92731,63.786236,0,0
13138,0.315927,0.982864,1.0655987,0.3128117,0.97811306,1.0462551,1.012372,0,-0.639906,1.0162967,0,-0.65243393,1,0,0,0,1,0,0,0,0.0056724073,-0.00031709764,0.019343376,65.92731,63.786236,0,0
13143,0.315927,0.982864,1.0655987,0.3128117,0.97811306,1.0462551,1.012372,0,-0.639906,1.0162967,0,-0.65243393,1,0,0,0,1,0,0,0,0.0056724073,-0.00031709764,0.019343376,65.92731,63.786236,0,0
13146,0.315927,0.982864,1.0655987,0.3128117,0.97811306,1.0462551,1.012372,0,-0.639906,1.0162967,0,-0.65243393,1,0,0,0,1,0,0,0,0.0056724073,-0.00031709764,0.019343376,65.92731,63.786236,0,0
13149,0.315927,0.982864,1.0655987,0.3128117,0.97811306,1.0462551,1.012372,0,-0.639906,1.0162967,0,-0.65243393,1,0,0,0,1,0,0,0,0.0056724073,-0.00031709764,0.019343376,65.92731,63.786236,0,0
13154,0.315927,0.982864,1.0655987,0.3128117,0.97811306,1.0462551,1.012372,0,-0.639906,1.0162967,0,-0.65243393,1,0,0,0,1,0,0,0,0.0056724073,-0.00031709764,0.019343376,65.92731,63.786236,0,0
13157,0.315927,0.982864,1.0655987,0.3128117,0.97811306,1.0462551,1.012372,0,-0.639906,1.0162967,0,-0.65243393,1,0,0,0,1,0,0,0,0.0056724073,-0.00031709764,0.019343376,65.92731,63.786236,0,0
13160,0.315927,0.982864,1.0655987,0.3128117,0.97811306,1.0462551,1.012372,0,-0.639906,1.0162967,0,-0.65243393,1,0,0,0,1,0,0,0,0.0056724073,-0.00031709764,0.019343376,65.92731,63.786236,0,0
13165,0.315927,0.982864,1.0655987,0.3128117,0.97811306,1.0462551,1.012372,0,-0.639906,1.0162967,0,-0.65243393,1,0,0,0,1,0,0,0,0.0056724073,-0.00031709764,0.019343376,65.92731,63.786236,0,0
13168,0.315927,0.982864,1.0655987,0.3128117,0.97811306,1.0462551,1.012372,0,-0.639906,1.0162967,0,-0.65243393,1,0,0,0,1,0,0,0,0.0056724073,-0.00031709764,0.019343376,65.92731,63.786236,0,0
13171,0.315927,0.982864,1.0655987,0.3128117,0.97811306,1.0462551,1.012372,0,-0.639906,1.0162967,0,-0.65243393,1,0,0,0,1,0,0,0,0.0056724073,-0.00031709764,0.019343376,65.92731,63.786236,0,0
13176,0.315927,0.982864,1.0655987,0.3128117,0.97811306,1.0462551,1.012372,0,-0.639906,1.0162967,0,-0.65243393,1,0,0,0,1,0,0,0,0.0056724073,-0.00031709764,0.019343376,65.92731,63.786236,0,0
13179,0.315927,0.982864,1.0655987,0.3128117,0.97811306,1.0462551,1.012372,0,-0.639906,1.0162967,0,-0.65243393,1,0,0,0,1,0,0,0,0.0056724073,-0.00031709764,0.019343376,65.92731,63.786236,0,0
13185,0.315927,0.982864,1.0655987,0.3128117,0.97811306,1.0462551,1.012372,0,-0.639906,1.0162967,0,-0.65243393,1,0,0,0,1,0,0,0,0.0056724073,-0.00031709764,0.019343376,65.92731,63.786236,0,0
13188,0.315927,0.982864,1.0655987,0.3128117,0.97811306,1.0462551,1.012372,0,-0.639906,1.0162967,0,-0.65243393,1,0,0,0,1,0,0,0,0.0056724073,-0.00031709764,0.019343376,65.92731,63.786236,0,0
13191,0.315927,0.982864,1.0655987,0.3128117,0.97811306,1.0462551,1.012372,0,-0.639906,1.0162967,0,-0.65243393,1,0,0,0,1,0,0,0,0.0056724073,-0.00031709764,0.019343376,65.92731,63.786236,0,0
13196,0.315927,0.982864,1.0655987,0.3128117,0.97811306,1.0462551,1.012372,0,-0.639906,1.0162967,0,-0.65243393,1,0,0,0,1,0,0,0,0.0056724073,-0.00031709764,0.019343376,65.92731,63.786236,0,0
13199,0.315927,0.982864,1.0655987,0.3128117,0.97811306,1.0462551,1.012372,0,-0.639906,1.0162967,0,-0.65243393,1,0,0,0,1,0,0,0,0.0056724073,-0.00031709764,0.019343376,65.92731,63.786236,0,0
13202,0.315927,0.982864,1.0655987,0.3128117,0.97811306,1.0462551,1.012372,0,-0.639906,1.0162967,0,-0.65243393,1,0,0,0,1,0,0,0,0.0056724073,-0.00031709764,0.019343376,65.92731,63.786236,0,0
13208,0.315927,0.982864,1.0655987,0.3128117,0.97811306,1.0462551,1.012372,0,-0.639906,1.0162967,0,-0.65243393,1,0,0,0,1,0,0,0,0.0056724073,-0.00031709764,0.019343376,65.92731,63.786236,0,0
13211,0.315927,0.982864,1.0655987,0.3128117,0.97811306,1.0462551,1.012372,0,-0.639906,1.0162967,0,-0.65243393,1,0,0,0,1,0,0,0,0.0056724073,-0.00031709764,0.019343376,65.92731,63.786236,0,0
13216,0.315927,0.982864,1.0655987,0.3128117,0.97811306,1.0462551,1.012372,0,-0.639906,1.0162967,0,-0.65243393,1,0,0,0,1,0,0,0,0.0056724073,-0.00031709764,0.019343376,65.92731,63.786236,0,0
13219,0.315927,0.982864,1.0655987,0.3128117,0.97811306,1.0462551,1.012372,0,-0.639906,1.0162967,0,-0.65243393,1,0,0,0,1,0,0,0,0.0056724073,-0.00031709764,0.019343376,65.92731,63.786236,0,0
13222,0.315927,0.982864,1.0655987,0.3128117,0.97811306,1.0462551,1.012372,0,-0.639906,1.0162967,0,-0.65243393,1,0,0,0,1,0,0,0,0.0056724073,-0.00031709764,0.019343376,65.92731,63.786236,0,0
13227,0.315927,0.982864,1.0655987,0.3128117,0.97811306,1.0462551,1.012372,0,-0.639906,1.0162967,0,-0.65243393,1,0,0,0,1,0,0,0,0.0056724073,-0.00031709764,0.019343376,65.92731,63.786236,0,0
13230,0.315927,0.982864,1.0655987,0.3128117,0.97811306,1.0462551,1.012372,0,-0.639906,1.0162967,0,-0.65243393,1,0,0,0,1,0,0,0,0.0056724073,-0.00031709764,0.019343376,65.92731,63.786236,0,0
13233,0.315927,0.982864,1.0655987,0.3128117,0.97811306,1.0462551,1.012372,0,-0.639906,1.0162967,0,-0.65243393,1,0,0,0,1,0,0,0,0.0056724073,-0.00031709764,0.019343376,65.92731,63.786236,0,0
13238,0.315927,0.982864,1.0655987,0.3128117,0.97811306,1.0462551,1.012372,0,-0.639906,1.0162967,0,-0.65243393,1,0,0,0,1,0,0,0,0.0056724073,-0.00031709764,0.019343376,65.92731,63.786236,0,0
13241,0.315927,0.982864,1.0655987,0.3128117,0.97811306,1.0462551,1.012372,0,-0.639906,1.0162967,0,-0.65243393,1,0,0,0,1,0,0,0,0.0056724073,-0.00031709764,0.019343376,65.92731,63.786236,0,0
13244,0.315927,0.982864,1.0655987,0.3128117,0.97811306,1.0462551,1.012372,0,-0.639906,1.0162967,0,-0.65243393,1,0,0,0,1,0,0,0,0.0056724073,-0.00031709764,0.019343376,65.92731,63.786236,0,0
13249,0.315927,0.982864,1.0655987,0.3128117,0.97811306,1.0462551,1.012372,0,-0.639906,1.0162967,0,-0.65243393,1,0,0,0,1,0,0,0,0.0056724073,-0.00031709764,0.019343376,65.92731,63.786236,0,0
13252,0.315927,0.982864,1.0655987,0.3128117,0.97811306,1.0462551,1.012372,0,-0.639906,1.0162967,0,-0.65243393,1,0,0,0,1,0,0,0,0.0056724073,-0.00031709764,0.019343376,65.92731,63.786236,0,0
13258,0.315927,0.982864,1.0655987,0.3128117,0.97811306,1.0462551,1.012372,0,-0.639906,1.0162967,0,-0.65243393,1,0,0,0,1,0,0,0,0.0056724073,-0.00031709764,0.019343376,65.92731,63.786236,0,0
13261,0.315927,0.982864,1.0655987,0.3128117,0.97811306,1.0462551,1.012372,0,-0.639906,1.0162967,0,-0.65243393,1,0,0,0,1,0,0,0,0.0056724073,-0.00031709764,0.019343376,65.92731,63.786236,0,0
13264,0.315927,0.982864,1.0655987,0.3128117,0.97811306,1.0462551,1.012372,0,-0.639906,1.0162967,0,-0.65243393,1,0,0,0,1,0,0,0,0.0056724073,-0.00031709764,0.019343376,65.92731,63.786236,0,0
13269,0.315927,0.982864,1.0655987,0.3128117,0.97811306,1.0462551,1.012372,0,-0.639906,1.0162967,0,-0.65243393,1,0,0,0,1,0,0,0,0.0056724073,-0.00031709764,0.019343376,65.92731,63.786236,0,0
13272,0.315927,0.982864,1.0655987,0.3128117,0.97811306,1.0462551,1.012372,0,-0.639906,1.0162967,0,-0.65243393,1,0,0,0,1,0,0,0,0.0056724073,-0.00031709764,0.019343376,65.92731,63.786236,0,0
13275,0.315927,0.982864,1.0655987,0.3128117,0.97811306,1.0462551,1.012372,0,-0.639906,1.0162967,0,-0.65243393,1,0,0,0,1,0,0,0,0.0056724073,-0.00031709764,0.019343376,65.92731,63.786236,0,0
13280,0.315927,0.982864,1.0655987,0.3128117,0.97811306,1.0462551,1.012372,0,-0.639906,1.0162967,0,-0.65243393,1,0,0,0,1,0,0,0,0.0056724073,-0.00031709764,0.019343376,65.92731,63.786236,0,0
13284,0.315927,0.982864,1.0655987,0.3128117,0.97811306,1.0462551,1.012372,0,-0.639906,1.0162967,0,-0.65243393,1,0,0,0,1,0,0,0,0.0056724073,-0.00031709764,0.019343376,65.92731,63.786236,0,0
13289,0.315927,0.982864,1.0655987,0.3128117,0.97811306,1.0462551,1.012372,0,-0.639906,1.0162967,0,-0.65243393,1,0,0,0,1,0,0,0,0.0056724073,-0.00031709764,0.019343376,65.92731,63.786236,0,0
13292,0.315927,0.982864,1.0655987,0.3128117,0.97811306,1.0462551,1.012372,0,-0.639906,1.0162967,0,-0.65243393,1,0,0,0,1,0,0,0,0.0056724073,-0.00031709764,0.019343376,65.92731,63.786236,0,0
13295,0.315927,0.982864,1.0655987,0.3128117,0.97811306,1.0462551,1.012372,0,-0.639906,1.0162967,0,-0.65243393,1,0,0,0,1,0,0,0,0.0056724073,-0.00031709764,0.019343376,65.92731,63.786236,0,0
13300,0.315927,0.982864,1.0655987,0.3128117,0.97811306,1.0462551,1.012372,0,-0.639906,1.0162967,0,-0.65243393,1,0,0,0,1,0,0,0,0.0056724073,-0.00031709764,0.019343376,65.92731,63.786236,0,0
13303,0.315927,0.982864,1.0655987,0.3128117,0.97811306,1.0462551,1.012372,0,-0.639906,1.0162967,0,-0.65243393,1,0,0,0,1,0,0,0,0.0056724073,-0.00031709764,0.019343376,65.92731,63.786236,0,0
13307,0.315927,0.982864,1.0655987,0.3128117,0.97811306,1.0462551,1.012372,0,-0.639906,1.0162967,0,-0.65243393,1,0,0,0,1,0,0,0,0.0056724073,-0.00031709764,0.019343376,65.92731,63.786236,0,0
13312,0.315927,0.982864,1.0655987,0.3128117,0.97811306,1.0462551,1.012372,0,-0.639906,1.0162967,0,-0.65243393,1,0,0,0,1,0,0,0,0.0056724073,-0.00031709764,0.019343376,65.92731,63.786236,0,0
13315,0.315927,0.982864,1.0655987,0.3128117,0.97811306,1.0462551,1.012372,0,-0.639906,1.0162967,0,-0.65243393,1,0,0,0,1,0,0,0,0.0056724073,-0.00031709764,0.019343376,65.92731,63.786236,0,0
13362,0.444853,1.259986,1.2887619,0.32435772,0.9969198,1.0351734,1.035617,0,1.289719,2.4720728,0,1.3048679,1,0,0,0,1,0,0,0,0.28772205,0.030642815,0.2535882,131.47961,155.67606,0,0
13412,0.457949,1.311787,1.3571198,0.48825115,1.2921083,1.2092298,1.055802,0,1.369416,2.966488,0,-2.6097329,1,0,0,0,1,0,0,0,0.0076872827,0.035304062,0.14789008,58.32537,76.53335,0,0
13462,0.467809,1.365821,1.4222839,0.51965445,1.3743289,1.4010231,1.082885,0,1.349241,1.0162967,0,7.1767755,1,0,0,0,1,0,0,0,-0.01714528,0.049662612,0.021260738,57.716785,67.969025,0,0
13512,0.474502,1.422034,1.4806492,0.53831714,1.441325,1.6177,1.115183,0,1.245206,1.2360365,0,3.262171,1,0,0,0,1,0,0,0,-0.01627765,0.06464944,-0.13705063,64.86335,64.071236,0,0
13562,0.478265,1.480216,1.529865,0.54266685,1.4985222,1.7920243,1.1496,0,1.081634,1.4008415,0,-0.65243536,1,0,0,0,1,0,0,0,-0.0037284251,0.06684919,-0.26215935,73.694534,62.998375,0,0
13612,0.479494,1.539986,1.5686691,0.53351533,1.5611924,1.8325398,1.182042,0,0.882912,1.3459064,0,-3.262171,1,0,0,0,1,0,0,0,-0.006505264,0.057668846,-0.2638707,75.82613,63.15574,0,0
13662,0.478719,1.600803,1.5965269,0.5195063,1.6246687,1.7301525,1.20795,0,0.667595,1.4008414,0,-1.9573019,1,0,0,0,1,0,0,0,-0.017091088,0.04405756,-0.13362549,72.501625,67.532326,0,0
13712,0.476576,1.661973,1.6132271,0.51209426,1.6938981,1.6254882,1.222831,0,0.446141,1.483244,0,-1.3048664,1,0,0,0,1,0,0,0,-0.02993576,0.03721032,-0.012260914,66.58288,69.42064,0,0
13762,0.47378,1.722668,1.6185057,0.51087314,1.7653358,1.6206404,1.222701,0,0.2211,1.3459066,0,0.65243393,1,0,0,0,1,0,0,0,-0.04076664,0.03917292,-0.0021348,63.6975,66.20854,0,0
13813,0.471087,1.781956,1.6117079,0.5077644,1.8366047,1.704667,1.204439,0,-0.012006,1.318439,0,1.3048693,1,0,0,0,1,0,0,0,-0.049264427,0.04364325,-0.09295893,63.828667,58.364937,0,0
13862,0.469263,1.838837,1.5914261,0.49976325,1.9035622,1.7423376,1.166063,0,-0.264438,1.2360364,0,-0.65243393,1,0,0,0,1,0,0,0,-0.058568753,0.041101262,-0.15091133,61.052574,50.103745,0,0
13912,0.469041,1.892288,1.5550239,0.49177715,1.9646585,1.6610526,1.106968,0,-0.555423,1.0986991,0,-3.9146037,1,0,0,0,1,0,0,0,-0.070026666,0.029166639,-0.10602856,53.752724,44.451214,0,0
13962,0.471095,1.941315,1.4979241,0.490152,2.0180712,1.5472926,1.028144,0,-0.915588,0.98882926,0,-1.3048679,1,0,0,0,1,0,0,0,-0.077182785,0.017247843,-0.04936838,46.20425,38.741848,0,0
14012,0.476005,1.984997,1.4125202,0.4938831,2.0643308,1.5107542,0.93244,0,-1.393224,0.85149187,0,-0.65243465,1,0,0,0,1,0,0,0,-0.08026362,0.013085403,-0.098234184,41.783222,29.061558,0,0
14062,0.484228,2.022543,1.286782,0.49906838,2.1057305,1.4665462,0.824957,0,-2.062686,0.7416219,0,-1.9573019,1,0,0,0,1,0,0,0,-0.08428026,0.0061032167,-0.17976426,37.030426,17.01987,0,0
14112,0.496083,2.053335,1.1040361,0.50509846,2.1398273,1.3213737,0.713696,0,-3.0241,0.63175195,0,-4.5670385,1,0,0,0,1,0,0,0,-0.08604123,-0.012613661,-0.21733761,32.316063,6.399037,0,0
14162,0.51173,2.076974,0.85008,0.5131913,2.1621428,1.1380329,0.610584,0,-4.341625,0.46694717,0,-4.5670395,1,0,0,0,1,0,0,0,-0.07792998,-0.034391627,-0.2879531,31.903004,-2.5580468,0,0
14212,0.531167,2.0933,0.5372629,0.52857286,2.1839778,0.8366337,0.532063,0,-5.786605,0.4120122,0,-5.8719077,1,0,0,0,1,0,0,0,-0.06558046,-0.06267683,-0.29937077,34.037464,-7.376719,0,0
14263,0.554225,2.102415,0.22262692,0.54437673,2.1951165,0.5177433,0.495588,0,-6.517269,0.38454473,0,-6.524341,1,0,0,0,1,0,0,0,-0.03732228,-0.08542595,-0.29511642,41.506527,-3.2299533,0,0
14312,0.580584,2.10468,-0.035012007,0.5606237,2.200162,0.15538935,0.508022,0,-5.851743,0.4944146,0,-7.8292093,1,0,0,0,1,0,0,0,0.0049425624,-0.09742059,-0.19040132,51.78219,13.353151,0,0
14362,0.609782,2.100705,-0.22096705,0.5844778,2.2011805,-0.1895338,0.557657,0,-4.415277,0.63175195,0,-5.8719077,1,0,0,0,1,0,0,0,0.043780744,-0.09390892,-0.031433348,60.14754,34.151817,0,0
14412,0.641245,2.091315,-0.34878612,0.615991,2.1924014,-0.46169484,0.623861,0,-3.076983,0.9064268,0,-3.262171,1,0,0,0,1,0,0,0,0.06764045,-0.0792527,0.11290885,64.4244,51.10943,0,0
14462,0.674307,2.077515,-0.43530798,0.6515693,2.1714249,-0.68874854,0.689061,0,-2.093729,0.98882926,0,-2.6097367,1,0,0,0,1,0,0,0,0.07724095,-0.058051027,0.25344062,64.09994,62.72925,0,0
14512,0.708253,2.060428,-0.49281192,0.6869624,2.1391392,-0.78402454,0.741702,0,-1.407874,1.0986991,0,0,1,0,0,0,1,0,0,0,0.070656165,-0.04069964,0.29121256,61.7337,66.81959,0,0
14562,0.742346,2.041246,-0.52899194,0.7243692,2.0988905,-0.75359553,0.775068,0,-0.917435,1.0986992,0,1.3048693,1,0,0,0,1,0,0,0,0.05255345,-0.029735494,0.22460364,59.332947,64.67838,0,0
14612,0.775867,2.021157,-0.54828596,0.7638055,2.059139,-0.68592423,0.78589,0,-0.54423,1.0437642,0,0,1,0,0,0,1,0,0,0,0.033390936,-0.021752149,0.13763835,56.34204,59.74756,0,0
14662,0.808145,2.001291,-0.5528569,0.8063791,2.0226154,-0.65352297,0.773469,0,-0.234572,0.98882926,0,-1.3048679,1,0,0,0,1,0,0,0,0.0143669965,-0.015856788,0.100666046,50.494297,53.781292,0,0
14712,0.838585,1.982658,-0.543108,0.83985096,1.9953513,-0.6593353,0.739109,0,0.05042,0.87895936,0,0,1,0,0,0,1,0,0,0,0.0067752004,-0.010808273,0.116227396,45.075283,50.501057,0,0
14762,0.866701,1.966106,-0.51779103,0.879335,1.9626504,-0.6489934,0.685699,0,0.343627,0.8240243,0,0,1,0,0,0,1,0,0,0,-0.012153935,-0.004882701,0.13120222,35.38574,42.753376,0,0
14812,0.892124,1.952283,-0.4737401,0.9098713,1.9389786,-0.5952577,0.617339,0,0.679436,0.6042846,0,1.3048686,1,0,0,0,1,0,0,0,-0.022154933,0.0010648603,0.12151766,27.907091,36.22909,0,0
14862,0.914606,1.941622,-0.40525103,0.93426996,1.9218376,-0.51630116,0.539004,0,1.101187,0.57681704,0,1.9573026,1,0,0,0,1,0,0,0,-0.026867738,0.0074981106,0.11105013,21.076305,30.771082,0,0
14912,0.934038,1.934327,-0.30303097,0.9563931,1.9095706,-0.42475328,0.456271,0,1.669134,0.46694717,0,0.6524343,1,0,0,0,1,0,0,0,-0.030570695,0.013344125,0.12172222,13.470605,25.94526,0,0
14962,0.950424,1.930393,-0.15361094,0.97580445,1.9011415,-0.3277744,0.375048,0,2.465021,0.3845447,0,2.609737,1,0,0,0,1,0,0,0,-0.033446327,0.019523256,0.17416334,5.0253696,22.332851,0,0
15012,0.963885,1.929619,0.057785034,0.9938177,1.8959801,-0.18984814,0.301472,0,3.565716,0.35707724,0,3.262171,1,0,0,0,1,0,0,0,-0.035742853,0.027385853,0.24763322,-3.6312788,20.06038,0,0
15062,0.974629,1.931647,0.33297992,1.0069412,1.8943568,0.027835505,0.241622,0,4.906486,0.19227235,0,4.567039,1,0,0,0,1,0,0,0,-0.03126184,0.038174964,0.3051443,-9.736511,20.959217,0,0
15112,0.982934,1.935998,0.63809395,1.015142,1.8958216,0.27719098,0.200471,0,5.98574,0.19227235,0,4.567039,1,0,0,0,1,0,0,0,-0.019984055,0.047456644,0.36090302,-12.03362,24.237131,0,0
15162,0.989123,1.942118,0.91453576,1.0212969,1.8984399,0.5379544,0.179021,0,5.998845,0.21973984,0,5.2194734,1,0,0,0,1,0,0,0,-0.005249759,0.05399426,0.37658143,-9.0874815,26.944056,0,0
15212,0.993542,1.949425,1.1283801,1.0297377,1.9049658,0.81533414,0.17194,0,4.943875,0.27467477,0,6.524341,1,0,0,0,1,0,0,0,0.007547619,0.056831192,0.313046,-2.4879973,27.181494,0,0
15262,0.996537,1.957344,1.2814128,1.037242,1.9147642,1.0958987,0.170543,0,3.625779,0.27467477,0,5.2194734,1,0,0,0,1,0,0,0,0.01925572,0.055670127,0.18551397,5.2082443,26.57519,0,0
15312,0.998438,1.965354,1.3886869,1.0430417,1.9280189,1.3141749,0.167913,0,2.550717,0.3021423,0,3.2621706,1,0,0,0,1,0,0,0,0.024791379,0.052619226,0.074512,10.192267,24.68377,0,0
15362,0.999537,1.973001,1.4640381,1.0467403,1.944369,1.4298227,0.160566,0,1.786662,0.27467477,0,1.3048685,1,0,0,0,1,0,0,0,0.021715602,0.050758038,0.03421545,11.133758,21.14027,0,0
15412,1.000087,1.97993,1.5173028,1.0487698,1.9617788,1.5044906,0.14763,0,1.259824,0.32960975,0,1.3048683,1,0,0,0,1,0,0,0,0.014885813,0.04977848,0.012812138,9.922101,16.903406,0,0
15462,1.00029,1.985895,1.555011,1.049992,1.9791387,1.5732193,0.129798,0,0.892567,0.27467477,0,1.3048685,1,0,0,0,1,0,0,0,0.0068767243,0.04968541,-0.018208504,7.6693473,12.420868,0,0
15512,1.000301,1.990751,1.5814521,1.0502551,1.9929221,1.6312579,0.108556,0,0.630105,0.19227235,0,0.6524342,1,0,0,0,1,0,0,0,0.00085138204,0.049993962,-0.049805637,5.4427896,8.588787,0,0
15562,1.000227,1.994473,1.5995972,1.0494974,2.0046444,1.6876123,0.085699,0,0.437577,0.19227235,0,0.6524342,1,0,0,0,1,0,0,0,-0.004359605,0.050120085,-0.08801508,3.1279864,5.0906444,0,0
15612,1.000136,1.997087,1.6113899,1.04859,2.0117865,1.7201746,0.063052,0,0.293378,0.10986992,0,1.3048685,1,0,0,0,1,0,0,0,-0.0073246895,0.05010196,-0.108784676,1.251711,2.4630613,0,0
15662,1.000063,1.998741,1.61849,1.0481468,2.0148182,1.7531384,0.04224,0,0.184596,0.08240244,0,0.6524342,1,0,0,0,1,0,0,0,-0.0070914207,0.050202075,-0.13464831,0.2814883,0.9617966,0,0
15712,1.00002,1.99962,1.6221511,1.0477691,2.0167024,1.8041378,0.024632,0,0.103562,0.02746748,0,0.6524342,1,0,0,0,1,0,0,0,-0.0055784984,0.050404977,-0.18198681,-0.20621361,0.096461676,0,0
15763,1.000003,1.999953,1.6235201,1.0477291,2.0170443,1.8448613,0.011261,0,0.046394,0.05493496,0,0,1,0,0,0,1,0,0,0,-0.0035364702,0.050570652,-0.22134115,-0.36099446,-0.2549855,0,0
15813,1,2,1.6237109,1.0477433,2.0171177,1.8556602,0.002881,0,0.011767,-0,0,0,1,0,0,0,1,0,0,0,-0.0030107405,0.050629802,-0.23194933,-0.68388385,-0.6591767,0,0
15862,1,2,1.6237109,1.0473049,2.018697,1.8749639,0.002881,0,0.011767,0.05493496,0,1.3048683,1,0,0,0,1,0,0,0,-0.003670997,0.050733157,-0.25125313,-0.86871237,-0.8474058,0,0
15912,1,2,1.6237109,1.0471747,2.0192924,1.905267,0.002881,0,0.011767,0.02746748,0,0.6524342,1,0,0,0,1,0,0,0,-0.0027372548,0.050893556,-0.28155613,-0.6048818,-0.5888791,0,0
15962,1,2,1.6237109,1.0471747,2.0192924,1.905267,0.002881,0,0.011767,0.02746748,0,0.6524342,1,0,0,0,1,0,0,0,-0.0027372548,0.050893556,-0.28155613,-0.6048818,-0.5888791,0,0
16012,1,2,1.6237109,1.0471747,2.0192924,1.905267,0.002881,0,0.011767,0.05493496,0,1.3048683,1,0,0,0,1,0,0,0,-0.0027372548,0.050893556,-0.28155613,-0.6048818,-0.5888791,0,0
16062,1,2,1.6237109,1.0471747,2.0192924,1.905267,0.002881,0,0.011767,0.02746748,0,0.6524342,1,0,0,0,1,0,0,0,-0.0027372548,0.050893556,-0.28155613,-0.6048818,-0.5888791,0,0
16112,1,2,1.6237109,1.0471747,2.0192924,1.905267,0.002881,0,0.011767,0.02746748,0,0.6524342,1,0,0,0,1,0,0,0,-0.0027372548,0.050893556,-0.28155613,-0.6048818,-0.5888791,0,0
16162,1,2,1.6237109,1.0471747,2.0192924,1.905267,0.002881,0,0.011767,0.02746748,0,0.6524342,1,0,0,0,1,0,0,0,-0.0027372548,0.050893556,-0.28155613,-0.6048818,-0.5888791,0,0
16212,1,2,1.6237109,1.0471747,2.0192924,1.905267,0.002881,0,0.011767,-0,0,0,1,0,0,0,1,0,0,0,-0.0027372548,0.050893556,-0.28155613,-0.6048818,-0.5888791,0,0
16262,1,2,1.6237109,1.0471747,2.0192924,1.905267,0.002881,0,0.011767,0.02746748,0,0.6524342,1,0,0,0,1,0,0,0,-0.0027372548,0.050893556,-0.28155613,-0.6048818,-0.5888791,0,0
16312,1,2,1.6237109,1.0471747,2.0192924,1.905267,0.002881,0,0.011767,-0,0,0,1,0,0,0,1,0,0,0,-0.0027372548,0.050893556,-0.28155613,-0.6048818,-0.5888791,0,0
16362,1,2,1.6237109,1.0471747,2.0192924,1.905267,0.002881,0,0.011767,0.02746748,0,0.6524342,1,0,0,0,1,0,0,0,-0.0027372548,0.050893556,-0.28155613,-0.6048818,-0.5888791,0,0
16412,1,2,1.6237109,1.0471747,2.0192924,1.905267,0.002881,0,0.011767,-0,0,0,1,0,0,0,1,0,0,0,-0.0027372548,0.050893556,-0.28155613,-0.6048818,-0.5888791,0,0
16462,1,2,1.6237109,1.0471747,2.0192924,1.905267,0.002881,0,0.011767,-0,0,0,1,0,0,0,1,0,0,0,-0.0027372548,0.050893556,-0.28155613,-0.6048818,-0.5888791,0,0
16512,1,2,1.6237109,1.0471747,2.0192924,1.905267,0.002881,0,0.011767,-0,0,0,1,0,0,0,1,0,0,0,-0.0027372548,0.050893556,-0.28155613,-0.6048818,-0.5888791,0,0
16562,1,2,1.6237109,1.0471747,2.0192924,1.905267,0.002881,0,0.011767,-0,0,0,1,0,0,0,1,0,0,0,-0.0027372548,0.050893556,-0.28155613,-0.6048818,-0.5888791,0,0
16612,1,2,1.6237109,1.0471747,2.0192924,1.905267,0.002881,0,0.011767,-0,0,0,1,0,0,0,1,0,0,0,-0.0027372548,0.050893556,-0.28155613,-0.6048818,-0.5888791,0,0
16662,1,2,1.6237109,1.0471747,2.0192924,1.905267,0.002881,0,0.011767,-0,0,0,1,0,0,0,1,0,0,0,-0.0027372548,0.050893556,-0.28155613,-0.6048818,-0.5888791,0,0
16712,1,2,1.6237109,1.0471747,2.0192924,1.905267,0.002881,0,0.011767,-0,0,0,1,0,0,0,1,0,0,0,-0.0027372548,0.050893556,-0.28155613,-0.6048818,-0.5888791,0,0
16762,1,2,1.6237109,1.0471747,2.0192924,1.905267,0.002881,0,0.011767,-0,0,0,1,0,0,0,1,0,0,0,-0.0027372548,0.050893556,-0.28155613,-0.6048818,-0.5888791,0,0
16813,1,2,1.6237109,1.0471747,2.0192924,1.905267,0.002881,0,0.011767,-0,0,0,1,0,0,0,1,0,0,0,-0.0027372548,0.050893556,-0.28155613,-0.6048818,-0.5888791,0,0
16862,1,2,1.6237109,1.0471747,2.0192924,1.905267,0.002881,0,0.011767,-0,0,0,1,0,0,0,1,0,0,0,-0.0027372548,0.050893556,-0.28155613,-0.6048818,-0.5888791,0,0
16912,1,2,1.6237109,1.0471747,2.0192924,1.905267,0.002881,0,0.011767,-0,0,0,1,0,0,0,1,0,0,0,-0.0027372548,0.050893556,-0.28155613,-0.6048818,-0.5888791,0,0
16962,1,2,1.6237109,1.0471747,2.0192924,1.905267,0.002881,0,0.011767,-0,0,0,1,0,0,0,1,0,0,0,-0.0027372548,0.050893556,-0.28155613,-0.6048818,-0.5888791,0,0
