ts,x,y,yaw,x_des,y_des,yaw_des,v_ff,w_ff,v_actual,w_actual,omega_l_cmd,omega_r_cmd,omega_l_meas,omega_r_meas,duty_l,duty_r,x_err,y_err,yaw_err,x_raw,y_raw,yaw_raw,acc_x,acc_y,acc_z,gyro_x,gyro_y,gyro_z
100987,0.519692,-0.034588,1.547758,0.499013,0.031395,1.633628,0.628319,1.256637,-0.000000,0.000000,,,0.000000,0.000000,0.000000,0.000000,,,,,,,,,,,,
100990,,,,,,,,,,,52.315777,62.772114,,,,,0.065489,0.022193,0.085870,,,,,,,,,
100997,,,,,,,,,-0.000000,0.000000,,,0.000000,0.000000,0.533621,0.640276,,,,0.519689,-0.034601,1.547758,,,,,,
101005,,,,,,,,,,,,,2.722716,3.811802,0.516312,0.613950,,,,0.519688,-0.034607,1.547758,,,,,,
101008,,,,,,,,,0.329610,1.304868,,,,,,,,,,,,,,,,,,
101012,,,,,,,,,,,,,,,,,,,,0.519731,-0.034589,1.547759,,,,,,
101017,,,,,,,,,0.878959,2.609737,,,9.369955,12.464485,0.458429,0.537484,,,,,,,,,,,,
101020,,,,,,,,,,,,,,,,,,,,0.519742,-0.034572,1.547694,,,,,,
101027,,,,,,,,,1.263504,2.609736,,,18.774742,24.101196,0.371089,0.428851,,,,0.519770,-0.034680,1.544044,,,,,,
101031,0.519600,-0.029410,1.555231,0.496057,0.062667,1.696460,0.628319,1.256637,,,58.322548,71.016159,,,,,0.091699,0.024973,0.141229,,,,,,,,,
101035,,,,,,,,,1.126167,1.957302,,,27.232475,32.803238,0.352798,0.431914,,,,0.519765,-0.034151,1.544223,,,,,,
101045,,,,,,,,,,,,,32.715179,37.946960,0.303092,0.387091,,,,0.519762,-0.032927,1.540183,,,,,,
101048,,,,,,,,,1.071232,1.957303,,,,,,,,,,,,,,,,,,
101057,,,,,,,,,1.016297,1.957302,,,36.783783,43.908516,0.266714,0.332897,,,,,,,,,,,,
101064,,,,,,,,,,,,,,,,,,,,0.519869,-0.029768,1.543892,,,,,,
101067,,,,,,,,,1.016297,3.262172,,,39.662560,48.380028,0.241658,0.292709,,,,,,,,,,,,
101072,,,,,,,,,,,,,,,,,,,,0.519957,-0.027484,1.547757,,,,,,
101077,,,,,,,,,0.769089,2.609737,,,39.906590,49.419640,0.242901,0.286632,,,,,,,,,,,,
101081,0.519801,-0.024421,1.559334,0.491144,0.093691,1.759292,0.628319,1.256637,,,64.067169,79.156815,,,,,0.117776,0.030009,0.199958,,,,,,,,,
101086,,,,,,,,,0.714154,2.609737,,,39.022831,49.749825,0.314194,0.370618,,,,0.520047,-0.024703,1.555446,,,,,,
101095,,,,,,,,,0.604285,3.914605,,,37.734695,49.483101,0.332342,0.379220,,,,0.520219,-0.021731,1.559333,,,,,,
101105,,,,,,,,,,,,,37.195400,49.258678,0.343109,0.387444,,,,0.520276,-0.018066,1.567196,,,,,,
101108,,,,,,,,,0.714154,2.609737,,,,,,,,,,0.520487,-0.014261,1.571179,,,,,,
101117,,,,,,,,,0.686687,1.957303,,,37.830723,49.614391,0.342003,0.389795,,,,,,,,,,,,
101124,,,,,,,,,,,,,,,,,,,,0.520595,-0.009936,1.567196,,,,,,
101127,,,,,,,,,0.878959,3.914604,,,38.909828,51.547321,0.336243,0.375988,,,,,,,,,,,,
101131,0.520264,-0.007472,1.582958,0.484292,0.124345,1.822124,0.628319,1.256637,,,66.998940,83.693275,,,,,0.132245,0.034366,0.239166,0.520774,-0.005249,1.570781,,,,,,
101137,,,,,,,,,0.741622,0.652433,,,39.817787,51.540058,0.361918,0.427856,,,,,,,,,,,,
101146,,,,,,,,,0.878959,2.609737,,,41.126286,52.623032,0.354007,0.423240,,,,0.520960,0.000213,1.574691,,,,,,
101154,,,,,,,,,,,,,,,,,,,,0.520982,0.005664,1.582501,,,,,,
101157,,,,,,,,,0.933894,1.304869,,,42.771797,54.623333,0.342398,0.409051,,,,,,,,,,,,
101161,,,,,,,,,,,,,,,,,,,,0.520975,0.011511,1.590238,,,,,,
101167,,,,,,,,,0.906427,3.262171,,,44.156334,56.306385,0.333121,0.397698,,,,,,,,,,,,
101175,,,,,,,,,0.933894,1.304869,,,45.865826,57.177963,0.320253,0.394285,,,,0.521011,0.018005,1.597978,,,,,,
101181,0.520788,0.019782,1.602188,0.475528,0.154508,1.884956,0.628319,1.256637,,,66.734161,85.231659,,,,,0.136080,0.041009,0.282768,0.521250,0.024670,1.598011,,,,,,
101187,,,,,,,,,0.933894,3.914605,,,46.215103,58.455853,0.318216,0.402245,,,,0.521333,0.031839,1.613358,,,,,,
101197,,,,,,,,,0.933894,1.304869,,,47.053528,58.986523,0.313768,0.402187,,,,,,,,,,,,
101205,,,,,,,,,,,,,47.758980,59.977573,0.310508,0.397328,,,,0.521425,0.039717,1.628675,,,,,,
101208,,,,,,,,,0.906427,3.262171,,,,,,,,,,0.521557,0.047326,1.639915,,,,,,
101217,,,,,,,,,0.933894,1.304869,,,48.897091,60.811443,0.302694,0.393873,,,,,,,,,,,,
101224,,,,,,,,,,,,,,,,,,,,0.521418,0.055509,1.658718,,,,,,
101227,,,,,,,,,1.016297,4.567039,,,49.310154,62.602150,0.302049,0.380492,,,,,,,,,,,,
101231,0.520803,0.056738,1.673120,0.464888,0.184062,1.947787,0.628319,1.256637,,,65.916641,84.137001,,,,,0.132369,0.042617,0.274667,0.521049,0.064290,1.677462,,,,,,
101237,,,,,,,,,0.961362,1.957303,,,50.202248,63.564304,0.288095,0.364038,,,,,,,,,,,,
101245,,,,,,,,,0.988829,2.609737,,,50.952854,64.373863,0.283582,0.359895,,,,0.520573,0.073375,1.703371,,,,,,
101253,,,,,,,,,,,,,,,,,,,,0.519878,0.082618,1.728989,,,,,,
101257,,,,,,,,,0.961362,3.262171,,,51.039871,65.055023,0.285687,0.356900,,,,,,,,,,,,
101265,,,,,,,,,,,,,52.202175,63.994522,0.276807,0.371534,,,,0.518639,0.092454,1.757997,,,,,,
101268,,,,,,,,,0.961362,-0.652434,,,,,,,,,,,,,,,,,,
101275,,,,,,,,,0.988829,3.914606,,,52.635593,65.280388,0.275129,0.362446,,,,0.517484,0.101915,1.783028,,,,,,
101281,0.516966,0.102195,1.790213,0.452414,0.212890,2.010619,0.628319,1.256637,,,64.628189,80.687897,,,,,0.122091,0.038910,0.220406,0.515819,0.111920,1.814874,,,,,,
101287,,,,,,,,,1.071232,4.567039,,,53.000271,66.906860,0.260923,0.314447,,,,,,,,,,,,
101290,,,,,,,,,,,,,,,,,,,,0.514073,0.121996,1.846288,,,,,,
101297,,,,,,,,,1.016297,3.262172,,,53.307114,67.730835,0.260119,0.308799,,,,,,,,,,,,
101305,,,,,,,,,,,,,54.109833,67.879578,0.254196,0.309873,,,,0.511773,0.132214,1.877318,,,,,,
101308,,,,,,,,,0.988829,1.304868,,,,,,,,,,,,,,,,,,
101312,,,,,,,,,,,,,,,,,,,,0.509142,0.142244,1.918146,,,,,,
101317,,,,,,,,,1.071232,3.262170,,,54.240696,68.549278,0.254965,0.305603,,,,0.506199,0.152160,1.945062,,,,,,
101327,,,,,,,,,0.988829,2.609737,,,54.895348,69.112762,0.250365,0.302284,,,,,,,,,,,,
101331,0.505930,0.151947,1.943005,0.438153,0.240877,2.073451,0.628319,1.256637,,,62.975075,75.360283,,,,,0.107489,0.030795,0.130446,,,,,,,,,
101334,,,,,,,,,,,,,,,,,,,,0.502767,0.161835,1.975101,,,,,,
101337,,,,,,,,,1.043764,3.914604,,,54.901630,70.131416,0.235385,0.239867,,,,,,,,,,,,
101341,,,,,,,,,,,,,,,,,,,,0.498947,0.171439,2.011315,,,,,,
101347,,,,,,,,,1.043764,2.609737,,,55.451458,70.443970,0.231392,0.237724,,,,,,,,,,,,
101355,,,,,,,,,,,,,55.369541,70.162407,0.233732,0.241580,,,,0.494989,0.181083,2.043926,,,,,,
101358,,,,,,,,,1.043764,2.609737,,,,,,,,,,,,,,,,,,
101365,,,,,,,,,,,,,55.300617,69.380959,0.235956,0.250590,,,,0.490821,0.190924,2.076198,,,,,,
101368,,,,,,,,,0.906427,1.957303,,,,,,,,,,,,,,,,,,
101371,,,,,,,,,,,,,,,,,,,,0.486309,0.200812,2.104986,,,,,,
101377,,,,,,,,,1.043764,2.609737,,,55.787167,69.812538,0.232528,0.247384,,,,,,,,,,,,
101381,0.486091,0.200674,2.102332,0.422164,0.267913,2.136283,0.628319,1.256637,,,60.473618,68.850677,,,,,0.090364,0.021027,0.033951,,,,,,,,,
101384,,,,,,,,,,,,,,,,,,,,0.481568,0.210648,2.133426,,,,,,
101387,,,,,,,,,0.988829,1.304868,,,56.196548,69.086578,0.204275,0.189500,,,,,,,,,,,,
101392,,,,,,,,,,,,,,,,,,,,0.476220,0.219873,2.158464,,,,,,
101397,,,,,,,,,0.961362,1.957303,,,55.996460,68.475761,0.207172,0.195683,,,,,,,,,,,,
101407,,,,,,,,,0.988829,2.609737,,,55.828106,67.961815,0.209784,0.201001,,,,,,,,,,,,
101414,,,,,,,,,,,,,,,,,,,,0.464939,0.237931,2.201905,,,,,,
101417,,,,,,,,,0.933894,1.304869,,,55.686451,66.984840,0.212158,0.211143,,,,,,,,,,,,
101425,,,,,,,,,,,,,55.567265,66.162811,0.214331,0.219901,,,,0.458919,0.246594,2.213967,,,,,,
101428,,,,,,,,,0.906427,0.652435,,,,,,,,,,,,,,,,,,
101431,0.459199,0.245975,2.207333,0.404508,0.293893,2.199115,0.628319,1.256637,,,55.952183,62.546593,,,,,0.071043,0.015497,-0.008218,,,,,,,,,
101436,,,,,,,,,0.933894,1.304869,,,55.466980,64.926613,0.170217,0.168746,,,,0.452858,0.255109,2.226147,,,,,,
101443,,,,,,,,,,,,,,,,,,,,0.446769,0.263573,2.232077,,,,,,
101447,,,,,,,,,0.906427,0.652435,,,55.382603,63.886478,0.171175,0.178880,,,,,,,,,,,,
101453,,,,,,,,,,,,,,,,,,,,0.446769,0.263573,2.232077,,,,,,
101457,,,,,,,,,0.878959,0.000000,,,55.311607,63.011311,0.172013,0.187539,,,,,,,,,,,,
101465,,,,,,,,,,,,,55.251869,61.730400,0.172750,0.200511,,,,0.440634,0.271698,2.240911,,,,,,
101468,,,,,,,,,0.906427,0.652435,,,,,,,,,,,,,,,,,,
101471,,,,,,,,,,,,,,,,,,,,0.434468,0.279312,2.240494,,,,,,
101477,,,,,,,,,0.851492,-0.652435,,,54.657063,60.652641,0.178957,0.211667,,,,0.429045,0.286300,2.247039,,,,,,
101481,0.429483,0.285811,2.240972,0.385257,0.318712,2.261947,0.628319,1.256637,,,50.375294,58.102753,,,,,0.053254,0.014225,0.020975,,,,,,,,,
101486,,,,,,,,,0.878959,1.304869,,,54.156593,60.290359,0.127437,0.170414,,,,0.423502,0.293287,2.253268,,,,,,
101494,,,,,,,,,,,,,,,,,,,,0.418436,0.300128,2.259575,,,,,,
101497,,,,,,,,,0.824024,1.304869,,,53.190956,58.896446,0.136530,0.184195,,,,,,,,,,,,
101502,,,,,,,,,,,,,,,,,,,,0.412893,0.307103,2.268804,,,,,,
101507,,,,,,,,,0.796557,0.652434,,,52.378468,58.268154,0.144254,0.190444,,,,,,,,,,,,
101516,,,,,,,,,0.769089,1.304867,,,51.694839,57.194965,0.150827,0.201358,,,,0.407524,0.313876,2.277896,,,,,,
101525,,,,,,,,,,,,,50.575092,56.836529,0.161984,0.205195,,,,0.402221,0.320635,2.287100,,,,,,
101528,,,,,,,,,0.824024,2.609737,,,,,,,,,,,,,,,,,,
101531,0.402206,0.320292,2.294172,0.364484,0.342274,2.324779,0.628319,1.256637,,,46.858452,54.958057,,,,,0.041446,0.013725,0.030607,0.396976,0.326593,2.299224,,,,,,
101537,,,,,,,,,0.796557,0.652434,,,49.632938,56.534939,0.135682,0.176449,,,,,,,,,,,,
101545,,,,,,,,,,,,,48.840210,55.736637,0.143213,0.184276,,,,0.392064,0.332243,2.317486,,,,,,
101548,,,,,,,,,0.741622,1.957302,,,,,,,,,,,,,,,,,,
101553,,,,,,,,,,,,,,,,,,,,0.386984,0.337805,2.329738,,,,,,
101557,,,,,,,,,0.769089,1.304867,,,47.628666,55.064945,0.155175,0.190972,,,,,,,,,,,,
101561,,,,,,,,,,,,,,,,,,,,0.382083,0.343121,2.347954,,,,,,
101567,,,,,,,,,0.741622,1.957302,,,46.609272,54.499786,0.165418,0.196715,,,,,,,,,,,,
101575,,,,,,,,,0.741622,1.957302,,,46.296097,54.024261,0.168663,0.201657,,,,0.376894,0.348540,2.362949,,,,,,
101586,0.376852,0.348403,2.365386,0.342274,0.364484,2.387610,0.628319,1.256637,0.714154,2.609737,45.494404,53.242115,44.943504,53.624153,0.168658,0.188422,0.035940,0.012750,0.022223,0.371855,0.353579,2.380887,,,,,,
101591,,,,,,,,,,,,,,,,,,,,0.366582,0.358645,2.398750,,,,,,
101597,,,,,,,,,0.741622,0.652433,,,44.894520,52.742958,0.169268,0.197334,,,,,,,,,,,,
101605,,,,,,,,,,,,,44.308762,52.001522,0.175363,0.204997,,,,0.361515,0.363487,2.413691,,,,,,
101608,,,,,,,,,0.741622,1.957302,,,,,,,,,,,,,,,,,,
101612,,,,,,,,,,,,,,,,,,,,0.356206,0.368151,2.425611,,,,,,
101617,,,,,,,,,0.714155,0.000000,,,43.815907,51.377678,0.180627,0.211608,,,,,,,,,,,,
101627,,,,,,,,,0.769089,2.609737,,,43.945759,51.397320,0.179638,0.211781,,,,0.351070,0.372694,2.443378,,,,,,
101631,0.350797,0.372772,2.447780,0.318712,0.385257,2.450442,0.628319,1.256637,,,44.985401,51.920708,,,,,0.032652,0.010919,0.002662,,,,,,,,,
101634,,,,,,,,,,,,,,,,,,,,0.346048,0.377219,2.458338,,,,,,
101637,,,,,,,,,0.741622,1.957302,,,43.510475,51.413845,0.179196,0.198503,,,,,,,,,,,,
101642,,,,,,,,,,,,,,,,,,,,0.340938,0.381638,2.473094,,,,,,
101647,,,,,,,,,0.769089,1.304867,,,43.688770,51.427750,0.177672,0.198462,,,,,,,,,,,,
101656,,,,,,,,,0.714154,1.304868,,,43.294243,50.894905,0.181956,0.203996,,,,0.335919,0.385578,2.490814,,,,,,
101664,,,,,,,,,,,,,,,,,,,,0.330470,0.389913,2.502568,,,,,,
101667,,,,,,,,,0.659220,1.304869,,,42.417744,50.446571,0.191234,0.208774,,,,,,,,,,,,
101671,,,,,,,,,,,,,,,,,,,,0.324758,0.394308,2.517086,,,,,,
101677,,,,,,,,,0.741622,0.652433,,,42.224804,50.069344,0.193716,0.212916,,,,,,,,,,,,
101685,0.324513,0.394445,2.514006,0.293893,0.404508,2.513274,0.628319,1.256637,0.659220,1.304869,44.513161,51.292271,,,,,0.030694,0.009834,-0.000732,0.319122,0.398560,2.531608,,,,,,
101688,,,,,,,,,,,,,42.062462,49.207401,0.191107,0.215668,,,,,,,,,,,,
101693,,,,,,,,,,,,,,,,,,,,0.313346,0.402930,2.543158,,,,,,
101697,,,,,,,,,0.741622,1.957302,,,41.925869,49.571247,0.192991,0.212374,,,,,,,,,,,,
101707,,,,,,,,,0.741622,0.652433,,,41.810940,49.332844,0.194680,0.215150,,,,,,,,,,,,
101715,,,,,,,,,,,,,41.714237,49.132252,0.196207,0.217588,,,,0.301739,0.411201,2.566362,,,,,,
101718,,,,,,,,,0.714154,2.609737,,,,,,,,,,,,,,,,,,
101722,,,,,,,,,,,,,,,,,,,,0.295876,0.415303,2.580776,,,,,,
101727,,,,,,,,,0.714155,0.000000,,,42.177418,48.963474,0.192042,0.219742,,,,,,,,,,,,
101731,0.295845,0.415300,2.575172,0.267913,0.422164,2.576106,0.628319,1.256637,,,43.518536,50.351109,,,,,0.027253,0.009196,0.000934,0.289797,0.419189,2.592286,,,,,,
101737,,,,,,,,,0.714154,1.304868,,,42.022591,48.821465,0.183944,0.212056,,,,,,,,,,,,
101745,,,,,,,,,,,,,41.892323,48.701977,0.185572,0.213581,,,,0.283600,0.423126,2.603740,,,,,,
101748,,,,,,,,,0.741622,1.957302,,,,,,,,,,,,,,,,,,
101752,,,,,,,,,,,,,,,,,,,,0.277313,0.427057,2.615173,,,,,,
101757,,,,,,,,,0.714155,0.000000,,,42.327255,48.601440,0.181460,0.214936,,,,,,,,,,,,
101766,,,,,,,,,0.769089,2.609737,,,42.148666,49.061394,0.183520,0.210594,,,,0.271102,0.430954,2.626696,,,,,,
101774,,,,,,,,,,,,,,,,,,,,0.264860,0.434772,2.638163,,,,,,
101777,,,,,,,,,0.741622,0.652433,,,41.998402,49.448399,0.185327,0.206905,,,,,,,,,,,,
101785,0.264804,0.434759,2.635613,0.240877,0.438153,2.638938,0.628319,1.256637,,,42.160534,49.076694,41.871967,49.229481,0.173069,0.196319,0.022574,0.008627,0.003325,,,,,,,,,
101788,,,,,,,,,0.714154,2.609737,,,,,,,,,,0.258879,0.438614,2.655277,,,,,,
101796,,,,,,,,,0.741622,0.652433,,,42.310131,49.045284,0.168657,0.198168,,,,0.252476,0.442332,2.669541,,,,,,
101803,,,,,,,,,,,,,,,,,,,,0.246067,0.445710,2.683769,,,,,,
101807,,,,,,,,,0.714154,1.304868,,,42.134258,48.890301,0.170421,0.199755,,,,,,,,,,,,
101811,,,,,,,,,,,,,,,,,,,,0.239556,0.449284,2.697966,,,,,,
101817,,,,,,,,,0.686687,0.652435,,,41.986279,48.759895,0.171936,0.201122,,,,,,,,,,,,
101820,,,,,,,,,,,,,,,,,,,,0.232851,0.452646,2.709256,,,,,,
101827,,,,,,,,,0.741622,1.957302,,,41.861767,49.194717,0.173241,0.196750,,,,,,,,,,,,
101831,0.232743,0.452523,2.711285,0.212890,0.452414,2.701770,0.628319,1.256637,,,41.129139,47.530933,,,,,0.017998,0.008381,-0.009515,,,,,,,,,
101835,,,,,,,,,,,,,41.757004,49.016033,0.163849,0.182783,,,,0.226232,0.455807,2.723388,,,,,,
101838,,,,,,,,,0.714154,1.304868,,,,,,,,,,,,,,,,,,
101845,,,,,,,,,,,,,41.124313,48.321144,0.170177,0.189573,,,,0.219494,0.458951,2.737548,,,,,,
101848,,,,,,,,,0.659220,1.304869,,,,,,,,,,,,,,,,,,
101857,,,,,,,,,0.741622,0.652433,,,41.136509,48.281010,0.170054,0.189825,,,,,,,,,,,,
101864,,,,,,,,,,,,,,,,,,,,0.205935,0.464921,2.762828,,,,,,
101867,,,,,,,,,0.714154,1.304868,,,41.146770,48.247238,0.169947,0.190019,,,,,,,,,,,,
101872,,,,,,,,,,,,,,,,,,,,0.199218,0.467780,2.779708,,,,,,
101877,,,,,,,,,0.714154,1.304868,,,41.155407,47.674282,0.169856,0.195720,,,,,,,,,,,,
101880,0.193184,0.470066,2.789726,0.184062,0.464888,2.764602,0.628319,1.256637,,,38.276363,44.051460,,,,,0.006778,0.008004,-0.025124,0.192577,0.470409,2.790937,,,,,,
101887,,,,,,,,,0.357077,0.652434,,,41.707214,48.281281,0.135124,0.154009,,,,,,,,,,,,
101895,,,,,,,,,,,,,41.082420,47.158382,0.140811,0.164617,,,,0.185841,0.472931,2.805024,,,,,,
101898,,,,,,,,,1.016297,1.957302,,,,,,,,,,,,,,,,,,
101903,,,,,,,,,,,,,,,,,,,,0.179233,0.475376,2.816247,,,,,,
101907,,,,,,,,,0.631752,0.652435,,,40.556717,46.758118,0.145611,0.168078,,,,,,,,,,,,
101910,,,,,,,,,,,,,,,,,,,,0.172437,0.477855,2.827401,,,,,,
101917,,,,,,,,,0.686687,1.957303,,,40.114391,46.965878,0.149667,0.165418,,,,,,,,,,,,
101924,,,,,,,,,,,,,,,,,,,,0.165723,0.480077,2.835825,,,,,,
101927,,,,,,,,,0.686687,0.652435,,,39.742218,46.051601,0.153096,0.174161,,,,,,,,,,,,
101931,0.165306,0.480183,2.834693,0.154508,0.475528,2.827433,0.628319,1.256637,,,38.529453,45.007183,,,,,0.008887,0.007699,-0.007260,0.158994,0.482215,2.846900,,,,,,
101937,,,,,,,,,0.631752,1.957303,,,39.429073,45.826874,0.158578,0.185801,,,,,,,,,,,,
101940,,,,,,,,,,,,,,,,,,,,0.152291,0.484471,2.855193,,,,,,
101947,,,,,,,,,0.686687,0.652435,,,39.710136,45.637787,0.155531,0.187566,,,,,,,,,,,,
101954,,,,,,,,,,,,,,,,,,,,0.145854,0.486395,2.866339,,,,,,
101957,,,,,,,,,0.659220,1.304869,,,39.402077,45.478691,0.158437,0.189063,,,,,,,,,,,,
101961,,,,,,,,,,,,,,,,,,,,0.139176,0.488334,2.877465,,,,,,
101967,,,,,,,,,0.659220,1.304869,,,39.142876,45.344826,0.160907,0.190334,,,,,,,,,,,,
101976,,,,,,,,,0.659220,1.304869,,,38.924786,45.776733,0.163009,0.185861,,,,0.132750,0.490177,2.885887,,,,,,
101981,0.132821,0.490090,2.887064,0.124345,0.484292,2.890265,0.628319,1.256637,,,37.719227,44.612934,,,,,0.006743,0.007745,0.003201,0.126389,0.491989,2.897000,,,,,,
101987,,,,,,,,,0.686687,0.652435,,,39.285828,45.595600,0.150983,0.183533,,,,,,,,,,,,
101991,,,,,,,,,,,,,,,,,,,,0.120326,0.493712,2.908242,,,,,,
101997,,,,,,,,,0.659220,1.304869,,,39.045067,45.443195,0.153125,0.184891,,,,,,,,,,,,
102006,,,,,,,,,0.631752,0.652435,,,38.842487,44.770416,0.154926,0.191587,,,,0.114071,0.495325,2.919442,,,,,,
102016,,,,,,,,,0.659220,1.304869,,,38.672039,44.748886,0.156440,0.191775,,,,0.114071,0.495325,2.919442,,,,,,
102024,,,,,,,,,,,,,,,,,,,,0.108023,0.496943,2.933500,,,,,,
102027,,,,,,,,,0.686687,1.957303,,,38.528622,45.275311,0.157712,0.186379,,,,,,,,,,,,
102031,0.107286,0.496968,2.937813,0.093691,0.491144,2.953097,0.628319,1.256637,,,38.984741,46.371937,,,,,0.012135,0.008454,0.015284,0.102167,0.498306,2.947505,,,,,,
102037,,,,,,,,,0.631752,0.652435,,,37.863411,44.629158,0.177244,0.210779,,,,,,,,,,,,
102045,,,,,,,,,,,,,37.848244,44.630032,0.177623,0.211118,,,,0.096288,0.499668,2.961528,,,,,,
102048,,,,,,,,,0.659220,2.609737,,,,,,,,,,0.089975,0.500957,2.975362,,,,,,
102056,,,,,,,,,0.659220,1.304869,,,37.290939,44.630764,0.183535,0.211459,,,,0.083662,0.502144,2.989172,,,,,,
102064,,,,,,,,,,,,,,,,,,,,0.077032,0.503145,3.003041,,,,,,
102067,,,,,,,,,0.631752,1.957303,,,37.366566,44.631382,0.183102,0.211801,,,,,,,,,,,,
102071,,,,,,,,,,,,,,,,,,,,0.070521,0.504180,3.016867,,,,,,
102077,,,,,,,,,0.659220,1.304869,,,37.430199,44.631901,0.182777,0.212144,,,,,,,,,,,,
102081,0.070881,0.504043,3.015707,0.062667,0.496057,3.015929,0.628319,1.256637,,,37.879963,44.679489,,,,,0.007146,0.008954,0.000223,,,,,,,,,
102085,,,,,,,,,,,,,37.483738,44.632339,0.171273,0.195225,,,,0.064219,0.505036,3.033539,,,,,,
102088,,,,,,,,,0.659220,1.304869,,,,,,,,,,,,,,,,,,
102093,,,,,,,,,,,,,,,,,,,,0.057656,0.505840,3.044660,,,,,,
102097,,,,,,,,,0.659220,1.304869,,,37.528786,44.632706,0.170892,0.195230,,,,,,,,,,,,
102107,,,,,,,,,0.631752,0.652435,,,37.566689,44.633015,0.170576,0.195237,,,,,,,,,,,,
102117,,,,,,,,,0.686687,1.957303,,,37.598583,45.177818,0.170313,0.189689,,,,,,,,,,,,
102122,,,,,,,,,,,,,,,,,,,,0.037387,0.508210,3.088795,,,,,,
102127,,,,,,,,,0.659220,1.304869,,,37.625420,45.091671,0.170096,0.190468,,,,,,,,,,,,
102131,0.037443,0.508116,3.088135,0.031395,0.499013,3.078761,0.628319,1.256637,,,37.616096,44.043983,,,,,0.005553,0.009413,-0.009374,0.030797,0.508845,3.102659,,,,,,
102137,,,,,,,,,0.686687,1.957303,,,37.647999,45.019188,0.167225,0.184643,,,,,,,,,,,,
102145,,,,,,,,,,,,,37.666996,44.958202,0.167025,0.185070,,,,0.024016,0.509295,3.119267,,,,,,
102148,,,,,,,,,0.631752,0.652435,,,,,,,,,,,,,,,,,,
102153,,,,,,,,,,,,,,,,,,,,0.017508,0.509759,3.133101,,,,,,
102157,,,,,,,,,0.686687,1.957303,,,37.682980,44.906887,0.166852,0.185410,,,,,,,,,,,,
102165,,,,,,,,,,,,,37.696430,44.863712,0.166701,0.185678,,,,0.010764,0.509964,-3.133413,,,,,,
102168,,,,,,,,,0.659220,1.304869,,,,,,,,,,,,,,,,,,
102171,,,,,,,,,,,,,,,,,,,,0.010764,0.509964,-3.133413,,,,,,
102177,,,,,,,,,0.631752,0.652435,,,37.707745,44.827385,0.166570,0.185885,,,,,,,,,,,,
102181,0.010353,0.509902,-3.135849,0.000000,0.500000,-3.141592,0.628319,1.256637,,,38.906910,45.487354,,,,,0.010410,0.009842,-0.005743,0.004273,0.510159,-3.116807,,,,,,
102187,,,,,,,,,0.686687,1.957303,,,37.717266,44.796818,0.179621,0.200762,,,,-0.002195,0.510208,-3.102938,,,,,,
102197,,,,,,,,,0.659220,1.304869,,,37.725277,44.771099,0.179777,0.201162,,,,-0.008826,0.510077,-3.094569,,,,,,
102207,,,,,,,,,0.631752,0.652435,,,37.732018,44.749458,0.179944,0.201526,,,,-0.015390,0.509798,-3.083530,,,,,,
102216,,,,,,,,,0.659220,1.304869,,,37.737690,44.731251,0.180121,0.201860,,,,-0.021907,0.509339,-3.072397,,,,,,
102224,,,,,,,,,,,,,,,,,,,,-0.028661,0.508725,-3.058733,,,,,,
102227,,,,,,,,,0.686687,0.652435,,,37.742462,44.715931,0.180307,0.202167,,,,,,,,,,,,
102231,-0.028267,0.508750,-3.062467,-0.031395,0.499013,-3.078760,0.628319,1.256637,,,37.281017,43.435261,,,,,0.003888,0.009459,-0.016294,-0.035385,0.508219,-3.047718,,,,,,
102237,,,,,,,,,0.686687,1.957303,,,38.291019,44.703041,0.158360,0.181522,,,,,,,,,,,,
102240,,,,,,,,,,,,,,,,,,,,-0.042484,0.507786,-3.036655,,,,,,
102247,,,,,,,,,0.604285,1.304869,,,37.663490,44.692196,0.164559,0.181379,,,,,,,,,,,,
102256,,,,,,,,,0.659220,0.000000,,,38.224575,44.138527,0.158759,0.186775,,,,-0.049417,0.507127,-3.025811,,,,,,
102266,,,,,,,,,0.659220,1.304869,,,38.152126,44.217213,0.159310,0.185832,,,,-0.056295,0.506558,-3.014858,,,,,,
102273,,,,,,,,,,,,,,,,,,,,-0.063261,0.505988,-3.003740,,,,,,
102277,,,,,,,,,0.659220,1.304869,,,38.091167,44.283421,0.159757,0.185000,,,,,,,,,,,,
102281,-0.063074,0.505913,-3.003196,-0.062667,0.496057,-3.015929,0.628319,1.256637,,,36.384560,42.687153,,,,,0.000957,0.009818,-0.012733,-0.070038,0.505215,-2.989896,,,,,,
102287,,,,,,,,,0.659220,1.304869,,,38.039879,44.339127,0.150974,0.176631,,,,,,,,,,,,
102296,,,,,,,,,0.659220,1.304869,,,37.996723,44.385998,0.151084,0.175823,,,,-0.076957,0.504340,-2.981632,,,,,,
102303,,,,,,,,,,,,,,,,,,,,-0.083726,0.503411,-2.970355,,,,,,
102307,,,,,,,,,0.659220,1.304869,,,37.960411,43.880890,0.151132,0.180635,,,,,,,,,,,,
102311,,,,,,,,,,,,,,,,,,,,-0.090422,0.502505,-2.959230,,,,,,
102317,,,,,,,,,0.631752,0.652435,,,37.385315,44.000439,0.156682,0.179177,,,,,,,,,,,,
102325,,,,,,,,,,,,,37.445972,44.101025,0.155863,0.177888,,,,-0.097167,0.501453,-2.939729,,,,,,
102328,,,,,,,,,0.631752,1.957303,,,,,,,,,,,,,,,,,,
102331,-0.096912,0.501341,-2.936846,-0.093691,0.491144,-2.953098,0.628319,1.256637,,,35.871227,42.050529,,,,,-0.001080,0.010638,-0.016252,-0.103783,0.500244,-2.928550,,,,,,
102337,,,,,,,,,0.659220,1.304869,,,37.497013,44.185658,0.149895,0.170249,,,,,,,,,,,,
102342,,,,,,,,,,,,,,,,,,,,-0.110345,0.498938,-2.917468,,,,,,
102347,,,,,,,,,0.659220,1.304869,,,36.995415,44.256870,0.154686,0.169095,,,,,,,,,,,,
102357,,,,,,,,,0.631752,1.957303,,,37.117912,43.772243,0.153211,0.173597,,,,,,,,,,,,
102364,,,,,,,,,,,,,,,,,,,,-0.122927,0.496002,-2.895198,,,,,,
102367,,,,,,,,,0.631752,0.652435,,,37.220982,43.364479,0.151911,0.177412,,,,,,,,,,,,
102371,,,,,,,,,,,,,,,,,,,,-0.129024,0.494476,-2.884066,,,,,,
102377,,,,,,,,,0.659220,1.304869,,,37.307705,43.565929,0.150756,0.175095,,,,,,,,,,,,
102385,-0.129018,0.494404,-2.883022,-0.124345,0.484292,-2.890266,0.628319,1.256637,,,35.453747,41.997032,,,,,-0.001933,0.010971,-0.007244,-0.135211,0.492847,-2.875687,,,,,,
102388,,,,,,,,,0.576817,0.652434,,,37.925217,44.279972,0.139912,0.166963,,,,,,,,,,,,
102393,,,,,,,,,,,,,,,,,,,,-0.141124,0.491236,-2.864435,,,,,,
102397,,,,,,,,,0.714154,1.304868,,,37.355705,43.247139,0.145227,0.177041,,,,,,,,,,,,
102407,,,,,,,,,0.576817,0.652434,,,36.876518,42.922657,0.149734,0.180101,,,,,,,,,,,,
102415,,,,,,,,,0.659220,1.304869,,,37.017872,43.194180,0.148008,0.177146,,,,-0.152691,0.488214,-2.844611,,,,,,
102423,,,,,,,,,,,,,,,,,,,,-0.158533,0.486533,-2.830597,,,,,,
102427,,,,,,,,,0.659220,1.304869,,,36.592266,43.422638,0.152036,0.174576,,,,,,,,,,,,
102431,-0.158707,0.486402,-2.829524,-0.154508,0.475528,-2.827434,0.628319,1.256637,,,35.621521,42.548370,,,,,-0.000657,0.011638,0.002090,-0.165096,0.484623,-2.819496,,,,,,
102437,,,,,,,,,0.604285,1.304869,,,36.778702,43.070320,0.151618,0.183508,,,,,,,,,,,,
102445,,,,,,,,,,,,,35.846485,42.773880,0.160895,0.186428,,,,-0.171213,0.482875,-2.808326,,,,,,
102448,,,,,,,,,0.576817,1.957303,,,,,,,,,,,,,,,,,,
102452,,,,,,,,,,,,,,,,,,,,-0.177176,0.480898,-2.794303,,,,,,
102457,,,,,,,,,0.631752,0.652435,,,36.151203,42.524456,0.157742,0.188927,,,,,,,,,,,,
102460,,,,,,,,,,,,,,,,,,,,-0.182990,0.478801,-2.780287,,,,,,
102467,,,,,,,,,0.604285,1.304869,,,35.863049,42.314590,0.160575,0.191072,,,,,,,,,,,,
102474,,,,,,,,,,,,,,,,,,,,-0.188642,0.476869,-2.766114,,,,,,
102477,,,,,,,,,0.659220,1.304869,,,35.620598,42.682552,0.163000,0.187366,,,,,,,,,,,,
102485,-0.188733,0.476735,-2.765963,-0.184062,0.464888,-2.764601,0.628319,1.256637,,,35.810223,42.729927,35.961140,42.447613,0.161451,0.191587,0.000001,0.012734,0.001361,,,,,,,,,
102488,,,,,,,,,0.604285,1.304869,,,,,,,,,,-0.194373,0.474798,-2.752037,,,,,,
102495,,,,,,,,,,,,,35.703129,42.794479,0.164053,0.188106,,,,-0.199859,0.472629,-2.737792,,,,,,
102498,,,,,,,,,0.631752,1.957303,,,,,,,,,,,,,,,,,,
102503,,,,,,,,,,,,,,,,,,,,-0.205595,0.470229,-2.723714,,,,,,
102507,,,,,,,,,0.631752,1.957303,,,35.486038,42.541786,0.166289,0.190670,,,,,,,,,,,,
102511,,,,,,,,,,,,,,,,,,,,-0.211534,0.467832,-2.709615,,,,,,
102517,,,,,,,,,0.576817,0.652434,,,35.303379,42.329170,0.168217,0.192876,,,,,,,,,,,,
102526,,,,,,,,,0.686687,1.957303,,,35.149689,42.694820,0.169886,0.189227,,,,-0.217214,0.465502,-2.695374,,,,,,
102531,-0.217452,0.465263,-2.693088,-0.212890,0.452414,-2.701770,0.628319,1.256637,,,36.410538,42.948074,,,,,0.001461,0.013557,-0.008682,,,,,,,,,
102534,,,,,,,,,,,,,,,,,,,,-0.222848,0.463046,-2.678345,,,,,,
102537,,,,,,,,,0.576817,1.957303,,,35.020374,43.002480,0.177460,0.188321,,,,,,,,,,,,
102545,,,,,,,,,,,,,35.456112,42.716801,0.173293,0.191224,,,,-0.228242,0.460664,-2.663980,,,,,,
102548,,,,,,,,,0.659220,1.304869,,,,,,,,,,,,,,,,,,
102557,,,,,,,,,0.604285,1.304869,,,35.278198,43.020973,0.175299,0.188168,,,,,,,,,,,,
102564,,,,,,,,,,,,,,,,,,,,-0.239606,0.455148,-2.635470,,,,,,
102567,,,,,,,,,0.604285,1.304869,,,35.128502,42.732361,0.177052,0.191097,,,,,,,,,,,,
102571,,,,,,,,,,,,,,,,,,,,-0.245415,0.452258,-2.624008,,,,,,
102577,,,,,,,,,0.631752,0.652435,,,35.547092,42.489521,0.173039,0.193617,,,,,,,,,,,,
102581,-0.245435,0.452155,-2.627069,-0.240877,0.438153,-2.638938,0.628319,1.256637,,,36.874973,43.303432,,,,,0.002923,0.014432,-0.011868,,,,,,,,,
102586,,,,,,,,,0.659220,1.304869,,,35.899292,42.829739,0.174357,0.193863,,,,-0.251271,0.449123,-2.612643,,,,,,
102593,,,,,,,,,,,,,,,,,,,,-0.257020,0.445996,-2.601210,,,,,,
102597,,,,,,,,,0.631752,0.652435,,,36.195633,42.571453,0.171529,0.196592,,,,,,,,,,,,
102605,,,,,,,,,,,,,35.900433,42.898678,0.174676,0.193401,,,,-0.262378,0.442829,-2.586833,,,,,,
102608,,,,,,,,,0.659220,1.304869,,,,,,,,,,,,,,,,,,
102615,,,,,,,,,0.631752,1.957303,,,36.196594,43.174004,0.171850,0.190674,,,,-0.267736,0.439727,-2.575249,,,,,,
102623,,,,,,,,,,,,,,,,,,,,-0.273534,0.436400,-2.563710,,,,,,
102627,,,,,,,,,0.631752,0.652435,,,36.445786,42.861118,0.169444,0.193891,,,,,,,,,,,,
102631,-0.273458,0.436375,-2.566291,-0.267913,0.422164,-2.576106,0.628319,1.256637,,,36.874077,43.394093,,,,,0.003079,0.014941,-0.009815,-0.278847,0.432908,-2.549248,,,,,,
102637,,,,,,,,,0.686687,1.957303,,,36.655453,43.142403,0.167382,0.192035,,,,,,,,,,,,
102645,,,,,,,,,,,,,36.287327,43.379074,0.171181,0.189671,,,,-0.284328,0.429316,-2.537661,,,,,,
102648,,,,,,,,,0.631752,0.652435,,,,,,,,,,,,,,,,,,
102652,,,,,,,,,,,,,,,,,,,,-0.289752,0.425613,-2.526050,,,,,,
102657,,,,,,,,,0.604285,1.304869,,,36.522125,43.033665,0.168903,0.193198,,,,,,,,,,,,
102660,,,,,,,,,,,,,,,,,,,,-0.295065,0.422069,-2.514419,,,,,,
102667,,,,,,,,,0.714154,1.304868,,,37.264229,43.287582,0.161404,0.190680,,,,,,,,,,,,
102675,,,,,,,,,,,,,37.344093,43.501228,0.160511,0.188522,,,,-0.300326,0.418392,-2.502764,,,,,,
102678,,,,,,,,,0.659220,1.304869,,,,,,,,,,,,,,,,,,
102681,-0.300342,0.418321,-2.502621,-0.293893,0.404508,-2.513274,0.628319,1.256637,,,36.885399,43.372044,,,,,0.003061,0.014934,-0.010653,-0.305500,0.414834,-2.491088,,,,,,
102687,,,,,,,,,0.604285,1.304869,,,36.866749,43.680988,0.165402,0.186442,,,,,,,,,,,,
102690,,,,,,,,,,,,,,,,,,,,-0.310778,0.411122,-2.479372,,,,,,
102697,,,,,,,,,0.659220,1.304869,,,37.009651,43.832241,0.163948,0.184837,,,,,,,,,,,,
102705,,,,,,,,,,,,,37.129890,43.414959,0.162697,0.189002,,,,-0.315864,0.407329,-2.467613,,,,,,
102708,,,,,,,,,0.659220,1.304869,,,,,,,,,,,,,,,,,,
102712,,,,,,,,,,,,,,,,,,,,-0.321107,0.403568,-2.455822,,,,,,
102717,,,,,,,,,0.631752,0.652435,,,36.686516,43.608402,0.167170,0.187020,,,,,,,,,,,,
102720,,,,,,,,,,,,,,,,,,,,-0.326328,0.399421,-2.444075,,,,,,
102727,,,,,,,,,0.631752,1.957303,,,36.858006,43.226624,0.165461,0.190867,,,,,,,,,,,,
102731,-0.326200,0.399330,-2.440779,-0.318712,0.385257,-2.450443,0.628319,1.256637,,,36.941280,43.480103,,,,,0.003351,0.015585,-0.009664,,,,,,,,,
102735,,,,,,,,,0.604285,0.000000,,,37.002296,42.905396,0.164564,0.195275,,,,-0.331453,0.395293,-2.432286,,,,,,
102745,,,,,,,,,,,,,36.579159,43.179657,0.168868,0.192592,,,,-0.336591,0.390931,-2.417521,,,,,,
102748,,,,,,,,,0.659220,1.304869,,,,,,,,,,,,,,,,,,
102757,,,,,,,,,0.631752,1.957303,,,36.767673,43.410419,0.167018,0.190298,,,,,,,,,,,,
102764,,,,,,,,,,,,,,,,,,,,-0.346890,0.382154,-2.396794,,,,,,
102767,,,,,,,,,0.631752,0.652435,,,36.926292,43.060040,0.165435,0.193886,,,,,,,,,,,,
102772,,,,,,,,,,,,,,,,,,,,-0.351788,0.377800,-2.384858,,,,,,
102777,,,,,,,,,0.714154,1.304868,,,37.604298,43.309772,0.158522,0.191423,,,,,,,,,,,,
102781,-0.351868,0.377602,-2.384078,-0.342274,0.364484,-2.387611,0.628319,1.256637,,,36.447964,43.240723,,,,,0.002043,0.016123,-0.003532,,,,,,,,,
102786,,,,,,,,,0.659220,1.304869,,,37.085682,43.519897,0.158647,0.186872,,,,-0.356572,0.373446,-2.372969,,,,,,
102793,,,,,,,,,,,,,,,,,,,,-0.361418,0.368937,-2.360983,,,,,,
102797,,,,,,,,,0.659220,1.304869,,,37.193863,43.696697,0.157416,0.185013,,,,,,,,,,,,
102807,,,,,,,,,0.631752,0.652435,,,37.284885,43.845459,0.156339,0.183404,,,,,,,,,,,,
102815,,,,,,,,,,,,,37.361473,43.426083,0.155390,0.187561,,,,-0.370322,0.359985,-2.340036,,,,,,
102818,,,,,,,,,0.604285,1.304869,,,,,,,,,,,,,,,,,,
102823,,,,,,,,,,,,,,,,,,,,-0.375141,0.355220,-2.328022,,,,,,
102827,,,,,,,,,0.659220,1.304869,,,37.425915,43.617764,0.154550,0.185569,,,,,,,,,,,,
102831,-0.375136,0.355134,-2.327252,-0.364484,0.342274,-2.324779,0.628319,1.256637,,,36.324165,43.364174,,,,,0.002042,0.016573,0.002474,-0.379784,0.350646,-2.312892,,,,,,
102837,,,,,,,,,0.659220,1.304869,,,37.480133,43.779041,0.152539,0.185108,,,,,,,,,,,,
102844,,,,,,,,,,,,,,,,,,,,-0.384240,0.346020,-2.300784,,,,,,
102847,,,,,,,,,0.659220,1.304869,,,36.981213,43.370197,0.157397,0.189195,,,,,,,,,,,,
102855,,,,,,,,,,,,,37.105961,43.570740,0.155993,0.187148,,,,-0.388843,0.341138,-2.288637,,,,,,
102858,,,,,,,,,0.604285,1.304869,,,,,,,,,,,,,,,,,,
102866,,,,,,,,,0.659220,1.304869,,,36.666382,43.739475,0.160320,0.185386,,,,-0.393228,0.336431,-2.273378,,,,,,
102873,,,,,,,,,,,,,,,,,,,,-0.397538,0.331671,-2.261151,,,,,,
102877,,,,,,,,,0.631752,1.957303,,,36.841064,43.881451,0.158470,0.183862,,,,,,,,,,,,
102881,-0.397386,0.331630,-2.258489,-0.385257,0.318712,-2.261947,0.628319,1.256637,,,36.499512,43.323978,,,,,0.002283,0.017572,-0.003458,-0.401604,0.326954,-2.245815,,,,,,
102887,,,,,,,,,0.604285,1.304869,,,36.443501,43.456364,0.164210,0.187685,,,,,,,,,,,,
102895,,,,,,,,,,,,,36.108990,43.643242,0.167634,0.185752,,,,-0.405512,0.322281,-2.230438,,,,,,
102898,,,,,,,,,0.631752,1.957303,,,,,,,,,,,,,,,,,,
102903,,,,,,,,,,,,,,,,,,,,-0.409469,0.317282,-2.214980,,,,,,
102907,,,,,,,,,0.659220,1.304869,,,36.372074,43.255936,0.165028,0.189639,,,,,,,,,,,,
102911,,,,,,,,,,,,,,,,,,,,-0.413785,0.311851,-2.205737,,,,,,
102917,,,,,,,,,0.604285,1.304869,,,36.048889,43.474602,0.168350,0.187422,,,,,,,,,,,,
102925,,,,,,,,,,,,,36.321507,43.114044,0.165660,0.191070,,,,-0.417708,0.306574,-2.193344,,,,,,
102928,,,,,,,,,0.631752,0.652435,,,,,,,,,,,,,,,,,,
102931,-0.417646,0.306597,-2.196074,-0.404508,0.293893,-2.199115,0.628319,1.256637,,,36.578388,43.429630,,,,,0.002611,0.018088,-0.003041,-0.421849,0.301082,-2.180825,,,,,,
102937,,,,,,,,,0.659220,1.304869,,,36.006344,43.355213,0.169714,0.189729,,,,,,,,,,,,
102940,,,,,,,,,,,,,,,,,,,,-0.425610,0.295671,-2.168342,,,,,,
102947,,,,,,,,,0.631752,0.652435,,,36.285709,43.013588,0.166979,0.193229,,,,,,,,,,,,
102954,,,,,,,,,,,,,,,,,,,,-0.429429,0.290527,-2.155703,,,,,,
102957,,,,,,,,,0.686687,1.957303,,,36.520767,43.270691,0.164640,0.190690,,,,,,,,,,,,
102965,,,,,,,,,,,,,36.718544,43.487015,0.162634,0.188515,,,,-0.433079,0.285530,-2.143096,,,,,,
102968,,,,,,,,,0.659220,1.304869,,,,,,,,,,,,,,,,,,
102976,,,,,,,,,0.604285,1.304869,,,36.884953,43.669029,0.160909,0.186647,,,,-0.436706,0.280511,-2.127242,,,,,,
102981,-0.436523,0.280596,-2.127546,-0.422164,0.267913,-2.136283,0.628319,1.256637,,,36.842354,43.483528,,,,,0.003180,0.018892,-0.008738,-0.440230,0.275357,-2.114584,,,,,,
102987,,,,,,,,,0.604285,1.304869,,,36.480427,43.277634,0.167666,0.191141,,,,,,,,,,,,
102991,,,,,,,,,,,,,,,,,,,,-0.443901,0.269783,-2.098550,,,,,,
102997,,,,,,,,,0.686687,0.652435,,,36.684601,43.492859,0.165656,0.188987,,,,,,,,,,,,
103004,,,,,,,,,,,,,,,,,,,,-0.447493,0.264387,-2.085752,,,,,,
103007,,,,,,,,,0.631752,1.957303,,,36.856392,43.673946,0.163935,0.187138,,,,,,,,,,,,
103012,,,,,,,,,,,,,,,,,,,,-0.450869,0.258826,-2.072977,,,,,,
103017,,,,,,,,,0.686687,1.957303,,,37.000938,43.826313,0.162458,0.185546,,,,,,,,,,,,
103025,,,,,,,,,,,,,36.578018,43.954517,0.166740,0.184169,,,,-0.454225,0.253536,-2.063281,,,,,,
103028,,,,,,,,,0.631752,1.957303,,,,,,,,,,,,,,,,,,
103031,-0.454034,0.253494,-2.060466,-0.438153,0.240877,-2.073451,0.628319,1.256637,,,37.050587,43.544193,,,,,0.003665,0.019949,-0.012985,-0.457496,0.248177,-2.050375,,,,,,
103037,,,,,,,,,0.686687,0.652435,,,37.311256,44.062386,0.161438,0.183594,,,,,,,,,,,,
103046,,,,,,,,,0.604285,1.304869,,,36.839119,44.153149,0.166202,0.182564,,,,-0.460692,0.242784,-2.034101,,,,,,
103054,,,,,,,,,,,,,,,,,,,,-0.463903,0.237403,-2.017824,,,,,,
103057,,,,,,,,,0.631752,0.652435,,,36.441860,43.684971,0.170296,0.187218,,,,,,,,,,,,
103061,,,,,,,,,,,,,,,,,,,,-0.467118,0.231471,-2.011195,,,,,,
103067,,,,,,,,,0.631752,1.957303,,,36.652153,43.835590,0.168273,0.185654,,,,,,,,,,,,
103075,,,,,,,,,0.631752,1.957303,,,36.284550,43.962322,0.172102,0.184303,,,,-0.470075,0.225615,-1.994804,,,,,,
103086,-0.469865,0.225560,-1.992107,-0.452414,0.212890,-2.010619,0.628319,1.256637,0.659220,0.000000,37.359154,43.656437,36.519791,43.524410,0.173003,0.189831,0.004425,0.021107,-0.018513,-0.472825,0.219807,-1.984959,,,,,,
103090,,,,,,,,,,,,,,,,,,,,-0.475355,0.214018,-1.971721,,,,,,
103097,,,,,,,,,0.659220,2.609737,,,36.717724,43.700497,0.171152,0.188061,,,,,,,,,,,,
103105,,,,,,,,,,,,,37.428806,43.848656,0.164027,0.186541,,,,-0.477943,0.208129,-1.961744,,,,,,
103108,,,,,,,,,0.659220,0.000000,,,,,,,,,,,,,,,,,,
103112,,,,,,,,,,,,,,,,,,,,-0.480333,0.202465,-1.951773,,,,,,
103117,,,,,,,,,0.604285,1.304869,,,36.938026,43.428772,0.169019,0.190785,,,,,,,,,,,,
103125,,,,,,,,,,,,,37.069626,43.075481,0.167761,0.194434,,,,-0.482858,0.196547,-1.938383,,,,,,
103128,,,,,,,,,0.659220,0.000000,,,,,,,,,,,,,,,,,,
103131,-0.482888,0.196453,-1.942892,-0.464888,0.184062,-1.947788,0.628319,1.256637,,,37.254955,44.095787,,,,,0.004999,0.021274,-0.004896,,,,,,,,,
103134,,,,,,,,,,,,,,,,,,,,-0.485275,0.190507,-1.928272,,,,,,
103137,,,,,,,,,0.631752,1.957303,,,37.180355,43.322765,0.165627,0.196510,,,,,,,,,,,,
103142,,,,,,,,,,,,,,,,,,,,-0.487520,0.184623,-1.918184,,,,,,
103147,,,,,,,,,0.631752,0.652435,,,37.273521,42.986286,0.164692,0.200096,,,,,,,,,,,,
103157,,,,,,,,,0.659220,1.304869,,,37.351910,43.247719,0.163888,0.197652,,,,,,,,,,,,
103164,,,,,,,,,,,,,,,,,,,,-0.492001,0.172460,-1.897834,,,,,,
103167,,,,,,,,,0.631752,0.652435,,,37.417866,42.923145,0.163196,0.201132,,,,,,,,,,,,
103172,,,,,,,,,,,,,,,,,,,,-0.494370,0.166249,-1.887562,,,,,,
103177,,,,,,,,,0.659220,2.609737,,,36.928818,43.194592,0.168152,0.198598,,,,,,,,,,,,
103186,-0.494257,0.166152,-1.881258,-0.475528,0.154508,-1.884956,0.628319,1.256637,0.439480,0.000000,37.333397,44.224125,35.428249,41.244812,0.184323,0.219975,0.005366,0.021391,-0.003697,-0.496514,0.160170,-1.877310,,,,,,
103194,,,,,,,,,,,,,,,,,,,,-0.498789,0.153971,-1.863512,,,,,,
103197,,,,,,,,,0.851492,1.957303,,,37.432930,43.960613,0.164256,0.192869,,,,,,,,,,,,
103201,,,,,,,,,,,,,,,,,,,,-0.500982,0.147838,-1.849659,,,,,,
103207,,,,,,,,,0.659220,1.304869,,,37.486038,44.067516,0.163695,0.191832,,,,-0.502995,0.141602,-1.839229,,,,,,
103217,,,,,,,,,0.659220,1.304869,,,37.530724,44.157463,0.163208,0.190945,,,,,,,,,,,,
103223,,,,,,,,,,,,,,,,,,,,-0.504926,0.135404,-1.821796,,,,,,
103227,,,,,,,,,0.631752,1.957303,,,37.023777,44.233147,0.168340,0.190187,,,,,,,,,,,,
103231,-0.504724,0.135426,-1.818578,-0.484292,0.124345,-1.822124,0.628319,1.256637,,,37.422077,44.341335,,,,,0.005732,0.022526,-0.003546,-0.506681,0.129058,-1.807718,,,,,,
103237,,,,,,,,,0.631752,0.652435,,,37.141777,43.752281,0.168103,0.196285,,,,,,,,,,,,
103245,,,,,,,,,,,,,36.696518,44.436768,0.172700,0.189421,,,,-0.508251,0.122658,-1.797169,,,,,,
103248,,,,,,,,,0.659220,2.609737,,,,,,,,,,,,,,,,,,
103252,,,,,,,,,,,,,,,,,,,,-0.509881,0.116299,-1.782972,,,,,,
103257,,,,,,,,,0.686687,0.652435,,,36.866421,43.923611,0.171112,0.194637,,,,,,,,,,,,
103266,,,,,,,,,0.604285,1.304869,,,37.009377,44.036381,0.169765,0.193570,,,,-0.511432,0.109817,-1.768714,,,,,,
103273,,,,,,,,,,,,,,,,,,,,-0.512915,0.103401,-1.754315,,,,,,
103277,,,,,,,,,0.659220,1.304869,,,37.129658,44.131268,0.168621,0.192663,,,,,,,,,,,,
103281,-0.512818,0.103386,-1.754236,-0.491144,0.093691,-1.759293,0.628319,1.256637,,,37.403328,44.273590,,,,,0.005579,0.023079,-0.005057,-0.514096,0.096892,-1.743498,,,,,,
103287,,,,,,,,,0.659220,1.304869,,,37.230865,44.211105,0.167456,0.191200,,,,,,,,,,,,
103296,,,,,,,,,0.659220,1.304869,,,37.316021,43.733738,0.166622,0.196081,,,,-0.515261,0.090655,-1.729024,,,,,,
103306,,,,,,,,,0.659220,1.304869,,,37.387669,43.876625,0.165909,0.194732,,,,-0.515261,0.090655,-1.729024,,,,,,
103316,,,,,,,,,0.659220,0.000000,,,37.447956,43.996849,0.165297,0.193585,,,,-0.516433,0.084103,-1.718089,,,,,,
103324,,,,,,,,,,,,,,,,,,,,-0.517331,0.077608,-1.707146,,,,,,
103327,,,,,,,,,0.576817,1.957303,,,36.954136,43.553463,0.170325,0.198163,,,,,,,,,,,,
103331,-0.517286,0.077375,-1.702886,-0.496057,0.062667,-1.696460,0.628319,1.256637,,,38.921238,46.245205,,,,,0.011783,0.022981,0.006426,-0.518251,0.071013,-1.696084,,,,,,
103337,,,,,,,,,0.686687,0.652435,,,37.627724,43.724941,0.179027,0.216668,,,,,,,,,,,,
103345,,,,,,,,,,,,,37.105392,43.869221,0.184613,0.215701,,,,-0.519245,0.064018,-1.684937,,,,,,
103348,,,,,,,,,0.686687,1.957303,,,,,,,,,,-0.520364,0.057257,-1.673628,,,,,,
103357,,,,,,,,,0.631752,0.652435,,,37.754990,43.990620,0.178350,0.214938,,,,-0.521217,0.050595,-1.658593,,,,,,
103365,,,,,,,,,,,,,37.757019,44.637306,0.178563,0.208792,,,,-0.521961,0.043945,-1.647377,,,,,,
103368,,,,,,,,,0.686687,1.957303,,,,,,,,,,,,,,,,,,
103373,,,,,,,,,,,,,,,,,,,,-0.522714,0.037686,-1.632223,,,,,,
103377,,,,,,,,,0.686687,0.652435,,,37.758724,44.636887,0.178778,0.209118,,,,,,,,,,,,
103381,-0.522583,0.038154,-1.635417,-0.499013,0.031395,-1.633628,0.628319,1.256637,,,37.159000,44.318340,,,,,0.005222,0.023957,0.001789,-0.523325,0.031167,-1.620844,,,,,,
103387,,,,,,,,,0.686687,3.262170,,,37.760162,45.181076,0.161022,0.184235,,,,,,,,,,,,
103390,,,,,,,,,,,,,,,,,,,,-0.523938,0.024472,-1.601740,,,,,,
103397,,,,,,,,,0.686687,0.652435,,,37.761372,45.094414,0.160889,0.184946,,,,,,,,,,,,
103407,,,,,,,,,0.631752,1.957303,,,37.762386,45.021496,0.160758,0.185535,,,,,,,,,,,,
103412,,,,,,,,,,,,,,,,,,,,-0.524779,0.010546,-1.574326,,,,,,
103417,,,,,,,,,0.631752,0.652435,,,37.763241,44.960144,0.160629,0.186020,,,,,,,,,,,,
103421,,,,,,,,,,,,,,,,,,,,-0.525012,0.003404,-1.559724,,,,,,
103427,,,,,,,,,0.686687,1.957303,,,37.763962,44.908520,0.160500,0.186418,,,,,,,,,,,,
103431,-0.524859,0.003439,-1.557867,-0.500000,0.000000,-1.570796,0.628319,1.256637,,,37.028095,43.620419,,,,,0.003760,0.024812,-0.012929,,,,,,,,,
103435,,,,,,,,,,,,,37.764568,44.865086,0.159038,0.179625,,,,-0.525104,-0.003343,-1.544196,,,,,,
103438,,,,,,,,,0.659220,1.304869,,,,,,,,,,,,,,,,,,
103445,,,,,,,,,,,,,37.765079,44.828541,0.158886,0.179748,,,,-0.524942,-0.010136,-1.532840,,,,,,
103448,,,,,,,,,0.631752,0.652435,,,,,,,,,,,,,,,,,,
103457,,,,,,,,,0.686687,1.957303,,,37.765507,44.797791,0.158734,0.179820,,,,,,,,,,,,
103464,,,,,,,,,,,,,,,,,,,,-0.524497,-0.023467,-1.505734,,,,,,
103467,,,,,,,,,0.631752,0.652435,,,37.765869,44.771915,0.158583,0.179849,,,,,,,,,,,,
103472,,,,,,,,,,,,,,,,,,,,-0.524232,-0.029939,-1.490691,,,,,,
103477,,,,,,,,,0.659220,1.304869,,,37.766171,44.750145,0.158432,0.179841,,,,,,,,,,,,
103481,-0.524158,-0.029901,-1.490855,-0.499013,-0.031395,-1.507964,0.628319,1.256637,,,37.033237,43.462349,,,,,0.003497,0.024946,-0.017109,,,,,,,,,
103486,,,,,,,,,0.659220,1.304869,,,37.766426,44.731827,0.158334,0.178189,,,,-0.523766,-0.036262,-1.479211,,,,,,
103494,,,,,,,,,,,,,,,,,,,,-0.523169,-0.042555,-1.464170,,,,,,
103497,,,,,,,,,0.659220,1.304869,,,37.766640,44.716415,0.158185,0.178093,,,,,,,,,,,,
103505,,,,,,,,,,,,,37.222279,44.158905,0.163591,0.183528,,,,-0.522606,-0.049028,-1.449333,,,,,,
103508,,,,,,,,,0.659220,1.304869,,,,,,,,,,,,,,,,,,
103515,,,,,,,,,0.604285,1.304869,,,37.308796,44.234360,0.162671,0.182619,,,,-0.521926,-0.055624,-1.438380,,,,,,
103523,,,,,,,,,,,,,,,,,,,,-0.521176,-0.061959,-1.427434,,,,,,
103527,,,,,,,,,0.659220,1.304869,,,37.381592,44.297848,0.161873,0.181817,,,,,,,,,,,,
103531,-0.521116,-0.062018,-1.427282,-0.496057,-0.062667,-1.445132,0.628319,1.256637,,,37.254902,43.649944,,,,,0.004227,0.024709,-0.017850,-0.520453,-0.068601,-1.416402,,,,,,
103537,,,,,,,,,0.659220,1.304869,,,37.442841,44.351265,0.163440,0.183019,,,,,,,,,,,,
103546,,,,,,,,,0.631752,0.652435,,,37.494377,43.851665,0.162877,0.187975,,,,-0.519629,-0.074867,-1.409124,,,,,,
103553,,,,,,,,,,,,,,,,,,,,-0.518720,-0.081252,-1.394635,,,,,,
103557,,,,,,,,,0.631752,0.652435,,,36.993195,43.431305,0.167941,0.192222,,,,,,,,,,,,
103565,,,,,,,,,,,,,37.116043,43.622158,0.166740,0.190319,,,,-0.517916,-0.087489,-1.383752,,,,,,
103568,,,,,,,,,0.631752,1.957303,,,,,,,,,,,,,,,,,,
103575,,,,,,,,,0.631752,1.957303,,,36.674866,43.238197,0.171268,0.194241,,,,-0.516963,-0.093917,-1.369377,,,,,,
103581,-0.516813,-0.093843,-1.366027,-0.491144,-0.093691,-1.382301,0.628319,1.256637,,,37.457436,43.924030,,,,,0.005070,0.025163,-0.016273,-0.515787,-0.100253,-1.358679,,,,,,
103587,,,,,,,,,0.631752,0.652435,,,36.848202,43.459675,0.171682,0.194860,,,,,,,,,,,,
103591,,,,,,,,,,,,,,,,,,,,-0.514569,-0.106730,-1.348114,,,,,,
103597,,,,,,,,,0.631752,0.652435,,,36.994045,43.101482,0.170316,0.198606,,,,,,,,,,,,
103605,,,,,,,,,,,,,37.116760,43.344643,0.169157,0.196291,,,,-0.513322,-0.113328,-1.337535,,,,,,
103608,,,,,,,,,0.686687,1.957303,,,,,,,,,,,,,,,,,,
103613,,,,,,,,,,,,,,,,,,,,-0.511960,-0.119708,-1.326999,,,,,,
103617,,,,,,,,,0.659220,0.000000,,,37.220013,43.549240,0.168172,0.194320,,,,,,,,,,,,
103620,,,,,,,,,,,,,,,,,,,,-0.510534,-0.125964,-1.316421,,,,,,
103627,,,,,,,,,0.631752,1.957303,,,37.306889,43.721386,0.167333,0.192639,,,,,,,,,,,,
103631,-0.510405,-0.125837,-1.312375,-0.484292,-0.124345,-1.319470,0.628319,1.256637,,,37.320274,44.160240,,,,,0.005231,0.025627,-0.007095,,,,,,,,,
103634,,,,,,,,,,,,,,,,,,,,-0.509161,-0.132360,-1.305894,,,,,,
103637,,,,,,,,,0.659220,0.000000,,,37.379986,43.321686,0.165219,0.199165,,,,,,,,,,,,
103642,,,,,,,,,,,,,,,,,,,,-0.507616,-0.138717,-1.295492,,,,,,
103647,,,,,,,,,0.686687,1.957303,,,37.441490,43.529922,0.164579,0.197209,,,,,,,,,,,,
103656,,,,,,,,,0.604285,1.304869,,,37.493240,43.705132,0.164027,0.195548,,,,-0.505878,-0.144873,-1.281622,,,,,,
103665,,,,,,,,,,,,,37.536781,43.852554,0.163549,0.194135,,,,-0.503988,-0.151169,-1.267814,,,,,,
103668,,,,,,,,,0.659220,1.304869,,,,,,,,,,,,,,,,,,
103672,,,,,,,,,,,,,,,,,,,,-0.502090,-0.157387,-1.257539,,,,,,
103677,,,,,,,,,0.659220,1.304869,,,37.573418,43.976597,0.163132,0.192932,,,,,,,,,,,,
103681,-0.501996,-0.157390,-1.256668,-0.475528,-0.154508,-1.256638,0.628319,1.256637,,,37.233536,44.364861,,,,,0.005437,0.026064,0.000030,,,,,,,,,
103686,,,,,,,,,0.604285,1.304869,,,37.059700,43.536423,0.167436,0.199545,,,,-0.500332,-0.163401,-1.243846,,,,,,
103694,,,,,,,,,,,,,,,,,,,,-0.498371,-0.169680,-1.230212,,,,,,
103697,,,,,,,,,0.659220,1.304869,,,37.172001,43.710602,0.166325,0.197934,,,,,,,,,,,,
103701,,,,,,,,,,,,,,,,,,,,-0.496414,-0.175836,-1.220078,,,,,,
103707,,,,,,,,,0.659220,1.304869,,,37.266491,43.857159,0.165374,0.196570,,,,,,,,,,,,
103715,,,,,,,,,0.659220,1.304869,,,37.345997,43.980469,0.164556,0.195414,,,,-0.494301,-0.182323,-1.203242,,,,,,
103725,,,,,,,,,,,,,37.412891,44.084221,0.163852,0.194433,,,,-0.492056,-0.188351,-1.189831,,,,,,
103728,,,,,,,,,0.659220,1.304869,,,,,,,,,,,,,,,,,,
103731,-0.491950,-0.188354,-1.189967,-0.464888,-0.184062,-1.193806,0.628319,1.256637,,,37.482590,44.473389,,,,,0.006074,0.026718,-0.003839,-0.489877,-0.194330,-1.179822,,,,,,
103737,,,,,,,,,0.659220,1.304869,,,36.924633,44.171520,0.171336,0.194705,,,,,,,,,,,,
103745,,,,,,,,,0.659220,1.304869,,,37.058357,44.244972,0.170084,0.194017,,,,-0.487754,-0.200159,-1.166512,,,,,,
103753,,,,,,,,,,,,,,,,,,,,-0.485378,-0.206304,-1.153293,,,,,,
103757,,,,,,,,,0.604285,1.304869,,,37.170872,43.762234,0.169021,0.198986,,,,,,,,,,,,
103765,,,,,,,,,,,,,36.720997,43.900600,0.173672,0.197717,,,,-0.482899,-0.212449,-1.136805,,,,,,
103768,,,,,,,,,0.631752,1.957303,,,,,,,,,,,,,,,,,,
103775,,,,,,,,,,,,,36.887016,44.017021,0.172131,0.196644,,,,-0.480411,-0.218694,-1.126958,,,,,,
103778,,,,,,,,,0.686687,1.957303,,,,,,,,,,,,,,,,,,
103781,-0.480186,-0.218771,-1.124038,-0.452414,-0.212890,-1.130973,0.628319,1.256637,,,37.709408,44.594589,,,,,0.006695,0.027587,-0.006935,-0.477779,-0.224774,-1.113889,,,,,,
103787,,,,,,,,,0.659220,1.304869,,,37.026707,44.114979,0.173139,0.196972,,,,,,,,,,,,
103790,,,,,,,,,,,,,,,,,,,,-0.475046,-0.230768,-1.097639,,,,,,
103797,,,,,,,,,0.659220,1.304869,,,37.144241,44.197399,0.172077,0.196228,,,,,,,,,,,,
103805,,,,,,,,,,,,,37.243134,44.266747,0.171181,0.195600,,,,-0.472339,-0.236489,-1.084677,,,,,,
103808,,,,,,,,,0.631752,0.652435,,,,,,,,,,,,,,,,,,
103813,,,,,,,,,,,,,,,,,,,,-0.469515,-0.242329,-1.068562,,,,,,
103817,,,,,,,,,0.686687,1.957303,,,37.326344,44.325096,0.170426,0.195070,,,,,,,,,,,,
103825,,,,,,,,,,,,,37.396355,44.374191,0.169788,0.194623,,,,-0.466458,-0.248188,-1.055722,,,,,,
103828,,,,,,,,,0.659220,1.304869,,,,,,,,,,,,,,,,,,
103831,-0.466334,-0.248173,-1.055983,-0.438153,-0.240877,-1.068141,0.628319,1.256637,,,38.039116,44.727634,,,,,0.007525,0.028120,-0.012158,,,,,,,,,
103835,,,,,,,,,,,,,36.910721,44.415501,0.178167,0.195603,,,,-0.463335,-0.254097,-1.042931,,,,,,
103838,,,,,,,,,0.659220,1.304869,,,,,,,,,,,,,,,,,,
103843,,,,,,,,,,,,,,,,,,,,-0.459983,-0.260106,-1.030191,,,,,,
103847,,,,,,,,,0.631752,0.652435,,,37.591194,44.450260,0.171452,0.195311,,,,,,,,,,,,
103857,,,,,,,,,0.659220,1.304869,,,37.619202,44.479504,0.171256,0.195068,,,,,,,,,,,,
103864,,,,,,,,,,,,,,,,,,,,-0.453173,-0.271879,-1.004823,,,,,,
103867,,,,,,,,,0.659220,1.304869,,,37.098225,44.504112,0.176654,0.194867,,,,,,,,,,,,
103872,,,,,,,,,,,,,,,,,,,,-0.449731,-0.277704,-0.989060,,,,,,
103877,,,,,,,,,0.631752,1.957303,,,37.204414,44.524815,0.175759,0.194700,,,,,,,,,,,,
103885,-0.449713,-0.277470,-0.986467,-0.422164,-0.267913,-1.005309,0.628319,1.256637,,,38.082230,44.508160,37.293766,43.997692,0.175454,0.197879,0.007226,0.028250,-0.018842,,,,,,,,,
103888,,,,,,,,,0.631752,0.652435,,,,,,,,,,-0.446170,-0.283477,-0.979637,,,,,,
103894,,,,,,,,,,,,,,,,,,,,-0.442583,-0.289444,-0.963992,,,,,,
103897,,,,,,,,,0.714154,1.304868,,,37.913490,44.643257,0.169291,0.191396,,,,,,,,,,,,
103902,,,,,,,,,,,,,,,,,,,,-0.438765,-0.295364,-0.954676,,,,,,
103907,,,,,,,,,0.659220,1.304869,,,37.890381,44.641891,0.169560,0.191383,,,,,,,,,,,,
103916,,,,,,,,,0.686687,0.652435,,,37.870937,44.640743,0.169797,0.191368,,,,-0.434986,-0.300924,-0.942198,,,,,,
103924,,,,,,,,,,,,,,,,,,,,-0.430991,-0.306617,-0.929782,,,,,,
103927,,,,,,,,,0.659220,1.304869,,,38.399120,44.639778,0.164452,0.191351,,,,,,,,,,,,
103931,-0.430964,-0.306428,-0.929067,-0.404508,-0.293893,-0.942477,0.628319,1.256637,,,37.570877,44.221146,,,,,0.005794,0.028696,-0.013411,-0.427076,-0.312054,-0.917386,,,,,,
103937,,,,,,,,,0.686687,0.652435,,,38.298988,44.638966,0.160194,0.188406,,,,,,,,,,,,
103945,,,,,,,,,,,,,38.214737,45.182823,0.160908,0.182775,,,,-0.423126,-0.317346,-0.908155,,,,,,
103948,,,,,,,,,0.659220,2.609737,,,,,,,,,,,,,,,,,,
103953,,,,,,,,,,,,,,,,,,,,-0.419106,-0.322408,-0.895900,,,,,,
103957,,,,,,,,,0.686687,0.652435,,,38.688393,45.095882,0.155947,0.183469,,,,,,,,,,,,
103961,,,,,,,,,,,,,,,,,,,,-0.415080,-0.327671,-0.886697,,,,,,
103967,,,,,,,,,0.659220,1.304869,,,38.542385,45.022732,0.157213,0.184041,,,,,,,,,,,,
103975,,,,,,,,,,,,,38.419533,44.961182,0.158272,0.184508,,,,-0.410810,-0.333159,-0.874432,,,,,,
103978,,,,,,,,,0.659220,1.304869,,,,,,,,,,,,,,,,,,
103985,-0.410776,-0.333078,-0.873544,-0.385257,-0.318712,-0.879647,0.628319,1.256637,,,37.309273,44.251297,38.316166,43.820309,0.156488,0.196304,0.005373,0.028788,-0.006103,,,,,,,,,
103988,,,,,,,,,0.659220,0.000000,,,,,,,,,,-0.402283,-0.343120,-0.850145,,,,,,
103997,,,,,,,,,0.604285,0.000000,,,38.229191,43.404919,0.157174,0.200628,,,,,,,,,,,,
104005,,,,,,,,,,,,,38.156010,44.144497,0.157737,0.193253,,,,-0.398054,-0.348040,-0.837988,,,,,,
104008,,,,,,,,,0.686687,1.957303,,,,,,,,,,,,,,,,,,
104012,,,,,,,,,,,,,,,,,,,,-0.393697,-0.353149,-0.828882,,,,,,
104017,,,,,,,,,0.631752,1.957303,,,38.094437,44.222237,0.158195,0.192482,,,,,,,,,,,,
104020,,,,,,,,,,,,,,,,,,,,-0.389529,-0.357977,-0.813798,,,,,,
104027,,,,,,,,,0.686687,0.652435,,,38.042629,44.287647,0.158567,0.191820,,,,,,,,,,,,
104031,-0.389422,-0.358062,-0.816075,-0.364484,-0.342274,-0.816815,0.628319,1.256637,,,37.261017,44.419724,,,,,0.005584,0.028982,-0.000739,,,,,,,,,
104034,,,,,,,,,,,,,,,,,,,,-0.385430,-0.362724,-0.801747,,,,,,
104037,,,,,,,,,0.631752,1.957303,,,37.999039,44.342682,0.158372,0.192970,,,,,,,,,,,,
104045,,,,,,,,,,,,,37.417816,44.388988,0.164153,0.192513,,,,-0.380935,-0.367716,-0.786730,,,,,,
104048,,,,,,,,,0.659220,1.304869,,,,,,,,,,,,,,,,,,
104056,,,,,,,,,0.631752,1.957303,,,37.473320,44.427952,0.163556,0.192121,,,,-0.376486,-0.372718,-0.768778,,,,,,
104064,,,,,,,,,,,,,,,,,,,,-0.371624,-0.377815,-0.753847,,,,,,
104067,,,,,,,,,0.659220,1.304869,,,36.975479,44.460735,0.168591,0.191785,,,,,,,,,,,,
104071,,,,,,,,,,,,,,,,,,,,-0.366910,-0.382489,-0.741935,,,,,,
104077,,,,,,,,,0.631752,1.957303,,,37.101139,44.488319,0.167367,0.191496,,,,,,,,,,,,
104081,-0.366895,-0.382283,-0.739948,-0.342274,-0.364484,-0.753983,0.628319,1.256637,,,37.681446,44.327766,,,,,0.006181,0.029745,-0.014035,,,,,,,,,
104086,,,,,,,,,0.659220,1.304869,,,37.206867,44.511528,0.170609,0.190307,,,,-0.362036,-0.386987,-0.727084,,,,,,
104093,,,,,,,,,,,,,,,,,,,,-0.357230,-0.391274,-0.706481,,,,,,
104097,,,,,,,,,0.659220,1.304869,,,37.295830,44.531055,0.169796,0.190071,,,,,,,,,,,,
104105,,,,,,,,,,,,,36.826138,44.547485,0.174664,0.189863,,,,-0.352486,-0.395550,-0.691725,,,,,,
104108,,,,,,,,,0.686687,1.957303,,,,,,,,,,,,,,,,,,
104115,,,,,,,,,,,,,36.975483,44.561310,0.173312,0.189678,,,,-0.347605,-0.399888,-0.679977,,,,,,
104118,,,,,,,,,0.659220,1.304869,,,,,,,,,,,,,,,,,,
104123,,,,,,,,,,,,,,,,,,,,-0.342639,-0.404126,-0.665316,,,,,,
104127,,,,,,,,,0.604285,1.304869,,,37.101143,44.572941,0.172171,0.189513,,,,,,,,,,,,
104131,-0.342746,-0.403939,-0.666106,-0.318712,-0.385257,-0.691151,0.628319,1.256637,,,38.222618,44.428085,,,,,0.007352,0.029540,-0.025045,-0.337396,-0.408501,-0.647739,,,,,,
104137,,,,,,,,,0.659220,1.304869,,,37.206871,44.582729,0.176729,0.190387,,,,,,,,,,,,
104145,,,,,,,,,,,,,37.295830,44.046421,0.176025,0.195827,,,,-0.332264,-0.412558,-0.633181,,,,,,
104148,,,,,,,,,0.631752,0.652435,,,,,,,,,,,,,,,,,,
104157,,,,,,,,,0.659220,1.304869,,,37.370682,44.139713,0.175446,0.194951,,,,,,,,,,,,
104164,,,,,,,,,,,,,,,,,,,,-0.321811,-0.420389,-0.609951,,,,,,
104167,,,,,,,,,0.714154,1.304868,,,37.978207,44.762753,0.169420,0.188654,,,,,,,,,,,,
104172,,,,,,,,,,,,,,,,,,,,-0.316636,-0.424242,-0.598343,,,,,,
104177,,,,,,,,,0.659220,1.304869,,,37.944832,44.742435,0.169809,0.188794,,,,,,,,,,,,
104181,-0.316597,-0.424175,-0.598556,-0.293893,-0.404508,-0.628318,0.628319,1.256637,,,38.407120,44.415588,,,,,0.007676,0.029041,-0.029762,,,,,,,,,
104186,,,,,,,,,0.659220,1.304869,,,37.916752,44.725342,0.172033,0.188778,,,,-0.311565,-0.428107,-0.583891,,,,,,
104194,,,,,,,,,,,,,,,,,,,,-0.306172,-0.431948,-0.569467,,,,,,
104197,,,,,,,,,0.631752,0.652435,,,37.893124,44.166416,0.172372,0.194418,,,,,,,,,,,,
104205,,,,,,,,,,,,,37.328701,44.240681,0.178232,0.193710,,,,-0.300435,-0.435759,-0.557918,,,,,,
104208,,,,,,,,,0.659220,2.609737,,,,,,,,,,-0.294825,-0.439513,-0.549284,,,,,,
104217,,,,,,,,,0.659220,0.000000,,,37.942883,44.303165,0.172183,0.193108,,,,,,,,,,,,
104224,,,,,,,,,,,,,,,,,,,,-0.289277,-0.443106,-0.540679,,,,,,
104227,,,,,,,,,0.659220,1.304869,,,37.915112,44.355740,0.172559,0.192594,,,,,,,,,,,,
104231,-0.289236,-0.443002,-0.540064,-0.267913,-0.422164,-0.565486,0.628319,1.256637,,,38.298901,44.475422,,,,,0.007573,0.028836,-0.025423,-0.283716,-0.446467,-0.529207,,,,,,
104237,,,,,,,,,0.659220,1.304869,,,37.891747,44.399975,0.171792,0.192765,,,,,,,,,,,,
104246,,,,,,,,,0.659220,1.304869,,,37.872086,44.437195,0.172074,0.192400,,,,-0.278363,-0.449761,-0.517759,,,,,,
104254,,,,,,,,,,,,,,,,,,,,-0.272630,-0.453148,-0.506347,,,,,,
104257,,,,,,,,,0.631752,0.652435,,,37.855541,43.923969,0.172328,0.197643,,,,,,,,,,,,
104261,,,,,,,,,,,,,,,,,,,,-0.266718,-0.456452,-0.497745,,,,,,
104267,,,,,,,,,0.686687,1.957303,,,37.841621,44.036686,0.172559,0.196603,,,,,,,,,,,,
104275,,,,,,,,,,,,,37.829910,44.131523,0.172770,0.195724,,,,-0.260633,-0.459913,-0.486328,,,,,,
104278,,,,,,,,,0.659220,1.304869,,,,,,,,,,,,,,,,,,
104281,-0.260617,-0.459840,-0.485364,-0.240877,-0.438153,-0.502655,0.628319,1.256637,,,38.083927,44.574211,,,,,0.007342,0.028392,-0.017291,-0.254720,-0.463206,-0.474938,,,,,,
104287,,,,,,,,,0.659220,0.000000,,,38.364601,44.211319,0.165217,0.195986,,,,,,,,,,,,
104291,,,,,,,,,,,,,,,,,,,,-0.248935,-0.466407,-0.466393,,,,,,
104297,,,,,,,,,0.659220,1.304869,,,38.269947,44.278461,0.166127,0.195374,,,,,,,,,,,,
104305,,,,,,,,,,,,,38.190304,44.334953,0.166902,0.194857,,,,-0.243153,-0.469667,-0.454996,,,,,,
104308,,,,,,,,,0.659220,1.304869,,,,,,,,,,,,,,,,,,
104312,,,,,,,,,,,,,,,,,,,,-0.237111,-0.472911,-0.437987,,,,,,
104317,,,,,,,,,0.714154,1.304868,,,38.123291,44.382484,0.167564,0.194420,,,,,,,,,,,,
104320,,,,,,,,,,,,,,,,,,,,-0.231006,-0.475935,-0.426637,,,,,,
104327,,,,,,,,,0.659220,1.304869,,,38.066906,44.422478,0.168131,0.194050,,,,,,,,,,,,
104331,-0.231004,-0.475796,-0.426093,-0.212890,-0.452414,-0.439823,0.628319,1.256637,,,37.867638,44.506844,,,,,0.006830,0.028778,-0.013730,,,,,,,,,
104334,,,,,,,,,,,,,,,,,,,,-0.225023,-0.478944,-0.412490,,,,,,
104337,,,,,,,,,0.631752,1.957303,,,38.019466,45.000671,0.166412,0.187496,,,,,,,,,,,,
104342,,,,,,,,,,,,,,,,,,,,-0.218878,-0.481919,-0.401150,,,,,,
104347,,,,,,,,,0.686687,0.652435,,,38.524094,44.942619,0.161235,0.187989,,,,,,,,,,,,
104357,,,,,,,,,0.631752,1.957303,,,37.859600,44.893776,0.167881,0.188400,,,,,,,,,,,,
104367,,,,,,,,,0.686687,0.652435,,,37.845036,44.852680,0.168031,0.188742,,,,,,,,,,,,
104372,,,,,,,,,,,,,,,,,,,,-0.200742,-0.489978,-0.361731,,,,,,
104377,,,,,,,,,0.659220,2.609737,,,37.832783,44.818100,0.168161,0.189026,,,,,,,,,,,,
104381,-0.200699,-0.489778,-0.356187,-0.184062,-0.464888,-0.376992,0.628319,1.256637,,,38.023033,44.388550,,,,,0.006913,0.029129,-0.020804,,,,,,,,,
104386,,,,,,,,,0.659220,0.000000,,,37.822472,44.789005,0.169858,0.188054,,,,-0.194675,-0.492432,-0.347673,,,,,,
104393,,,,,,,,,,,,,,,,,,,,-0.188962,-0.494696,-0.330861,,,,,,
104397,,,,,,,,,0.686687,1.957303,,,37.813797,44.764526,0.169987,0.188223,,,,,,,,,,,,
104401,,,,,,,,,,,,,,,,,,,,-0.182637,-0.497054,-0.316865,,,,,,
104407,,,,,,,,,0.659220,1.304869,,,37.806499,44.743927,0.170103,0.188358,,,,,,,,,,,,
104415,,,,,,,,,,,,,37.800358,44.726597,0.170209,0.188464,,,,-0.176272,-0.499191,-0.305640,,,,,,
104418,,,,,,,,,0.631752,0.652435,,,,,,,,,,,,,,,,,,
104436,-0.175822,-0.499281,-0.307146,-0.154508,-0.475528,-0.314160,0.628319,1.256637,,,,,32.894302,38.722038,0.220295,0.249643,,,,,,,,,,,,
104439,,,,,,,,,-0.000000,0.000000,39.507198,46.419003,32.033607,37.481606,0.245239,0.284139,0.013135,0.029085,-0.007013,-0.169626,-0.501403,-0.291616,,,,,,
104447,,,,,,,,,0.961362,1.957303,,,31.309418,36.982449,0.254120,0.291018,,,,,,,,,,,,
104454,,,,,,,,,,,,,,,,,,,,-0.150321,-0.507516,-0.258011,,,,,,
104457,,,,,,,,,0.714154,1.304868,,,32.878258,38.740631,0.239757,0.274972,,,,,,,,,,,,
104463,,,,,,,,,,,,,,,,,,,,-0.144255,-0.509501,-0.246888,,,,,,
104467,,,,,,,,,0.741622,0.652433,,,34.742825,40.219967,0.222065,0.261418,,,,,,,,,,,,
104474,,,,,,,,,,,,,,,,,,,,-0.144255,-0.509501,-0.246888,,,,,,
104477,,,,,,,,,0.796557,1.957302,,,35.767128,42.009224,0.212570,0.244408,,,,,,,,,,,,
104485,-0.143675,-0.509506,-0.243736,-0.124345,-0.484292,-0.251328,0.628319,1.256637,,,39.388313,46.278145,37.173519,43.514702,0.197760,0.228497,0.012673,0.029134,-0.007591,,,,,,,,,
104488,,,,,,,,,0.714154,1.304868,,,,,,,,,,,,,,,,,,
104494,,,,,,,,,,,,,,,,,,,,-0.144255,-0.509501,-0.246888,,,,,,
104497,,,,,,,,,0.714154,1.304868,,,37.812313,44.236870,0.191687,0.221684,,,,,,,,,,,,
104504,,,,,,,,,,,,,,,,,,,,-0.144255,-0.509501,-0.246888,,,,,,
104507,,,,,,,,,0.769089,1.304867,,,38.894337,45.389046,0.180966,0.210340,,,,,,,,,,,,
104512,,,,,,,,,,,,,,,,,,,,-0.137507,-0.511529,-0.232917,,,,,,
104517,,,,,,,,,0.769089,1.304867,,,39.260208,46.358486,0.177333,0.200629,,,,,,,,,,,,
104522,,,,,,,,,,,,,,,,,,,,-0.137507,-0.511529,-0.232917,,,,,,
104527,,,,,,,,,0.714154,2.609737,,,39.568054,46.629627,0.174218,0.197847,,,,,,,,,,,,
104531,-0.135081,-0.511919,-0.222876,-0.093691,-0.491144,-0.188496,0.628319,1.256637,,,45.028015,53.588417,,,,,0.035774,0.029410,0.034380,-0.130463,-0.513450,-0.219050,,,,,,
104537,,,,,,,,,0.714155,0.000000,,,40.371616,46.857765,0.223511,0.270015,,,,,,,,,,,,
104545,,,,,,,,,,,,,40.503193,48.138809,0.223100,0.258294,,,,-0.123386,-0.515143,-0.205140,,,,,,
104548,,,,,,,,,0.824024,2.609737,,,,,,,,,,-0.109133,-0.518190,-0.177324,,,,,,
104557,,,,,,,,,0.769089,1.304867,,,41.158443,48.672134,0.217321,0.253944,,,,-0.109133,-0.518190,-0.177324,,,,,,
104567,,,,,,,,,0.714154,1.304868,,,41.709770,49.120876,0.212472,0.250351,,,,-0.116169,-0.516709,-0.191221,,,,,,
104575,,,,,,,,,0.796557,1.957302,,,42.173656,50.042992,0.208404,0.241838,,,,-0.102007,-0.519858,-0.160701,,,,,,
104586,-0.101492,-0.519780,-0.157711,-0.062667,-0.496057,-0.125663,0.628319,1.256637,0.714154,-1.304868,44.750927,53.221134,42.019428,48.096142,0.207722,0.258659,0.034618,0.029526,0.032048,-0.072843,-0.524998,-0.108003,,,,,,
104590,,,,,,,,,,,,,,,,,,,,-0.065548,-0.525945,-0.091438,,,,,,
104597,,,,,,,,,0.769089,2.609737,,,42.978745,49.180779,0.198483,0.248621,,,,-0.057841,-0.527003,-0.077646,,,,,,
104606,,,,,,,,,0.769089,1.304867,,,43.241371,50.093391,0.196158,0.240120,,,,-0.042038,-0.528895,-0.041579,,,,,,
104613,,,,,,,,,,,,,,,,,,,,-0.034145,-0.529630,-0.027745,,,,,,
104617,,,,,,,,,0.796557,1.957302,,,43.462345,50.861263,0.194206,0.232913,,,,,,,,,,,,
104625,,,,,,,,,,,,,43.648273,51.507351,0.192568,0.226795,,,,-0.026007,-0.530127,-0.005627,,,,,,
104628,,,,,,,,,0.796557,1.957302,,,,,,,,,,-0.050111,-0.527960,-0.060973,,,,,,
104631,-0.051100,-0.527637,-0.060885,-0.031395,-0.499013,-0.062832,0.628319,1.256637,,,40.748672,47.875069,,,,,0.017927,0.029770,-0.001947,,,,,,,,,
104637,,,,,,,,,0.796557,1.957302,,,43.804714,52.050968,0.150370,0.167063,,,,-0.018114,-0.530487,0.013757,,,,,,
104644,,,,,,,,,,,,,,,,,,,,-0.010196,-0.530603,0.033121,,,,,,
104647,,,,,,,,,0.769089,1.304867,,,43.391800,51.963825,0.153970,0.167117,,,,,,,,,,,,
104652,,,,,,,,,,,,,,,,,,,,-0.002201,-0.530795,0.052559,,,,,,
104657,,,,,,,,,0.686687,1.957303,,,43.044373,51.345959,0.156985,0.172602,,,,,,,,,,,,
104660,,,,,,,,,,,,,,,,,,,,0.005878,-0.530667,0.074708,,,,,,
104667,,,,,,,,,0.741622,1.957302,,,42.752048,50.826088,0.159508,0.177210,,,,-0.087479,-0.522811,-0.133007,,,,,,
104675,,,,,,,,,,,,,42.506088,50.933212,0.161616,0.175527,,,,0.014026,-0.530395,0.091349,,,,,,
104678,,,,,,,,,0.714154,1.304868,,,,,,,,,,,,,,,,,,
104686,0.011556,-0.530228,0.084046,-0.000000,-0.500000,-0.000000,0.628319,1.256637,0.686687,0.652435,34.656796,38.555801,42.299137,49.934261,0.101238,0.090048,-0.008978,0.031091,-0.084046,0.021860,-0.529871,0.102443,,,,,,
104691,,,,,,,,,,,,,,,,,,,,0.029831,-0.529229,0.116330,,,,,,
104697,,,,,,,,,0.686687,1.957303,,,41.580463,49.638287,0.107040,0.090792,,,,-0.094952,-0.521401,-0.146841,,,,,,
104707,,,,,,,,,0.631752,0.652435,,,40.975773,48.300167,0.111823,0.102224,,,,0.037825,-0.528294,0.130195,,,,,,
104714,,,,,,,,,,,,,,,,,,,,0.045409,-0.527425,0.141295,,,,,,
104717,,,,,,,,,0.604285,0.000000,,,40.466984,46.629730,0.115749,0.117313,,,,,,,,,,,,
104725,,,,,,,,,,,,,39.494347,45.224224,0.124508,0.130035,,,,0.053623,-0.526332,0.146819,,,,,,
104728,,,,,,,,,0.604285,0.000000,,,,,,,,,,0.061390,-0.525337,0.152492,,,,,,
104731,0.059734,-0.525521,0.146749,0.031395,-0.499013,0.062832,0.628319,1.256637,,,30.392439,34.282146,,,,,-0.024158,0.030367,-0.083918,,,,,,,,,
104737,,,,,,,,,0.604285,1.304869,,,38.675968,44.041630,0.088391,0.097172,,,,-0.080129,-0.523979,-0.119053,,,,,,
104745,,,,,,,,,,,,,37.987385,42.502052,0.093758,0.110924,,,,0.069047,-0.524155,0.158053,,,,,,
104748,,,,,,,,,0.494415,0.000000,,,,,,,,,,,,,,,,,,
104753,,,,,,,,,,,,,,,,,,,,0.075568,-0.523087,0.158099,,,,,,
104757,,,,,,,,,0.576817,0.652434,,,36.863468,41.751198,0.103703,0.116939,,,,,,,,,,,,
104760,,,,,,,,,,,,,,,,,,,,0.080646,-0.522452,0.160836,,,,,,
104767,,,,,,,,,0.521882,0.652434,,,36.462349,40.574883,0.106500,0.127443,,,,,,,,,,,,
104774,,,,,,,,,,,,,,,,,,,,0.086105,-0.521587,0.163492,,,,,,
104777,,,,,,,,,0.549350,0.000000,,,35.580303,39.585133,0.114283,0.136280,,,,,,,,,,,,
104785,0.086172,-0.521577,0.162087,0.062667,-0.496057,0.125664,0.628319,1.256637,,,31.006527,36.749584,34.838150,38.207813,0.127079,0.174436,-0.019079,0.028979,-0.036423,0.090978,-0.520889,0.168897,,,,,,
104788,,,,,,,,,0.521882,0.652434,,,,,,,,,,0.096541,-0.520051,0.174621,,,,,,
104797,,,,,,,,,0.494415,1.304868,,,34.213703,38.138023,0.132682,0.174856,,,,,,,,,,,,
104803,,,,,,,,,,,,,,,,,,,,0.101504,-0.519349,0.177373,,,,,,
104807,,,,,,,,,0.549350,1.304868,,,33.688293,38.079304,0.137400,0.175178,,,,,,,,,,,,
104811,,,,,,,,,,,,,,,,,,,,0.106356,-0.518505,0.185831,,,,,,
104817,,,,,,,,,0.549350,1.304868,,,33.246216,38.029896,0.141373,0.175416,,,,,,,,,,,,
104825,,,,,,,,,,,,,32.874252,37.443783,0.144719,0.181138,,,,0.110797,-0.517801,0.194096,,,,,,
104828,,,,,,,,,0.521882,0.652434,,,,,,,,,,,,,,,,,,
104831,0.110886,-0.517730,0.194146,0.093691,-0.491144,0.188495,0.628319,1.256637,,,32.480644,39.452816,,,,,-0.011743,0.029403,-0.005651,0.115266,-0.517053,0.205120,,,,,,
104837,,,,,,,,,0.549350,1.304868,,,32.561279,37.495171,0.162574,0.208048,,,,,,,,,,,,
104840,,,,,,,,,,,,,,,,,,,,0.119646,-0.516336,0.213500,,,,,,
104847,,,,,,,,,0.576817,1.957303,,,32.297943,38.082951,0.165244,0.202444,,,,,,,,,,,,
104854,,,,,,,,,,,,,,,,,,,,0.124037,-0.515600,0.230264,,,,,,
104857,,,,,,,,,0.576817,0.652434,,,32.620918,38.032963,0.161986,0.203228,,,,,,,,,,,,
104862,,,,,,,,,,,,,,,,,,,,0.128105,-0.514871,0.246964,,,,,,
104867,,,,,,,,,0.576817,1.957303,,,31.803581,38.535450,0.170295,0.198387,,,,,,,,,,,,
104870,,,,,,,,,,,,,,,,,,,,0.131884,-0.514081,0.263638,,,,,,
104877,,,,,,,,,0.521882,1.957302,,,31.660418,38.413696,0.171890,0.199812,,,,,,,,,,,,
104885,0.132249,-0.513865,0.266017,0.124345,-0.484292,0.251327,0.628319,1.256637,,,35.988792,42.626282,30.995417,37.766712,0.214621,0.238988,0.000149,0.030611,-0.014690,0.136820,-0.513095,0.283199,,,,,,
104888,,,,,,,,,0.549350,1.304868,,,,,,,,,,,,,,,,,,
104891,,,,,,,,,,,,,,,,,,,,0.142130,-0.511778,0.299962,,,,,,
104897,,,,,,,,,0.549350,2.609737,,,30.980429,38.311424,0.215772,0.234404,,,,,,,,,,,,
104905,,,,,,,,,,,,,30.967817,38.769745,0.216902,0.230592,,,,0.147344,-0.510397,0.311183,,,,,,
104908,,,,,,,,,0.549350,1.304868,,,,,,,,,,,,,,,,,,
104912,,,,,,,,,,,,,,,,,,,,0.152847,-0.508732,0.325219,,,,,,
104917,,,,,,,,,0.631752,1.957303,,,31.501749,39.155376,0.212461,0.227430,,,,,,,,,,,,
104920,,,,,,,,,,,,,,,,,,,,0.157992,-0.507064,0.342052,,,,,,
104927,,,,,,,,,0.631752,0.652435,,,32.495541,39.479847,0.203221,0.224815,,,,,,,,,,,,
104931,0.158375,-0.506888,0.338407,0.154508,-0.475528,0.314159,0.628319,1.256637,,,38.028946,44.292320,,,,,0.006764,0.030865,-0.024248,,,,,,,,,
104934,,,,,,,,,,,,,,,,,,,,0.163520,-0.505209,0.356160,,,,,,
104937,,,,,,,,,0.604285,1.304869,,,32.787174,39.752857,0.221755,0.239653,,,,,,,,,,,,
104945,,,,,,,,,,,,,33.032555,39.982567,0.220300,0.238218,,,,0.169198,-0.503181,0.367404,,,,,,
104948,,,,,,,,,0.576817,0.652434,,,,,,,,,,,,,,,,,,
104956,,,,,,,,,0.686687,0.652435,,,33.783562,40.720390,0.213639,0.231554,,,,0.174880,-0.501039,0.378684,,,,,,
104964,,,,,,,,,,,,,,,,,,,,0.181021,-0.498838,0.389909,,,,,,
104967,,,,,,,,,0.631752,1.957303,,,34.415459,41.341194,0.208043,0.225936,,,,,,,,,,,,
104971,,,,,,,,,,,,,,,,,,,,0.187015,-0.496645,0.398379,,,,,,
104977,,,,,,,,,0.659220,1.304869,,,34.947136,41.863537,0.203343,0.221199,,,,,,,,,,,,
104986,0.187189,-0.496503,0.398820,0.184062,-0.464888,0.376990,0.628319,1.256637,0.686687,0.652435,38.728416,45.077461,35.939034,42.303036,0.200976,0.225210,0.009395,0.030348,-0.021830,0.192904,-0.494418,0.409708,,,,,,
104993,,,,,,,,,,,,,,,,,,,,0.199325,-0.491762,0.421001,,,,,,
104997,,,,,,,,,0.659220,1.304869,,,36.229073,42.672832,0.198576,0.221993,,,,,,,,,,,,
105007,,,,,,,,,0.686687,0.652435,,,37.017654,42.983978,0.191032,0.219300,,,,,,,,,,,,
105015,,,,,,,,,0.714154,1.304868,,,37.681168,43.790318,0.184606,0.211494,,,,0.211770,-0.486454,0.446518,,,,,,
105023,,,,,,,,,,,,,,,,,,,,0.217623,-0.483645,0.455045,,,,,,
105027,,,,,,,,,0.686687,0.652435,,,37.694904,43.924229,0.184676,0.210386,,,,,,,,,,,,
105031,0.217704,-0.483558,0.453063,0.212890,-0.452414,0.439823,0.628319,1.256637,,,38.540771,45.225819,,,,,0.009304,0.030109,-0.013240,0.223750,-0.480857,0.469297,,,,,,
105037,,,,,,,,,0.686687,1.957303,,,38.251007,44.581444,0.177296,0.205426,,,,,,,,,,,,
105045,,,,,,,,,,,,,38.174366,44.589882,0.178136,0.205469,,,,0.230091,-0.477880,0.483508,,,,,,
105048,,,,,,,,,0.686687,1.957303,,,,,,,,,,,,,,,,,,
105052,,,,,,,,,,,,,,,,,,,,0.236300,-0.474762,0.494898,,,,,,
105057,,,,,,,,,0.659220,1.304869,,,38.109882,45.141525,0.178867,0.199969,,,,,,,,,,,,
105060,,,,,,,,,,,,,,,,,,,,0.242728,-0.471526,0.503467,,,,,,
105067,,,,,,,,,0.686687,0.652435,,,38.600170,45.061134,0.173952,0.200806,,,,,,,,,,,,
105074,,,,,,,,,,,,,,,,,,,,0.248891,-0.468174,0.517760,,,,,,
105077,,,,,,,,,0.686687,1.957303,,,38.468155,45.538036,0.175287,0.195975,,,,,,,,,,,,
105081,0.248803,-0.468085,0.520541,0.240877,-0.438153,0.502655,0.628319,1.256637,,,38.268200,44.764992,,,,,0.008010,0.029910,-0.017886,0.255188,-0.464765,0.529225,,,,,,
105087,,,,,,,,,0.714155,0.000000,,,38.901619,45.394760,0.168100,0.192673,,,,,,,,,,,,
105096,,,,,,,,,0.686687,1.957303,,,39.266335,45.274208,0.164253,0.193777,,,,0.261285,-0.461325,0.540710,,,,,,
105105,,,,,,,,,,,,,39.028664,45.172775,0.166478,0.194710,,,,0.267501,-0.457719,0.555065,,,,,,
105108,,,,,,,,,0.631752,0.652435,,,,,,,,,,,,,,,,,,
105111,,,,,,,,,,,,,,,,,,,,0.273447,-0.454018,0.563708,,,,,,
105117,,,,,,,,,0.714154,1.304868,,,38.828686,45.631973,0.168365,0.189944,,,,,,,,,,,,
105125,,,,,,,,,0.686687,1.957303,,,39.204971,45.473797,0.164415,0.191384,,,,0.279357,-0.450289,0.572340,,,,,,
105131,0.279226,-0.450238,0.576203,0.267913,-0.422164,0.565487,0.628319,1.256637,,,37.513123,44.290283,,,,,0.005810,0.029704,-0.010716,0.285297,-0.446441,0.586749,,,,,,
105137,,,,,,,,,0.631752,0.652435,,,38.977032,45.340710,0.158851,0.187758,,,,,,,,,,,,
105145,,,,,,,,,,,,,38.785244,45.773273,0.160514,0.183136,,,,0.291201,-0.442739,0.595411,,,,,,
105148,,,,,,,,,0.686687,1.957303,,,,,,,,,,,,,,,,,,
105155,,,,,,,,,,,,,39.168419,45.592690,0.156352,0.184681,,,,0.296863,-0.438706,0.609920,,,,,,
105158,,,,,,,,,0.686687,0.652435,,,,,,,,,,,,,,,,,,
105163,,,,,,,,,,,,,,,,,,,,0.302630,-0.434996,0.624474,,,,,,
105167,,,,,,,,,0.659220,1.304869,,,38.946278,45.440746,0.158286,0.185970,,,,,,,,,,,,
105170,,,,,,,,,,,,,,,,,,,,0.308202,-0.431119,0.636111,,,,,,
105177,,,,,,,,,0.659220,1.304869,,,38.759369,45.312901,0.159906,0.187044,,,,,,,,,,,,
105181,0.308040,-0.431143,0.636556,0.293893,-0.404508,0.628319,0.628319,1.256637,,,37.082905,43.960857,,,,,0.004456,0.029828,-0.008238,,,,,,,,,
105184,,,,,,,,,,,,,,,,,,,,0.313678,-0.427403,0.650696,,,,,,
105187,,,,,,,,,0.714154,1.304868,,,38.602104,45.205330,0.156873,0.184577,,,,,,,,,,,,
105192,,,,,,,,,,,,,,,,,,,,0.319228,-0.423660,0.665342,,,,,,
105197,,,,,,,,,0.604285,1.304869,,,38.469780,45.114822,0.157919,0.185251,,,,,,,,,,,,
105206,,,,,,,,,0.686687,1.957303,,,38.358444,45.583210,0.158777,0.180243,,,,0.324525,-0.419676,0.680004,,,,,,
105214,,,,,,,,,,,,,,,,,,,,0.329908,-0.415681,0.691763,,,,,,
105217,,,,,,,,,0.631752,1.957303,,,37.720222,45.432770,0.165032,0.181453,,,,,,,,,,,,
105221,,,,,,,,,,,,,,,,,,,,0.334751,-0.411713,0.712383,,,,,,
105227,,,,,,,,,0.686687,0.652435,,,37.727764,45.306190,0.164827,0.182449,,,,,,,,,,,,
105231,0.334792,-0.411585,0.708755,0.318712,-0.385257,0.691150,0.628319,1.256637,,,37.390778,43.909523,,,,,0.004929,0.030454,-0.017605,,,,,,,,,
105236,,,,,,,,,0.631752,1.957303,,,37.734112,45.199684,0.167774,0.182743,,,,0.339729,-0.407655,0.724227,,,,,,
105243,,,,,,,,,,,,,,,,,,,,0.344577,-0.403618,0.739050,,,,,,
105247,,,,,,,,,0.659220,1.304869,,,37.739452,45.110069,0.167651,0.183399,,,,,,,,,,,,
105257,,,,,,,,,0.631752,1.957303,,,37.199402,44.490124,0.173090,0.189483,,,,,,,,,,,,
105265,,,,,,,,,,,,,37.289547,44.513046,0.172208,0.189133,,,,0.354535,-0.394559,0.765832,,,,,,
105268,,,,,,,,,0.631752,0.652435,,,,,,,,,,,,,,,,,,
105273,,,,,,,,,,,,,,,,,,,,0.359269,-0.390015,0.777766,,,,,,
105277,,,,,,,,,0.659220,1.304869,,,37.365395,44.532333,0.171455,0.188815,,,,,,,,,,,,
105281,0.359254,-0.389956,0.777449,0.342274,-0.364484,0.753982,0.628319,1.256637,,,37.741562,44.020069,,,,,0.005766,0.030065,-0.023466,0.364028,-0.385510,0.786738,,,,,,
105287,,,,,,,,,0.659220,0.000000,,,37.429214,44.004017,0.174387,0.195207,,,,,,,,,,,,
105294,,,,,,,,,,,,,,,,,,,,0.368895,-0.381027,0.798742,,,,,,
105297,,,,,,,,,0.659220,2.609737,,,37.482910,44.104034,0.173902,0.194190,,,,,,,,,,,,
105305,,,,,,,,,,,,,37.528091,44.188190,0.173493,0.193315,,,,0.373598,-0.376674,0.816802,,,,,,
105308,,,,,,,,,0.631752,0.652435,,,,,,,,,,0.378083,-0.372245,0.828868,,,,,,
105317,,,,,,,,,0.659220,1.304869,,,37.566105,44.258999,0.173148,0.192559,,,,,,,,,,,,
105324,,,,,,,,,,,,,,,,,,,,0.382827,-0.367523,0.837973,,,,,,
105327,,,,,,,,,0.659220,1.304869,,,37.598091,44.318577,0.172857,0.191904,,,,,,,,,,,,
105331,0.382756,-0.367403,0.838365,0.364484,-0.342274,0.816813,0.628319,1.256637,,,37.899021,44.259892,,,,,0.006466,0.030390,-0.021552,0.387280,-0.362728,0.850091,,,,,,
105337,,,,,,,,,0.686687,0.652435,,,37.625004,44.368706,0.174217,0.193779,,,,,,,,,,,,
105346,,,,,,,,,0.631752,1.957303,,,37.647648,44.410885,0.174041,0.193327,,,,0.391673,-0.357699,0.862243,,,,,,
105354,,,,,,,,,,,,,,,,,,,,0.395798,-0.352787,0.874439,,,,,,
105357,,,,,,,,,0.631752,0.652435,,,37.666702,43.901833,0.173897,0.198489,,,,,,,,,,,,
105365,,,,,,,,,,,,,38.227276,44.018059,0.168225,0.197375,,,,0.400055,-0.347621,0.883658,,,,,,
105368,,,,,,,,,0.714154,1.304868,,,,,,,,,,,,,,,,,,
105376,,,,,,,,,0.604285,1.304869,,,37.609856,44.115852,0.174457,0.196426,,,,0.404186,-0.342613,0.892868,,,,,,
105381,0.404022,-0.342755,0.893768,0.385257,-0.318712,0.879645,0.628319,1.256637,,,37.909451,44.551136,,,,,0.006984,0.029689,-0.014123,0.408630,-0.337454,0.908202,,,,,,
105387,,,,,,,,,0.659220,1.304869,,,37.634903,44.198135,0.174366,0.198586,,,,,,,,,,,,
105391,,,,,,,,,,,,,,,,,,,,0.412935,-0.332205,0.917467,,,,,,
105397,,,,,,,,,0.659220,1.304869,,,37.655979,44.267368,0.174206,0.197950,,,,,,,,,,,,
105405,,,,,,,,,,,,,38.218254,44.325619,0.168521,0.197413,,,,0.417035,-0.326886,0.926740,,,,,,
105408,,,,,,,,,0.686687,0.652435,,,,,,,,,,,,,,,,,,
105413,,,,,,,,,,,,,,,,,,,,0.420926,-0.321546,0.942286,,,,,,
105417,,,,,,,,,0.686687,0.652435,,,38.146809,44.374634,0.169188,0.196958,,,,,,,,,,,,
105425,,,,,,,,,,,,,38.631237,44.415874,0.164200,0.196573,,,,0.424832,-0.316378,0.951643,,,,,,
105428,,,,,,,,,0.659220,1.304869,,,,,,,,,,,,,,,,,,
105431,0.424749,-0.316381,0.952260,0.404508,-0.293893,0.942478,0.628319,1.256637,,,37.714787,44.525570,,,,,0.006585,0.029530,-0.009782,,,,,,,,,
105435,,,,,,,,,,,,,38.494293,44.450573,0.163467,0.195985,,,,0.428799,-0.310965,0.960994,,,,,,
105438,,,,,,,,,0.659220,1.304869,,,,,,,,,,,,,,,,,,
105442,,,,,,,,,,,,,,,,,,,,0.432710,-0.305511,0.973491,,,,,,
105447,,,,,,,,,0.659220,1.304869,,,38.379066,44.479767,0.164486,0.195702,,,,,,,,,,,,
105457,,,,,,,,,0.686687,1.957303,,,38.282116,44.504333,0.165342,0.195461,,,,,,,,,,,,
105464,,,,,,,,,,,,,,,,,,,,0.440517,-0.294749,0.998670,,,,,,
105467,,,,,,,,,0.686687,0.652435,,,38.200542,45.069546,0.166061,0.189700,,,,,,,,,,,,
105472,,,,,,,,,,,,,,,,,,,,0.444143,-0.289212,1.014515,,,,,,
105477,,,,,,,,,0.659220,1.304869,,,38.131905,45.000572,0.166664,0.190295,,,,,,,,,,,,
105485,0.444045,-0.289187,1.014763,0.422164,-0.267913,1.005310,0.628319,1.256637,,,37.687222,44.516678,,,,,0.006520,0.029814,-0.009453,0.447520,-0.283940,1.027294,,,,,,
105488,,,,,,,,,0.604285,0.000000,,,38.618698,43.853451,0.161334,0.201810,,,,,,,,,,,,
105494,,,,,,,,,,,,,,,,,,,,0.450998,-0.278248,1.039977,,,,,,
105497,,,,,,,,,0.659220,1.304869,,,37.939198,43.977348,0.168078,0.200679,,,,,,,,,,,,
105507,,,,,,,,,0.659220,2.609737,,,37.912010,44.081596,0.168305,0.199723,,,,,,,,,,,,
105512,,,,,,,,,,,,,,,,,,,,0.454359,-0.272580,1.056072,,,,,,
105517,,,,,,,,,0.631752,0.652435,,,37.889133,44.169312,0.168494,0.198916,,,,0.457544,-0.266855,1.069099,,,,,,
105527,,,,,,,,,0.659220,1.304869,,,37.869888,44.243114,0.168650,0.198232,,,,0.460836,-0.261071,1.081805,,,,,,
105531,0.460810,-0.261035,1.081653,0.438153,-0.240877,1.068142,0.628319,1.256637,,,37.946056,44.607693,,,,,0.007149,0.029471,-0.013512,,,,,,,,,
105535,,,,,,,,,,,,,37.853695,44.305214,0.171418,0.198582,,,,0.464073,-0.255198,1.101223,,,,,,
105538,,,,,,,,,0.659220,1.304869,,,,,,,,,,,,,,,,,,
105543,,,,,,,,,,,,,,,,,,,,0.467226,-0.249284,1.114252,,,,,,
105547,,,,,,,,,0.631752,1.957303,,,37.295525,44.357464,0.177130,0.198109,,,,,,,,,,,,
105557,,,,,,,,,0.686687,1.957303,,,37.370426,44.401428,0.176496,0.197711,,,,,,,,,,,,
105564,,,,,,,,,,,,,,,,,,,,0.473352,-0.237265,1.143733,,,,,,
105567,,,,,,,,,0.659220,1.304869,,,37.433445,44.438419,0.175969,0.197375,,,,,,,,,,,,
105572,,,,,,,,,,,,,,,,,,,,0.476313,-0.231195,1.156862,,,,,,
105577,,,,,,,,,0.631752,0.652435,,,37.486469,44.469543,0.175530,0.197091,,,,,,,,,,,,
105585,0.476212,-0.231336,1.153288,0.452414,-0.212890,1.130974,0.628319,1.256637,,,38.134579,44.442257,,,,,0.007212,0.029233,-0.022315,,,,,,,,,
105588,,,,,,,,,0.659220,1.304869,,,37.531086,44.495731,0.177090,0.195164,,,,0.479131,-0.224840,1.166878,,,,,,
105594,,,,,,,,,,,,,,,,,,,,0.482047,-0.218680,1.183442,,,,,,
105597,,,,,,,,,0.714154,1.304868,,,38.113171,45.062305,0.171273,0.189375,,,,,,,,,,,,
105601,,,,,,,,,,,,,,,,,,,,0.484816,-0.212636,1.196869,,,,,,
105607,,,,,,,,,0.659220,1.304869,,,38.058392,44.994480,0.171836,0.189942,,,,,,,,,,,,
105616,,,,,,,,,0.714154,1.304868,,,38.012302,44.937412,0.172322,0.190414,,,,0.487551,-0.206340,1.210206,,,,,,
105623,,,,,,,,,,,,,,,,,,,,0.490319,-0.200135,1.223688,,,,,,
105627,,,,,,,,,0.631752,0.652435,,,38.518066,44.889397,0.167187,0.190805,,,,,,,,,,,,
105631,0.490163,-0.200310,1.220516,0.464888,-0.184062,1.193805,0.628319,1.256637,,,38.041317,44.176273,,,,,0.006588,0.029316,-0.026711,0.492788,-0.193945,1.233792,,,,,,
105637,,,,,,,,,0.686687,1.957303,,,38.399071,45.393536,0.167373,0.182860,,,,,,,,,,,,
105645,,,,,,,,,,,,,38.298946,45.273178,0.168323,0.183844,,,,0.495167,-0.187681,1.247454,,,,,,
105648,,,,,,,,,0.659220,1.304869,,,,,,,,,,,,,,,,,,
105653,,,,,,,,,,,,,,,,,,,,0.497681,-0.181416,1.264489,,,,,,
105657,,,,,,,,,0.659220,1.304869,,,38.214703,45.171909,0.169131,0.184658,,,,,,,,,,,,
105661,,,,,,,,,,,,,,,,,,,,0.500101,-0.174979,1.278190,,,,,,
105667,,,,,,,,,0.659220,1.304869,,,38.143822,45.086700,0.169819,0.185328,,,,,,,,,,,,
105675,,,,,,,,,,,,,38.084183,45.015007,0.170407,0.185877,,,,0.502374,-0.168591,1.288573,,,,,,
105678,,,,,,,,,0.659220,1.304869,,,,,,,,,,,,,,,,,,
105686,0.502212,-0.168625,1.288333,0.475528,-0.154508,1.256636,0.628319,1.256637,0.631752,0.652435,38.000374,43.942436,38.034000,44.410141,0.170492,0.189494,0.006120,0.029562,-0.031697,0.504405,-0.162080,1.298966,,,,,,
105690,,,,,,,,,,,,,,,,,,,,0.506281,-0.155838,1.309412,,,,,,
105697,,,,,,,,,0.741622,0.652433,,,38.536320,44.990292,0.165362,0.183483,,,,,,,,,,,,
105704,,,,,,,,,,,,,,,,,,,,0.508118,-0.149483,1.323507,,,,,,
105707,,,,,,,,,0.659220,1.304869,,,38.414429,44.933887,0.166498,0.183849,,,,,,,,,,,,
105712,,,,,,,,,,,,,,,,,,,,0.509882,-0.143234,1.337723,,,,,,
105717,,,,,,,,,0.659220,1.304869,,,38.311871,44.886429,0.167461,0.184134,,,,,,,,,,,,
105726,,,,,,,,,0.631752,0.652435,,,38.225578,44.301952,0.168279,0.189907,,,,0.511662,-0.136782,1.344658,,,,,,
105731,0.511562,-0.136896,1.342667,0.484292,-0.124345,1.319468,0.628319,1.256637,,,37.825291,44.101250,,,,,0.006058,0.029402,-0.023199,,,,,,,,,
105734,,,,,,,,,,,,,,,,,,,,0.513393,-0.130036,1.351630,,,,,,
105737,,,,,,,,,0.686687,1.957303,,,38.152973,44.354717,0.167189,0.190917,,,,,,,,,,,,
105745,,,,,,,,,,,,,38.636425,44.399117,0.162192,0.190413,,,,0.514904,-0.123309,1.358734,,,,,,
105748,,,,,,,,,0.631752,0.652435,,,,,,,,,,,,,,,,,,
105755,,,,,,,,,,,,,38.498657,43.891930,0.163435,0.195527,,,,0.516348,-0.116804,1.373058,,,,,,
105758,,,,,,,,,0.659220,1.304869,,,,,,,,,,,,,,,,,,
105763,,,,,,,,,,,,,,,,,,,,0.517769,-0.110306,1.383881,,,,,,
105767,,,,,,,,,0.659220,1.304869,,,38.382740,44.554268,0.164483,0.188813,,,,,,,,,,,,
105770,,,,,,,,,,,,,,,,,,,,0.519032,-0.103622,1.394577,,,,,,
105777,,,,,,,,,0.631752,0.652435,,,38.285206,44.022472,0.165366,0.194147,,,,,,,,,,,,
105781,0.518959,-0.103822,1.392957,0.491144,-0.093691,1.382300,0.628319,1.256637,,,37.303837,44.072704,,,,,0.005051,0.029168,-0.010657,,,,,,,,,
105784,,,,,,,,,,,,,,,,,,,,0.520357,-0.097133,1.405616,,,,,,
105787,,,,,,,,,0.686687,1.957303,,,38.203140,44.664108,0.160793,0.187327,,,,,,,,,,,,
105792,,,,,,,,,,,,,,,,,,,,0.521642,-0.090663,1.416512,,,,,,
105797,,,,,,,,,0.631752,0.652435,,,38.134090,44.114895,0.161317,0.192810,,,,,,,,,,,,
105805,,,,,,,,,,,,,38.075993,44.197330,0.161744,0.191961,,,,0.522863,-0.084377,1.427465,,,,,,
105808,,,,,,,,,0.686687,1.957303,,,,,,,,,,,,,,,,,,
105816,,,,,,,,,0.631752,0.652435,,,38.027111,44.266689,0.162088,0.191229,,,,0.523883,-0.077635,1.438301,,,,,,
105824,,,,,,,,,,,,,,,,,,,,0.524941,-0.070773,1.445619,,,,,,
105827,,,,,,,,,0.659220,1.304869,,,37.985981,44.325050,0.162363,0.190595,,,,,,,,,,,,
105831,0.524842,-0.070810,1.446673,0.496057,-0.062667,1.445133,0.628319,1.256637,,,36.970852,44.109493,,,,,0.004517,0.029572,-0.001540,0.526023,-0.064346,1.460531,,,,,,
105837,,,,,,,,,0.659220,1.304869,,,37.951374,44.374153,0.159183,0.190419,,,,,,,,,,,,
105846,,,,,,,,,0.659220,1.304869,,,37.922256,44.415470,0.159284,0.189944,,,,0.526822,-0.057679,1.475508,,,,,,
105853,,,,,,,,,,,,,,,,,,,,0.527569,-0.051490,1.490752,,,,,,
105857,,,,,,,,,0.686687,1.957303,,,37.897755,44.450233,0.159343,0.189529,,,,,,,,,,,,
105861,,,,,,,,,,,,,,,,,,,,0.528191,-0.044904,1.505566,,,,,,
105867,,,,,,,,,0.659220,1.304869,,,37.877140,44.479485,0.159368,0.189162,,,,,,,,,,,,
105875,,,,,,,,,0.631752,0.652435,,,37.315254,44.504093,0.164918,0.188837,,,,0.528888,-0.038271,1.520729,,,,,,
105881,0.528825,-0.038366,1.517251,0.499013,-0.031395,1.507965,0.628319,1.256637,,,37.355892,44.198498,,,,,0.005365,0.030142,-0.009286,0.529680,-0.031587,1.532218,,,,,,
105887,,,,,,,,,0.631752,1.957303,,,37.387024,44.524799,0.168045,0.189455,,,,,,,,,,,,
105890,,,,,,,,,,,,,,,,,,,,0.530202,-0.024830,1.547587,,,,,,
105897,,,,,,,,,0.631752,1.957303,,,36.902870,44.542221,0.172977,0.189212,,,,,,,,,,,,
105905,,,,,,,,,,,,,37.040047,44.556881,0.171668,0.188993,,,,0.530529,-0.018089,1.559227,,,,,,
105908,,,,,,,,,0.659220,1.304869,,,,,,,,,,,,,,,,,,
105913,,,,,,,,,,,,,,,,,,,,0.530771,-0.011340,1.570934,,,,,,
105917,,,,,,,,,0.686687,0.652435,,,37.155464,44.569218,0.170554,0.188796,,,,,,,,,,,,
105921,,,,,,,,,,,,,,,,,,,,0.530827,-0.004792,1.586146,,,,,,
105927,,,,,,,,,0.631752,1.957303,,,37.252579,44.579597,0.169604,0.188616,,,,,,,,,,,,
105931,0.530677,-0.004959,1.588574,0.500000,-0.000000,1.570797,0.628319,1.256637,,,37.554367,44.068863,,,,,0.005504,0.030584,-0.017777,,,,,,,,,
105935,,,,,,,,,,,,,37.334290,44.588329,0.170815,0.187128,,,,0.530941,0.001770,1.597914,,,,,,
105938,,,,,,,,,0.659220,1.304869,,,,,,,,,,,,,,,,,,
105945,,,,,,,,,,,,,37.403042,44.595676,0.170158,0.186950,,,,0.530862,0.008317,1.609529,,,,,,
105948,,,,,,,,,0.659220,1.304869,,,,,,,,,,,,,,,,,,
105957,,,,,,,,,0.686687,0.652435,,,38.005432,44.601860,0.164044,0.186781,,,,,,,,,,,,
105965,,,,,,,,,,,,,37.967739,44.607059,0.164338,0.186621,,,,0.530770,0.021555,1.636211,,,,,,
105968,,,,,,,,,0.659220,1.304869,,,,,,,,,,,,,,,,,,
105973,,,,,,,,,,,,,,,,,,,,0.530576,0.028247,1.647584,,,,,,
105977,,,,,,,,,0.631752,0.652435,,,37.936024,44.066891,0.164579,0.192024,,,,,,,,,,,,
105981,0.530489,0.028110,1.645367,0.500000,-0.000000,1.570797,0.628319,1.256637,,,29.764919,34.066624,,,,,-0.025760,0.032498,-0.074570,0.530219,0.034787,1.666335,,,,,,
105987,,,,,,,,,0.631752,1.957303,,,37.364796,44.156937,0.090877,0.089083,,,,,,,,,,,,
