ts,x,y,yaw,x_des,y_des,yaw_des,v_ff,w_ff,v_actual,w_actual,omega_l_cmd,omega_r_cmd,omega_l_meas,omega_r_meas,duty_l,duty_r,x_err,y_err,yaw_err
170832,-0.0053622434,-0.9978994,-2.2914846,0.00111,-1.002185,-1.1002328,0.018589,0.008938,0,0,-0.43611756,0.70578617,0,0,-0.004622846,0.007481333,-0.001051073,0.00769099,1.1912518
170882,-0.0053467965,-0.9979032,-2.2942502,0.003684,-1.007228,-1.0974772,0.072641,0.035112,0,0,-0.2991911,4.185406,0,0,-0.003607543,0.04507109,0.0010109674,0.012941596,1.196773
170932,-0.005352024,-0.997908,-2.2944806,0.008576,-1.016719,-1.092169,0.158836,0.077881,0,0,0.005697831,9.887549,0,0,-0.0006749116,0.10969921,0.0048739724,0.022892958,1.2023115
170982,-0.0055939606,-0.99819005,-2.2778335,0.016425,-1.031687,-1.083463,0.272347,0.137231,0.028262334,0.6713143,0.8732099,17.920996,0,3.5327916,0.008526415,0.16766828,0.011164254,0.038499888,1.1943703
171032,-0.0075354385,-1.0002822,-2.194978,0.027771,-1.052766,-1.0704367,0.406428,0.214064,0.07969164,1.892913,4.6173825,29.657635,0,9.961454,0.049087856,0.23879832,0.021953277,0.059322402,1.1245413
171082,-0.011316439,-1.0059416,-2.0140445,0.043043,-1.080105,-1.0520241,0.552327,0.310504,0.17462225,3.7667148,16.1976,47.856037,1.0027218,20.825058,0.16611886,0.33678213,0.043682966,0.080913186,0.9620204
171132,-0.016074784,-1.0180402,-1.7504811,0.062527,-1.113278,-1.0269148,0.699567,0.430324,0.36930424,5.103505,38.373066,71.97021,9.652916,36.510113,0.32631886,0.45403218,0.079656884,0.09435714,0.72356606
171182,-0.020051692,-1.0409254,-1.4636829,0.086343,-1.151248,-0.9934199,0.836602,0.579593,0.7226362,4.154953,65.92527,95.39722,34.23204,56.09748,0.38690516,0.5319425,0.12106484,0.09399048,0.47026303
171232,-0.017041752,-1.0740131,-1.073436,0.11442,-1.192397,-0.94926476,0.951825,0.767687,1.0640032,2.8562293,99.303375,112.56258,58.98474,74.01565,0.5105259,0.5639734,0.16676246,0.05905269,0.124171264
171282,-0.0023171417,-1.1118926,-0.6119885,0.146463,-1.2346,-0.89128804,1.034848,1.008905,1.352764,-0.050818656,122.84609,109.650505,84.681465,84.41403,0.52805024,0.4607012,0.19227254,-0.014963232,-0.27929947
171332,0.024251081,-1.1451902,-0.131338,0.181936,-1.275383,-0.8149791,1.07791,1.324995,1.4398792,-3.7681162,120.84813,81.13641,99.9073,80.07759,0.38511813,0.2299567,0.17337699,-0.10842096,-0.6836412
171382,0.059066188,-1.1694012,0.2634508,0.220044,-1.312124,-0.71381307,1.077275,1.748843,1.1978818,-5.763702,97.568985,44.264355,90.03335,59.701866,0.2636945,0.055005834,0.1182566,-0.17971934,-0.9772639
171432,0.093030095,-1.1792469,0.46932715,0.259733,-1.342316,-0.57844806,1.034438,2.328709,0.86491656,-5.810799,79.14111,27.591208,69.34695,38.767616,0.2979682,0.086318046,0.07492383,-0.22083434,-1.0477753
171483,0.122740105,-1.1769444,0.30419087,0.299708,-1.36382,-0.39636302,0.957031,3.128195,0.8276283,-5.620286,92.215576,62.728313,66.515144,36.93839,0.47921017,0.47112638,0.11287002,-0.23130171,-0.7005539
171533,0.15485293,-1.1683404,-0.028115407,0.338467,-1.375101,-0.15427089,0.859247,4.20259,1.177429,-2.3615866,101.62115,111.44274,79.80324,67.37539,0.46513373,0.6936897,0.18935391,-0.20151709,-0.12615538
171582,0.19494066,-1.1671487,-0.38967675,0.374365,-1.375415,0.15202904,0.761264,5.501726,1.4821211,3.8852646,84.32548,135.07271,82.40946,102.85567,0.2770347,0.61484945,0.24509141,-0.124491505,0.54170585
171632,0.24123296,-1.1772364,-0.72070307,0.405699,-1.364914,0.5019839,0.685912,6.682049,1.4306651,8.321075,46.621784,121.79996,67.521736,111.31139,0.035040155,0.41484872,0.24742109,-0.032476664,1.222687
171682,0.27782688,-1.1998415,-0.8735066,0.430805,-1.344626,0.8538921,0.649928,7.162419,1.0729942,8.953129,13.142983,91.874565,43.50422,90.620056,-0.08598904,0.32954982,0.20922339,0.0242986,1.7273989
171732,0.31080893,-1.22713,-0.45566857,0.448181,-1.31635,1.1776488,0.6536,6.808008,0.8143882,12.061074,4.876211,81.49174,19.163559,82.634964,0.05573313,0.30720934,0.16261797,-0.019664194,1.6333175
171782,0.33521715,-1.2417517,0.17052561,0.456602,-1.282421,1.4701378,0.682542,6.13909,0.70968825,12.703069,6.867088,79.39368,10.930567,77.780464,0.15118697,0.33638033,0.112722665,-0.06067849,1.2996123
171832,0.3596843,-1.2429117,0.81181705,0.455226,-1.24542,1.7399952,0.7216,5.595091,0.66634566,11.497511,12.856088,77.16088,11.393779,71.89943,0.20640981,0.3787548,0.06393017,-0.07104537,0.9281783
171882,0.3788917,-1.2294159,1.4587345,0.443692,-1.207836,1.9911683,0.76455,5.213987,0.7011911,9.950664,24.013374,74.46484,17.641762,70.007126,0.26039532,0.3762709,0.028690938,-0.061980627,0.5324335
171932,0.3873055,-1.2067391,2.0513287,0.42217,-1.171725,2.217644,0.813675,4.811158,0.75866324,7.6842484,38.045166,70.660286,27.197273,67.63563,0.3140816,0.36568424,0.01493248,-0.047101356,0.16631508
171982,0.38271847,-1.1829451,2.5787072,0.391389,-1.138461,2.407749,0.873407,4.206012,0.83679813,4.4342303,52.613327,64.19892,40.632313,63.96745,0.3383858,0.3415887,0.016405184,-0.04224792,-0.17095803
172032,0.36358252,-1.1620121,3.0537307,0.352614,-1.108561,2.551696,0.943469,3.364355,0.901715,1.5673575,62.34431,49.8212,52.233074,60.481293,0.33070695,0.22617805,0.015616499,-0.052282404,-0.50203466
172082,0.33802974,-1.1531566,-2.8585649,0.307583,-1.081665,2.645149,1.016318,2.379782,0.8402012,-1.03292,65.320435,30.255579,55.230446,49.794704,0.34218314,0.12086944,0.009270327,-0.07714994,-0.7794717
172132,0.31012058,-1.1555395,-2.774852,0.258411,-1.056639,2.687822,1.079951,1.358413,0.7752804,-3.4861312,72.88425,26.365313,57.627907,39.282143,0.40788078,0.17227203,0.012807716,-0.110865526,-0.82051116
172182,0.27940327,-1.1649394,-3.0150316,0.207454,-1.031822,2.6807892,1.123069,0.352533,0.87431896,-5.8854957,95.00223,52.550003,70.13114,39.158722,0.52791405,0.4415906,0.054571267,-0.14113443,-0.5873645
172232,0.2389668,-1.1693869,2.896976,0.15717,-1.00535,2.6251538,1.139441,-0.630398,1.2131944,-5.092065,115.91899,88.26908,89.223145,62.426155,0.57508826,0.5899272,0.119088925,-0.13934359,-0.27182198
172282,0.18906288,-1.1621022,2.4359226,0.109957,-0.975506,2.522669,1.130104,-1.589969,1.5681524,-2.148813,124.04755,118.625824,103.66359,92.35546,0.5361573,0.62188405,0.18122943,-0.09072919,0.08674622
172333,0.14185447,-1.1419655,1.9289529,0.068006,-0.941043,2.377927,1.103091,-2.495022,1.7332703,0.71767485,113.78434,130.84544,106.44101,110.21777,0.42083782,0.5908837,0.21406034,-0.0012706816,0.4489741
172382,0.10067107,-1.1081104,1.3838348,0.03317,-0.901405,2.2006009,1.07069,-3.262368,1.6643485,4.1766434,81.57539,117.234634,93.03198,115.011566,0.22792098,0.41649285,0.19055663,0.104745924,0.8167658
172432,0.074823394,-1.073441,0.8397445,0.006862,-0.856819,2.005006,1.044701,-3.781378,1.2548604,6.068875,34.77335,81.93549,62.460045,94.3975,0.044101655,0.26279598,0.115894556,0.19522378,1.1652615
172482,0.060210884,-1.0460166,0.393257,-0.010024,-0.808228,1.805948,1.031671,-3.991328,0.7311006,5.837026,-8.148236,43.21624,30.33511,61.05246,-0.09717032,0.19460979,0.026246704,0.2465511,1.4126911
172532,0.05302489,-1.029379,0.2240446,-0.017142,-0.757077,1.6143153,1.031212,-3.934575,0.397353,5.1374426,-16.908731,35.600647,11.316666,38.352455,-0.025427788,0.34010142,-0.007914521,0.28108567,1.3902707
172582,0.05514736,-1.0248559,0.39095074,-0.0147,-0.705027,1.4364688,1.038534,-3.710558,0.4414384,6.480978,24.771868,72.55603,10.536828,44.64297,0.3995819,0.66656375,0.05729922,0.32231346,1.0455182
172632,0.07005362,-1.0169774,0.71609527,-0.00342,-0.653617,1.276819,1.048656,-3.389546,1.0388135,7.5130267,92.97495,121.02776,45.157196,84.694496,0.77328753,0.78571767,0.18309912,0.32234123,0.5607238
172682,0.09438082,-1.0018165,0.9817791,0.015518,-0.603977,1.140413,1.058772,-2.979835,1.793781,2.568748,143.82657,148.28818,105.352295,118.87033,0.72369003,0.7494383,0.28698668,0.28659075,0.15863371
172733,0.11818507,-0.97470087,1.318684,0.040563,-0.556635,1.0335691,1.067865,-2.454869,2.2005298,-1.7259147,185.38307,159.54768,142.07442,132.99179,0.81838626,0.7521353,0.38548696,0.17945486,-0.28511477
172783,0.14357963,-0.9323645,1.6286843,0.06989,-0.511473,0.9627011,1.075036,-1.796908,2.4250326,-6.2038217,197.07318,147.34378,167.88834,135.24072,0.7122159,0.624881,0.42444986,0.049215253,-0.6659832
172832,0.15856138,-0.88489676,1.98504,0.101501,-0.467811,0.9326532,1.078588,-1.02129,2.3172164,-8.680219,181.48376,113.00751,167.66585,121.9862,0.58191186,0.41618553,0.40477574,-0.11564177,-1.0523868
172882,0.16293868,-0.8288423,2.3262243,0.133344,-0.42462,0.94554305,1.076676,-0.173391,1.9697754,-10.333678,139.36923,63.00063,150.30145,95.92047,0.3328039,0.15246516,0.31455505,-0.2555907,-1.3806815
172932,0.15473208,-0.7804542,2.586813,0.163408,-0.380799,1.000201,1.068803,0.68514,1.4012117,-9.4757805,93.82817,18.32855,112.50888,62.642586,0.24211529,-0.00041612983,0.20314604,-0.3442837,-1.5866122
172982,0.13551532,-0.74002457,2.534707,0.189838,-0.335442,1.0919921,1.056741,1.485642,1.0443599,-9.139936,96.0268,25.535799,89.321945,41.22303,0.4985342,0.2624306,0.18611601,-0.36331642,-1.4427152
173033,0.11128214,-0.71054226,2.1751292,0.211024,-0.288048,1.2131588,1.044069,2.159765,1.3448104,-9.673508,145.82976,92.4895,109.50406,58.59723,0.8273884,0.7798797,0.29098803,-0.32214254,-0.9619703
173082,0.083637096,-0.66985583,1.7220285,0.225693,-0.238617,1.3539932,1.034566,2.653946,2.0628874,-7.2991767,182.33737,166.0883,148.13643,109.72451,0.8438803,1,0.40491512,-0.20540336,-0.36803532
173132,0.06589863,-0.62238765,1.1723794,0.23298,-0.187622,1.504483,1.030627,2.945649,2.546993,-1.4099615,173.22664,210.42525,162.89702,155.4771,0.6294611,1,0.46553403,0.01467669,0.33210373
173183,0.05724667,-0.57448107,0.74421024,0.232485,-0.135868,1.6554,1.032777,3.043202,2.6011431,7.4300485,122.27214,196.47667,143.02113,182.12177,0.306336,0.7250829,0.42602193,0.20394903,0.9111898
173232,0.061118074,-0.5153387,-0.009621739,0.224306,-0.084267,1.7983038,1.040273,2.965572,1.9062665,10.742433,-17.381119,76.290276,90.87562,147.40767,-0.6418977,-0.16983175,0.15903272,0.4326219,1.8079257
173283,0.06490652,-0.4791303,-0.5991459,0.209041,-0.033614,1.9250572,1.051868,2.723463,0.37464523,7.816425,-124.643456,-56.93786,2.84836,43.982292,-0.9523918,-0.5558364,-0.13221452,0.449198,2.524203
173332,0.059320197,-0.44277453,-0.7119372,0.187761,0.015609,2.027807,1.065895,2.320224,-0.8173998,9.8557825,-144.70654,-91.66561,-77.020515,-25.15446,-0.44048148,-0.28528166,-0.20222047,0.4309517,2.7397442
173382,0.050873466,-0.4057744,-0.69936836,0.161942,0.063344,2.099642,1.079876,1.766474,-0.96187204,7.6332617,-148.04062,-101.15825,-80.20202,-40.031982,-0.51037407,-0.29445136,-0.21699253,0.43049103,2.7990103
173432,0.023148596,-0.36867478,-0.43553212,0.13338,0.109942,2.1353781,1.090498,1.089495,-0.9422903,8.429245,-115.77742,-56.29987,-81.07259,-36.713696,-0.22624037,0.08799495,-0.10198419,0.48044166,2.5709102
173482,-0.016765162,-0.34195906,0.0007737875,0.104063,0.156062,2.1320279,1.094497,0.329917,-0.41942734,11.233449,-41.01524,36.472015,-55.772217,3.3438034,0.26825005,0.6322837,0.12121343,0.49792743,2.1312542
173532,-0.04662723,-0.32546702,0.50969845,0.076045,0.202484,2.089002,1.09006,-0.465941,0.36239547,16.611614,61.892887,142.07722,-21.059595,66.359024,1,1,0.36467424,0.40099058,1.5793035
173582,-0.06783493,-0.30641818,1.0367179,0.05131,0.249887,2.0082877,1.077868,-1.248523,1.0364828,27.063217,161.83212,217.61754,-6.4299097,135.99026,1,1,0.5394835,0.1806336,0.97157
173633,-0.0749868,-0.28722143,1.424655,0.031645,0.298659,1.8945582,1.061035,-1.964336,1.8357955,20.401167,216.85347,236.17969,61.05665,168.41779,1,1,0.59516305,-0.02017837,0.469903
173682,-0.07548271,-0.2549423,1.7711608,0.018538,0.348764,1.75475,1.04389,-2.561305,2.662539,6.792305,237.14597,215.58795,148.53642,184.28093,1,0.88046837,0.572916,-0.21229333,-0.016410828
173732,-0.08315576,-0.21519765,2.1759307,0.013102,0.399712,1.5968783,1.030265,-3.003799,2.9417236,-5.0417647,213.4096,148.04395,197.12386,170.59157,0.80355704,0.3383404,0.45095906,-0.42897013,-0.57905245
173782,-0.099525265,-0.17399853,2.5719793,0.016029,0.450623,1.428705,1.022383,-3.284959,2.358163,-14.907474,141.38367,46.352108,186.61047,108.1599,0.16687185,-0.10008311,0.2395531,-0.5883189,-1.1432743
173832,-0.12732923,-0.13775083,2.796327,0.027572,0.500393,1.2572439,1.020994,-3.418961,1.2962688,-13.515891,73.514175,-29.969896,116.58049,45.453117,0.14547923,-0.30427045,0.07021789,-0.6529099,-1.539083
173882,-0.15315224,-0.11010317,2.5801365,0.047557,0.547895,1.0894368,1.026319,-3.416751,0.91230994,-13.912826,107.928215,3.830757,93.62749,20.41125,0.71960294,0.249955,0.18043445,-0.6638443,-1.4906998
173932,-0.17349796,-0.08923567,2.0769072,0.075404,0.592203,0.93299985,1.03865,-3.269751,1.377724,-15.398732,208.01198,113.127,126.62566,45.58984,1,1,0.47534853,-0.54804623,-1.1439075
173982,-0.19884515,-0.05083567,1.5005207,0.110172,0.632784,0.796304,1.057813,-2.959354,2.3809927,-10.020542,282.0401,214.52455,175.17857,122.44547,1,1,0.70363075,-0.26025233,-0.70421696
174033,-0.20919175,-0.010071561,0.81953245,0.150598,0.66962,0.68722296,1.081893,-2.481776,2.923534,-5.949472,283.4075,268.19986,198.37541,167.06631,1,1,0.74231595,0.20098832,-0.13230944
174082,-0.20400326,0.0331396,0.09127653,0.195155,0.703245,0.6119671,1.106498,-1.860729,3.1618512,-1.8986195,165.45953,212.4723,202.61143,192.61995,0.47714308,0.8962978,0.45857656,0.63093275,0.5206907
174132,-0.19426304,0.068218604,-0.62775695,0.242105,0.734684,0.57485104,1.125396,-1.135408,2.5030627,3.963281,-29.747705,58.857483,146.01303,166.8698,-1,-0.44730508,-0.038262427,0.7956941,1.2026079
174182,-0.19161744,0.09266076,-1.5176868,0.289553,0.765321,0.57888913,1.132471,-0.339417,0.48680827,0.3887954,-256.52246,-177.99437,29.402498,31.448534,-1,-1,-0.64616925,0.5161997,2.0965762
174232,-0.182667,0.12821603,-1.904532,0.335534,0.796701,0.62639594,1.124039,0.508726,-1.3906125,0.34019342,-309.4279,-256.44305,-87.80841,-86.01814,-1,-1,-0.801351,0.2706307,2.5309277
174283,-0.16537412,0.16440201,-2.1774,0.378083,0.830313,0.7187021,1.100715,1.396587,-2.3833117,1.3962553,-321.0242,-294.45715,-152.63086,-145.28307,-1,-1,-0.8569194,0.06687564,2.896102
174332,-0.1376377,0.21434462,-2.4517584,0.415338,0.867372,0.854347,1.068188,2.291904,-2.9053183,2.0968027,-300.65674,-304.76273,-187.0996,-176.06517,-1,-1,-0.8421313,-0.15179491,-2.9770796
174382,-0.09844533,0.26470423,-2.7449064,0.445633,0.908631,1.0261419,1.03639,3.110491,-3.1183894,1.2019634,-246.11317,-280.83038,-198.06198,-191.73665,-0.64580625,-1,-0.75061876,-0.38371146,-2.512137
174432,-0.04930296,0.30899036,3.1323946,0.467611,0.954262,1.219969,1.016505,3.713054,-2.6907916,-4.970277,-134.08856,-195.89368,-155.09642,-181.2525,0.04125756,-0.3163484,-0.5109569,-0.6499989,-1.9124255
174482,0.009989988,0.3488039,2.6133876,0.480304,1.003773,1.4185688,1.016037,3.979581,-1.3782758,-9.387883,34.153126,-30.338106,-61.44036,-110.84409,0.8533425,0.6812505,-0.07612234,-0.80273604,-1.1948185
174533,0.06101773,0.38158736,2.068553,0.483215,1.056032,1.6088278,1.034469,3.919244,0.39696726,-11.780424,183.41492,152.41916,55.807693,-6.1867867,1,1,0.39102402,-0.69298357,-0.45972538
174582,0.10394867,0.41732785,1.6299001,0.476353,1.109339,1.7859719,1.062898,3.675608,1.9513398,-9.691389,245.76112,261.6891,147.4592,96.45827,1,1,0.66880506,-0.41263083,0.15607166
174632,0.1446676,0.4600659,1.2458142,0.460243,1.161556,1.9526522,1.08797,3.419933,2.7448452,-6.963088,236.99411,297.0319,189.87444,153.23119,0.6613282,1,0.76553226,-0.07507689,0.70683813
174683,0.18649985,0.50921136,0.8969531,0.43588,1.210326,2.1161263,1.096998,3.272406,2.728659,2.060718,176.1382,266.7998,165.11891,175.96344,0.32690078,1,0.7034831,0.24261837,1.2191734
174732,0.23536275,0.56912225,0.60985327,0.40465,1.253267,2.2861578,1.081742,3.299626,2.4320683,12.830047,91.54465,192.68456,118.2452,185.76332,-0.063232705,0.5490919,0.53061223,0.46385667,1.6763046
174782,0.29314825,0.61745644,0.54462886,0.368229,1.288198,2.473748,1.040438,3.538587,1.7572389,15.027942,44.132854,141.85437,70.28515,149.36969,-0.08056076,0.4046943,0.4117297,0.53479904,1.9291191
174833,0.35054615,0.6596535,1.0709069,0.328428,1.313378,2.6892807,0.978627,4.001602,1.5261978,15.646647,108.935776,202.00693,54.21712,136.5576,0.760467,1,0.56312996,0.33276048,1.6183739
174882,0.39689147,0.70648634,1.8168328,0.287075,1.327651,2.937177,0.908898,4.637468,2.304771,9.864702,164.30037,239.09145,118.091675,170.00467,0.72941697,1,0.62920564,-0.044782534,1.1203442
174932,0.42456204,0.76051253,2.6420066,0.245865,1.330585,-3.075433,0.848667,5.248053,2.5729105,7.493743,143.08696,188.31827,141.08899,180.52481,0.305345,0.71068865,0.42995703,-0.41479176,0.56574565
174982,0.44454175,0.8034431,-2.7505634,0.20626,1.322501,-2.80803,0.814331,5.483375,1.8052076,8.714254,51.51473,62.743355,89.89609,135.75485,-0.12436384,-0.14175981,0.022461772,-0.5706967,-0.05746651
175032,0.46405372,0.84371924,-1.8313229,0.169422,1.304445,-2.5716612,0.812444,5.112545,0.4315917,5.456404,-57.349792,-75.4003,12.617315,41.331642,-0.4968795,-0.67800593,-0.36928436,-0.40336728,-0.7403383
175082,0.47586295,0.87954485,-1.2248774,0.136178,1.278098,-2.379966,0.834896,4.296208,-0.7088176,-0.05312668,-101.53001,-132.01636,-44.16131,-44.440887,-0.4312215,-0.4838155,-0.49011856,-0.18442963,-1.1550884
175132,0.47213843,0.91661763,-0.72431993,0.106997,1.245586,-2.231755,0.864024,3.379017,-1.1190718,-1.4055411,-116.5273,-153.07803,-66.24365,-73.64031,-0.4133004,-0.48331016,-0.4914559,0.004428655,-1.5074351
175182,0.4514631,0.9518125,-0.2851625,0.082056,1.209304,-2.1194537,0.881852,2.57648,-1.2625566,-2.0443125,-116.317055,-152.53862,-73.530685,-84.28888,-0.38555163,-0.4455272,-0.42692477,0.14317377,-1.8342912
175232,0.4219725,0.9768267,0.084911495,0.061268,1.171667,-2.034837,0.875652,1.943975,-1.2431647,-1.9223335,-109.62753,-140.35655,-72.63964,-82.75592,-0.368196,-0.40298328,-0.34288064,0.2247295,-2.1197486
175282,0.3824132,0.989297,0.3849904,0.044375,1.134946,-1.9712379,0.839396,1.462731,-1.183023,-1.1035243,-98.40732,-121.248245,-71.035286,-76.84258,-0.30387515,-0.3208621,-0.25859597,0.26193815,-2.3562284
175332,0.3426582,0.9873776,0.6181326,0.031,1.101064,-1.92365,0.77295,1.097803,-1.0314955,0.09345773,-85.22804,-100.33524,-64.71437,-64.22255,-0.26002952,-0.27899432,-0.18810672,0.27326047,-2.5417826
175382,0.3050212,0.96777564,0.7628154,0.020702,1.071468,-1.8883998,0.680839,0.818213,-0.92811406,0.71411425,-70.138916,-80.24726,-59.88614,-56.128113,-0.1721639,-0.18862472,-0.13388528,0.27141157,-2.6512153
175432,0.27222744,0.9383674,0.79346347,0.013037,1.047088,-1.8628132,0.570633,0.600874,-0.8260715,0.40262473,-56.407036,-65.35238,-52.688873,-50.57006,-0.113012925,-0.11397477,-0.1042966,0.26100203,-2.6562767
175482,0.24268225,0.9084763,0.79831463,0.007558,1.02824,-1.8448002,0.451439,0.429813,-0.6956922,-0.046938356,-42.922222,-50.698154,-43.35725,-43.604263,-0.07281492,-0.04780493,-0.07832424,0.2519763,-2.6431148
175532,0.22127391,0.8871285,0.7904608,0.003901,1.014922,-1.8328831,0.332751,0.294373,-0.5413473,0.13554372,-32.387142,-38.67943,-34.190857,-33.47756,-0.05784922,-0.034846075,-0.062105723,0.2443871,-2.623344
175582,0.20743823,0.873646,0.80905104,0.001663,1.006456,-1.8256247,0.223227,0.187888,-0.38543648,0.4344576,-23.031786,-27.191166,-25.232946,-22.946613,-0.05191682,-0.030091897,-0.045917436,0.24056917,-2.6346757
175632,0.19913965,0.86547416,0.8466288,0.000499,1.001951,-1.8218567,0.130292,0.106338,-0.25225046,0.68159723,-14.407426,-16.612816,-17.559107,-13.972201,-0.03976622,-0.017820965,-0.02937369,0.23920956,-2.6684856
175682,0.19558662,0.86148256,0.90017176,0.000061,1.00024,-1.8204429,0.059594,0.047859,-0.1358794,0.84171295,-6.583674,-7.4192233,-10.707219,-6.2777047,-0.026310485,-0.0050758664,-0.01280719,0.23941565,-2.7206144
175732,0.19439653,0.8599704,0.9273483,0,1,-1.820245,0.015251,0.012174,-0.059484866,0.40681943,-2.0791728,-2.2694778,-4.7882476,-2.6473603,-0.037369255,0.0096406825,-0.0046014935,0.23953523,-2.7475934
175782,0.19456942,0.860175,0.92969173,0,1,-1.820245,0.015251,0.012174,-0.025085263,0.17155911,-1.9984226,-2.1866302,-2.0192437,-1.116414,-0.06334451,-0.0054356894,-0.004307613,0.23956156,-2.7499366
