ts,x,y,yaw,x_des,y_des,yaw_des,v_ff,w_ff,v_actual,w_actual,omega_l_cmd,omega_r_cmd,omega_l_meas,omega_r_meas,duty_l,duty_r,x_err,y_err,yaw_err
233882,0.004833754,-1.0025464,2.9010863,0.00111,-1.002185,-1.1002328,0.018589,0.008938,0,0,-0.18525982,0.7515092,0,0,-0.0019267021,0.007815695,0.0037026687,0.000535939,2.2818663
233932,0.004850264,-1.0025432,2.9002714,0.003684,-1.007228,-1.0974772,0.072641,0.035112,0,0,-4.802068,-1.1413124,0,0,-0.050126765,-0.011118139,0.000012868433,0.004827775,2.2854364
233982,0.0048783165,-1.002565,2.9027576,0.008576,-1.016719,-1.092169,0.158836,0.077881,0,0,-12.495196,-4.463021,0,0,-0.13493736,-0.046805218,-0.006941133,0.012877424,2.2882586
234032,0.0049810554,-1.0026243,2.9258351,0.016425,-1.031687,-1.083463,0.272347,0.137231,-0.038297724,0.763172,-22.932392,-8.867168,-4.401704,-0.3855114,-0.20976585,-0.09293861,-0.017400587,0.025938904,2.2738876
234082,0.005343249,-1.0026339,3.0432098,0.027771,-1.052766,-1.0704367,0.406428,0.214064,-0.092307225,2.1307847,-33.4486,-10.508914,-11.375829,-0.16257338,-0.26393154,-0.120872766,-0.027243478,0.047686666,2.1695387
234132,0.013662018,-1.0035803,-3.0617125,0.043043,-1.080105,-1.0520241,0.552327,0.310504,-0.16819493,3.845798,-38.47811,-3.8992035,-20.63144,-0.39292777,-0.24085735,-0.059894875,-0.023180995,0.07862506,2.0096884
234182,0.026330566,-1.0023147,-2.772674,0.062527,-1.113278,-1.0269148,0.699567,0.430324,-0.22080086,5.3886538,-30.023338,18.318893,-27.978949,0.3788423,-0.092765704,0.15968862,0.0062531233,0.116550185,1.745759
234232,0.04044494,-0.99605614,-2.4546254,0.086343,-1.151248,-0.9934199,0.836602,0.579593,-0.14748792,5.9338136,-6.3323655,53.170753,-24.83134,6.3953514,0.11949475,0.47707185,0.0629348,0.14909846,1.4612055
234282,0.047534917,-0.9909261,-2.1429412,0.11442,-1.192397,-0.94926476,0.951825,0.767687,0.1992038,8.560868,26.914688,91.80698,-10.075547,34.97602,0.3263435,0.6216427,0.13317093,0.16531679,1.1936765
234332,0.04664224,-0.997553,-1.9310565,0.146463,-1.2346,-0.89128804,1.034848,1.008905,0.57071245,10.679525,51.52552,118.96864,7.569023,63.770023,0.4315727,0.6554532,0.18664122,0.17697598,1.0397682
234382,0.041465346,-1.0135766,-1.7807907,0.181936,-1.275383,-0.8149791,1.07791,1.324995,0.9418683,10.336201,67.349075,136.8435,31.669643,86.063896,0.38416043,0.6614667,0.22677332,0.19195947,0.9658115
234433,0.033986706,-1.0406662,-1.6129193,0.220044,-1.312124,-0.71381307,1.077275,1.748843,1.1842798,10.479748,81.3926,150.55968,46.44265,101.59232,0.40851176,0.69159365,0.26338205,0.19732343,0.899106
234482,0.027884616,-1.0786802,-1.3960211,0.259733,-1.342316,-0.57844806,1.034438,2.328709,1.3583972,9.952135,95.64428,161.51274,58.713272,111.08638,0.46319985,0.7572081,0.29993492,0.18247351,0.8175731
234532,0.028480373,-1.1270813,-1.0916965,0.299708,-1.36382,-0.39636302,0.957031,3.128195,1.591984,9.786157,110.601135,169.75687,73.749176,125.248825,0.49621418,0.7446449,0.33511496,0.13155824,0.6953335
234582,0.039421104,-1.1823351,-0.69536114,0.338467,-1.375101,-0.15427089,0.859247,4.20259,1.7666954,8.455525,119.72065,170.96756,88.16985,132.66705,0.47524276,0.72540426,0.353112,0.04357764,0.54109025
234632,0.06437694,-1.237292,-0.18551168,0.374365,-1.375415,0.15202904,0.761264,5.501726,1.8401349,7.438181,116.25547,159.24008,95.436714,134.58014,0.3957711,0.6240878,0.33014598,-0.0785759,0.3375406
234683,0.098447375,-1.2832768,0.39976963,0.405699,-1.364914,0.5019839,0.685912,6.682049,1.7895614,6.697282,95.62747,130.99294,94.22536,129.4698,0.21630761,0.41163504,0.2512514,-0.19478431,0.10221434
234732,0.1353235,-1.3176568,1.0634141,0.430805,-1.344626,0.8538921,0.649928,7.162419,1.4245472,6.1644773,61.688763,85.27566,72.81391,105.25447,0.093373716,0.19779244,0.12000024,-0.27136064,-0.20952177
234782,0.16917448,-1.3411318,1.760715,0.448181,-1.31635,1.1776488,0.6536,6.808008,0.8967941,5.2210083,22.456278,29.807083,42.31185,69.78741,-0.00089906156,-0.02140078,-0.028334282,-0.2786682,-0.583066
234832,0.19434053,-1.3563235,2.4001453,0.456602,-1.282421,1.4701378,0.682542,6.13909,0.3862258,3.033626,-11.239751,-18.476585,16.156881,32.121338,-0.0923363,-0.1618549,-0.14350522,-0.23162235,-0.93000746
234882,0.20993483,-1.3668858,2.7875607,0.455226,-1.24542,1.7399952,0.7216,5.595091,0.05221357,2.5123346,-23.049776,-37.611393,-3.3472323,9.873928,-0.03282644,-0.1742844,-0.18796878,-0.19897097,-1.0475655
234932,0.21828225,-1.369917,2.821229,0.443692,-1.207836,1.9911683,0.76455,5.213987,-0.058877956,0.4093623,-6.759769,-20.37873,-4.7570066,-2.6027377,0.13300864,0.091212735,-0.16289997,-0.22481862,-0.83006096
234982,0.22290258,-1.3716133,2.7678115,0.42217,-1.171725,2.217644,0.813675,4.811158,-0.00605411,0.10096983,15.801829,7.6054344,-0.6440587,-0.11270499,0.32206392,0.33892435,-0.11252188,-0.25884676,-0.55016756
235032,0.2176482,-1.3694096,2.7607691,0.391389,-1.138461,2.407749,0.873407,4.206012,0.21300578,0.1256119,32.314636,27.685965,12.982344,13.643376,0.36513233,0.40905476,-0.07545369,-0.27898002,-0.3530202
235082,0.20277674,-1.3630481,2.7630572,0.352614,-1.108561,2.551696,0.943469,3.364355,0.45734003,0.43067408,46.691532,43.203033,27.450539,29.71696,0.37986815,0.4132358,-0.045181498,-0.29184496,-0.21136093
235132,0.17850387,-1.3524016,2.7684226,0.307583,-1.081665,2.645149,1.016318,2.379782,0.6572378,0.409875,59.47704,54.508747,39.99888,42.155846,0.39791828,0.41338605,-0.021493167,-0.2991618,-0.12327337
235182,0.14376995,-1.3370246,2.7683923,0.258411,-1.056639,2.687822,1.079951,1.358413,0.83374023,0.09959169,70.34036,61.672,51.84671,52.37081,0.40541145,0.39271298,-0.004521914,-0.30288318,-0.08057022
235232,0.1005086,-1.3183627,2.7476087,0.207454,-1.031822,2.6807892,1.123069,0.352533,0.99522555,-0.6607338,80.0564,66.33788,63.94015,60.46304,0.39796695,0.3660254,0.011242539,-0.30564117,-0.0668192
235282,0.0501068,-1.2949507,2.6808405,0.15717,-1.00535,2.6251538,1.139441,-0.630398,1.1121844,-1.296871,89.5316,71.163895,72.92391,66.09913,0.41797763,0.3635043,0.032864302,-0.30700335,-0.05568695
235332,-0.003432782,-1.2653071,2.5622795,0.109957,-0.975506,2.522669,1.130104,-1.589969,1.213223,-2.2835543,99.540306,77.478226,81.83504,69.81783,0.44473422,0.39568043,0.063762404,-0.30459195,-0.03961039
235382,-0.056383424,-1.2266659,2.3859327,0.068006,-0.941043,2.377927,1.103091,-2.495022,1.2979543,-3.0794222,110.51705,86.61771,89.22487,73.01941,0.5010458,0.466115,0.10533833,-0.29318416,-0.008005619
235432,-0.10719992,-1.1762686,2.158569,0.03317,-0.901405,2.2006009,1.07069,-3.262368,1.4667879,-3.651819,121.0138,97.584915,101.28309,82.06539,0.50581795,0.4994074,0.150899,-0.26922706,0.042031765
235482,-0.1510434,-1.1141558,1.8958898,0.006862,-0.856819,2.005006,1.044701,-3.781378,1.6093445,-3.748321,129.48685,109.124664,110.44679,90.72125,0.5190474,0.5441817,0.19342321,-0.23182708,0.109116554
235533,-0.18301067,-1.0422554,1.5817572,-0.010024,-0.808228,1.805948,1.031671,-3.991328,1.7214886,-2.7556272,134.2681,122.02946,114.84378,100.34229,0.54427797,0.59782434,0.23211725,-0.1755414,0.22419071
235582,-0.20135248,-0.9641005,1.2544308,-0.017142,-0.757077,1.6143153,1.031212,-3.934575,1.8739465,-1.5602499,132.46397,131.0885,121.22706,113.01624,0.47911966,0.5812923,0.25405997,-0.1106606,0.35988426
235632,-0.20439452,-0.8844473,0.9120372,-0.0147,-0.705027,1.4364688,1.038534,-3.710558,1.8886662,-0.24261983,122.749146,134.74405,118.68002,117.40324,0.42001393,0.5937598,0.2579959,-0.040171765,0.5244317
235682,-0.19255842,-0.80978465,0.5620371,-0.00342,-0.653617,1.276819,1.048656,-3.389546,1.8734969,1.9151078,104.614586,131.22095,112.05442,122.132675,0.3083266,0.5259837,0.24326696,0.031350568,0.71478176
235732,-0.16876237,-0.74481267,0.2476153,0.015518,-0.603977,1.140413,1.058772,-2.979835,1.7453499,4.4377775,81.738884,121.18589,97.40746,120.76127,0.22081335,0.4490489,0.21317755,0.09137432,0.8927977
235782,-0.13592166,-0.6934047,-0.009789407,0.040563,-0.556635,1.0335691,1.067865,-2.454869,1.5007857,5.9962807,57.838795,107.8608,78.02139,109.57682,0.1647942,0.4327484,0.17513731,0.13849077,1.0433586
235832,-0.09919546,-0.6569175,-0.15541239,0.06989,-0.511473,0.9627011,1.075036,-1.796908,1.3017522,7.636978,41.357662,98.71791,61.264713,101.45431,0.15226185,0.42405388,0.1445346,0.16986391,1.1181135
235882,-0.060730856,-0.6360715,-0.14983743,0.101501,-0.467811,0.9326532,1.078588,-1.02129,1.1543651,8.194814,39.042664,100.311455,50.585213,93.71042,0.22311932,0.52341783,0.13529661,0.19059278,1.0824907
235932,-0.019664869,-0.6290814,0.039060146,0.133344,-0.42462,0.94554305,1.076676,-0.173391,1.1456945,9.346229,57.051968,116.414856,47.013638,96.198166,0.43743694,0.6721439,0.16087641,0.19833045,0.90648293
235982,0.030180467,-0.62684715,0.3393489,0.163408,-0.380799,1.000201,1.068803,0.68514,1.3674954,8.522919,85.421974,136.78854,63.042534,107.894394,0.57415307,0.7832762,0.20753263,0.1876685,0.66085196
236033,0.08928382,-0.6149025,0.7464404,0.189838,-0.335442,1.0919921,1.056741,1.485642,1.7230641,6.236192,118.779655,153.76851,91.28252,124.10048,0.6469355,0.8199469,0.26357993,0.1368756,0.34555173
236082,0.14859195,-0.58769673,1.285474,0.211024,-0.288048,1.2131588,1.044069,2.159765,2.0697107,4.0796537,147.19135,154.59877,118.62233,140.0915,0.68152976,0.6903957,0.3051068,0.024433155,-0.072315216
236132,0.20093927,-0.5490093,1.8664296,0.225693,-0.238617,1.3539932,1.034566,2.653946,2.1658888,-0.15265168,148.73425,126.9402,135.7697,134.96637,0.54796994,0.47543505,0.28971493,-0.114111334,-0.5124364
236182,0.23855096,-0.50663596,2.519062,0.23298,-0.187622,1.504483,1.030627,2.945649,1.9941082,-4.0968637,111.64873,63.54881,135.41164,113.85189,0.1796248,0.032963514,0.19054058,-0.25592035,-1.0145793
236232,0.26590145,-0.47118244,-3.0670962,0.232485,-0.135868,1.6554,1.032777,3.043202,1.2431085,-6.188496,33.09914,-27.087906,93.97775,61.410793,-0.2205013,-0.40206102,0.008367062,-0.33687156,-1.5606893
236282,0.28974965,-0.44206586,-2.4879894,0.224306,-0.084267,1.7983038,1.040273,2.965572,0.2947246,-3.9302726,-46.023758,-100.87415,28.761818,8.07876,-0.40946335,-0.690265,-0.16560428,-0.32384893,-1.9968917
236332,0.31426156,-0.42032862,-2.3872504,0.209041,-0.033614,1.9250572,1.051868,2.723463,-0.44077766,-5.106577,-49.222824,-107.82316,-14.111923,-40.985283,-0.058815718,-0.3492914,-0.18814938,-0.35386348,-1.9708779
236382,0.34161335,-0.39478707,-2.5705423,0.187761,0.015609,2.027807,1.065895,2.320224,-0.53832704,-6.8679576,0.97787374,-68.10541,-15.574124,-51.71675,0.44565985,0.111619994,-0.09238437,-0.42843974,-1.6848357
236433,0.36735043,-0.37753552,-2.995384,0.161942,0.063344,2.099642,1.079876,1.766474,-0.057228718,-9.252946,99.21881,29.359604,20.770018,-27.923607,1,0.8561382,0.13898583,-0.4661012,-1.1881593
236482,0.37476295,-0.36185163,2.897529,0.13338,0.109942,2.1353781,1.090498,1.089495,1.1612965,-11.496612,175.02837,119.456894,102.83148,42.330566,1,1,0.34823728,-0.39948183,-0.76215076
236532,0.37134692,-0.34318563,2.597555,0.104063,0.156062,2.1320279,1.094497,0.329917,2.1337848,-9.957414,217.76018,178.48856,159.56198,107.161095,1,1,0.48710307,-0.28882432,-0.46552706
236583,0.3609885,-0.32023567,2.3477323,0.076045,0.202484,2.089002,1.09006,-0.465941,2.747839,-8.13398,239.72087,214.03621,193.14247,150.3374,0.9460834,1,0.5725064,-0.16329439,-0.2587304
236633,0.34342927,-0.2903863,2.13571,0.05131,0.249887,2.0082877,1.077868,-1.248523,3.08838,-5.868097,247.48068,230.81415,208.46417,177.58331,0.9132398,1,0.6127176,-0.042497396,-0.12742233
236682,0.3181257,-0.24964029,1.9654881,0.031645,0.298659,1.8945582,1.061035,-1.964336,3.1782947,-4.5029826,246.12764,232.8381,210.49187,186.79492,0.9225173,1,0.61630195,0.053620532,-0.07093
236732,0.29105356,-0.19850805,1.8005266,0.018538,0.348764,1.75475,1.04389,-2.561305,3.2908056,-3.1070576,238.43288,226.57608,213.85078,197.4999,0.84434783,0.89937365,0.59495,0.14073384,-0.04577684
236782,0.2641593,-0.13666902,1.6288517,0.013102,0.399712,1.5968783,1.030265,-3.003799,3.2340057,-2.9124644,224.43187,213.68536,209.78877,194.46193,0.77228117,0.831577,0.55004436,0.21951206,-0.031973362
236832,0.24054235,-0.061732143,1.4233516,0.016029,0.450623,1.428705,1.022383,-3.284959,3.1368303,-2.1874769,200.82904,193.48648,201.80768,190.29608,0.630314,0.6870269,0.47381243,0.297348,0.0053534503
236882,0.22458255,0.021270148,1.1579208,0.027572,0.500393,1.2572439,1.020994,-3.418961,2.8592455,-0.91034883,164.48697,164.90318,181.09819,176.30748,0.473502,0.54417264,0.35981315,0.3727014,0.0993228
236932,0.22295289,0.10696924,0.78541523,0.047557,0.547895,1.0894368,1.026319,-3.416751,2.4267564,0.48862052,106.24024,121.78433,150.3866,152.95796,0.18177593,0.33751643,0.18776542,0.435802,0.3040216
236982,0.23443785,0.18710725,0.38578,0.075404,0.592203,0.93299985,1.03865,-3.269751,1.8611556,2.0697167,41.27022,72.46241,110.876274,121.76816,-0.116892934,0.12558779,0.0050845593,0.4351649,0.5472198
237032,0.25441036,0.2529962,0.06688458,0.110172,0.632784,0.796304,1.057813,-2.959354,1.1295103,4.0668445,-5.007673,36.91601,59.893505,81.29527,-0.12315351,0.13933864,-0.11853286,0.38857874,0.72941947
237082,0.27752858,0.30091643,-0.010342479,0.150598,0.66962,0.68722296,1.081893,-2.481776,0.6925625,5.7028804,-6.6345015,36.741425,28.279451,58.29086,0.13339666,0.34024686,-0.13073699,0.3673711,0.6975653
237132,0.29285565,0.33143553,0.10786131,0.195155,0.703245,0.6119671,1.106498,-1.860729,0.69158226,6.422931,25.871513,63.113075,26.323551,60.124226,0.458961,0.5751233,-0.057106752,0.3801664,0.5041058
237183,0.3164634,0.347078,0.29835743,0.242105,0.734684,0.57485104,1.125396,-1.135408,0.985,5.7515664,66.03761,93.40472,46.428688,76.696304,0.6637857,0.7199829,0.04286374,0.3923395,0.27649355
237232,0.3530382,0.36300376,0.44245705,0.289553,0.765321,0.57888913,1.132471,-0.339417,1.4589915,3.6312745,91.47648,113.38968,81.63218,100.74176,0.57464164,0.6909263,0.11488487,0.39075696,0.13643216
237282,0.39842218,0.3832747,0.5854295,0.335534,0.796701,0.62639594,1.124039,0.508726,1.692105,2.521545,110.17718,129.22446,99.12174,112.39137,0.5943969,0.74537855,0.17602603,0.37932977,0.040966507
237332,0.45277604,0.41312465,0.7724998,0.378083,0.830313,0.7187021,1.100715,1.396587,1.8622906,2.2687535,127.63729,143.44495,110.4235,122.362816,0.66976976,0.8063246,0.23767453,0.35090742,-0.053797722
237382,0.5101317,0.45453358,1.0340843,0.415338,0.867372,0.854347,1.068188,2.291904,2.1164107,1.3105538,146.90466,156.77388,128.82727,135.72406,0.6945663,0.8254372,0.30632186,0.2925548,-0.17973757
237433,0.56837004,0.5103582,1.3387146,0.445633,0.908631,1.0261419,1.03639,3.110491,2.334124,0.23465624,161.13237,164.28197,145.26532,146.5002,0.69005543,0.8135832,0.35936505,0.21105066,-0.31257296
237483,0.61737764,0.5784396,1.748064,0.467611,0.954262,1.219969,1.016505,3.713054,2.4900112,-0.8613931,171.44867,161.24733,157.89223,153.35915,0.6814877,0.72842836,0.39634296,0.08114676,-0.52809525
237532,0.6534536,0.65201086,2.2037673,0.480304,1.003773,1.4185688,1.016037,3.979581,2.5216362,-2.8607628,166.79375,140.17863,165.12964,150.07487,0.57296526,0.55365485,0.38604194,-0.068476304,-0.7851982
237582,0.67473215,0.7243726,2.7135947,0.483215,1.056032,1.6088278,1.034469,3.919244,2.2907836,-4.671129,139.27043,94.275665,155.46487,130.88306,0.3957053,0.27400768,0.31189728,-0.22225392,-1.1047668
237632,0.68454295,0.78833306,-3.0107377,0.476353,1.109339,1.7859719,1.062898,3.675608,1.7896504,-7.393999,81.43417,22.300657,131.30861,92.39769,0.03473398,-0.10284597,0.16452461,-0.3454266,-1.4864758
237682,0.69133055,0.8403777,-2.4235644,0.460243,1.161556,1.9526522,1.08797,3.419933,0.8797011,-7.0180454,-2.7162933,-63.11034,73.44755,36.515083,-0.2754263,-0.46654016,-0.03727056,-0.39391354,-1.906969
237732,0.69871885,0.8816782,-2.009574,0.43588,1.210326,2.1161263,1.096998,3.272406,0.013182061,-4.574118,-63.4537,-117.00159,12.859527,-11.211769,-0.3366296,-0.6181693,-0.1858527,-0.37756106,-2.157485
237783,0.7115094,0.9157068,-2.0672135,0.40465,1.253267,2.2861578,1.081742,3.299626,-0.5054491,-5.820109,-35.479282,-96.778915,-16.276405,-46.904728,0.19112357,-0.1330081,-0.15066451,-0.4305924,-1.9298141
237832,0.7336416,0.95177794,-2.415432,0.368229,1.288198,2.473748,1.040438,3.538587,-0.37465668,-8.087527,56.60189,-5.6907716,-2.1357355,-44.696346,0.9807053,0.7431103,0.04984562,-0.49418646,-1.3940051
237882,0.74312353,0.97157645,-2.8586152,0.328428,1.313378,2.6892807,0.978627,4.001602,0.73519695,-10.749081,147.57297,113.45608,74.23332,17.666286,1,1,0.30276597,-0.4439971,-0.7352894
237932,0.73937166,0.99067074,3.0429075,0.287075,1.327651,2.937177,0.908898,4.637468,1.966011,-8.509917,187.41493,197.41743,145.26741,100.48397,0.91388804,1,0.48329705,-0.29077816,-0.10573053
237983,0.72781926,1.0107177,2.6972876,0.245865,1.330585,-3.075433,0.848667,5.248053,2.5757334,-4.527472,181.53027,233.14488,172.89624,149.07042,0.6056638,1,0.57264984,-0.08165267,0.5104645
238033,0.7076218,1.0332636,2.4218197,0.20626,1.322501,-2.80803,0.814331,5.483375,2.7372096,3.1080813,146.6071,223.0615,162.89745,179.25372,0.3568074,1,0.56767106,0.11301097,1.0533354
238082,0.68093777,1.0636541,2.1649425,0.169422,1.304445,-2.5716612,0.812444,5.112545,2.5157368,12.283674,95.07585,180.68668,124.912125,189.55496,0.21158952,0.5708438,0.4858731,0.2890605,1.5465816
238132,0.65644354,1.1095861,1.8422555,0.136178,1.278098,-2.379966,0.834896,4.296208,2.0581908,12.703495,19.754965,100.901215,95.210846,162.06299,-0.28464863,0.024680674,0.30184367,0.45602942,2.0609639
238183,0.642135,1.1599623,1.7995307,0.106997,1.245586,-2.231755,0.864024,3.379017,1.2108403,11.747465,-13.351011,60.509453,44.767002,106.588036,-0.16652018,0.1368478,0.2047335,0.5017851,2.2518997
238232,0.63092464,1.1994952,2.0927708,0.082056,1.209304,-2.1194537,0.881852,2.57648,0.85835135,11.688583,15.15809,90.69573,22.89137,84.40254,0.30736214,0.6450614,0.28216448,0.47088876,2.0709608
238282,0.6160242,1.2261926,2.5891683,0.061268,1.171667,-2.034837,0.875652,1.943975,1.101366,12.027812,82.61719,157.26108,37.18719,100.48355,0.85304374,1,0.4436264,0.33752486,1.6591799
238333,0.58397317,1.2554414,3.1247852,0.044375,1.134946,-1.9712379,0.839396,1.462731,1.8823795,8.715686,140.66426,200.95015,94.71557,140.58186,0.89326227,1,0.5374968,0.12954727,1.1871622
238382,0.53925586,1.2751199,-2.5577273,0.031,1.101064,-1.92365,0.77295,1.097803,2.46984,5.1054153,169.47002,200.87126,140.93137,167.79861,0.75008655,1,0.52000606,-0.13495617,0.6340771
238432,0.4941429,1.2795616,-1.8895577,0.020702,1.071468,-1.8883998,0.680839,0.818213,2.7143438,4.0027723,141.81378,137.90628,159.11418,180.17877,0.29841107,0.29038316,0.34598267,-0.38437644,0.0011577607
238482,0.45628208,1.2790846,-1.1869655,0.013037,1.047088,-1.8628132,0.570633,0.600874,1.9880081,0.41449106,55.81819,27.467478,123.159874,125.34113,-0.22955772,-0.3179782,0.04913129,-0.49787018,-0.675848
238532,0.42457467,1.2769525,-0.46926203,0.007558,1.02824,-1.8448002,0.451439,0.429813,0.77733636,0.29059112,-51.722343,-83.27722,47.8189,49.348137,-0.6138838,-0.7581499,-0.25946325,-0.41041404,-1.3755381
238582,0.39787215,1.277649,-0.06745499,0.003901,1.014922,-1.8328831,0.332751,0.294373,-0.3270376,-0.65798944,-98.54379,-120.644226,-18.708515,-22.171185,-0.49056756,-0.5172595,-0.37536633,-0.28868473,-1.7654281
238632,0.36486253,1.277437,0.19148731,0.001663,1.006456,-1.8256247,0.223227,0.187888,-0.7876681,0.17965212,-114.252335,-127.367355,-49.701965,-48.756546,-0.4053887,-0.40357,-0.40813395,-0.19690415,-2.017112
238683,0.32009965,1.2710456,0.31737697,0.000499,1.001951,-1.8218567,0.130292,0.106338,-0.9566321,0.8222653,-109.89291,-116.908775,-61.953087,-57.625916,-0.29337516,-0.27902326,-0.38761675,-0.15591577,-2.1392336
238732,0.27153775,1.2560191,0.40516204,0.000061,1.00024,-1.8204429,0.059594,0.047859,-0.98138624,1.1532122,-99.30807,-102.28215,-64.371025,-58.302246,-0.20633662,-0.18008777,-0.35031748,-0.12806353,-2.225605
238782,0.22258309,1.2354413,0.46447358,0,1,-1.820245,0.015251,0.012174,-0.96734595,1.177432,-85.89732,-86.61452,-63.557236,-57.361,-0.11095887,-0.07153195,-0.3044685,-0.11079153,-2.2847185
238832,0.17806172,1.2141539,0.52400595,0,1,-1.820245,0.015251,0.012174,-0.83846897,1.2088846,-73.82705,-74.49847,-55.585186,-49.22343,-0.093145765,-0.062306434,-0.26132214,-0.09632547,-2.344251
