ts,x,y,yaw,x_des,y_des,yaw_des,v_ff,w_ff,v_actual,w_actual,omega_l_cmd,omega_r_cmd,omega_l_meas,omega_r_meas,duty_l,duty_r,x_err,y_err,yaw_err
545132,0.0006436771,-1.0179086,-2.848478,0.00111,-1.002185,-1.1002328,0.018589,0.008938,0,0,-2.2052593,-1.0115175,0,0,-0.022934698,-0.010519781,-0.0049895337,-0.014918216,1.7482452
545182,0.0006418468,-1.0179018,-2.847262,0.003684,-1.007228,-1.0974772,0.072641,0.035112,0,0,-4.836658,-0.15929131,0,0,-0.052506503,-0.002668147,-0.006007785,-0.009332224,1.7497845
545232,0.0006925712,-1.0178864,-2.8471606,0.008576,-1.016719,-1.092169,0.158836,0.077881,0,0,-9.173581,1.1029559,0,0,-0.10244716,0.010299933,-0.007882962,0.0011705634,1.7549915
545282,0.0006462063,-1.0177732,-2.8368175,0.016425,-1.031687,-1.083463,0.272347,0.137231,-0.012800123,0.3040409,-15.0441675,2.745778,-1.6000153,0,-0.1556256,0.02848824,-0.010876365,0.018007522,1.7533545
545332,0.0007490816,-1.017695,-2.7838292,0.027771,-1.052766,-1.0704367,0.406428,0.214064,-0.052628558,1.2500845,-20.81202,6.262925,-6.5785694,0,-0.17653868,0.067812346,-0.013029771,0.042312946,1.7133923
545382,0.002654897,-1.0171149,-2.6645963,0.043043,-1.080105,-1.0520241,0.552327,0.310504,-0.07877945,2.2523277,-22.290464,15.491867,-10.850153,1.0027218,-0.16080925,0.1597196,-0.006960349,0.074501686,1.6125722
545432,0.007834246,-1.0146043,-2.474191,0.062527,-1.113278,-1.0269148,0.699567,0.430324,-0.07607956,3.9745908,-13.80049,34.764824,-15.213115,5.70317,-0.037263073,0.32539278,0.018116351,0.111353464,1.4472761
545482,0.013525377,-1.0100429,-2.1694684,0.086343,-1.151248,-0.9934199,0.836602,0.579593,0.072621316,6.207222,13.619478,69.12896,-11.79392,20.871584,0.21384034,0.5524272,0.0756113,0.13972907,1.1760483
545532,0.012374831,-1.015397,-1.8443522,0.11442,-1.192397,-0.94926476,0.951825,0.767687,0.35182163,9.419202,49.719257,105.04903,-2.7954216,46.773125,0.51971346,0.69835657,0.14285037,0.14606848,0.8950873
545582,0.007675765,-1.035497,-1.5512853,0.146463,-1.2346,-0.89128804,1.034848,1.008905,0.87886673,8.436242,82.95188,132.7358,32.731304,77.12703,0.53979814,0.72181916,0.20177285,0.13487631,0.659997
545632,0.0066683386,-1.0646315,-1.207594,0.181936,-1.275383,-0.8149791,1.07791,1.324995,1.308512,6.5260324,117.14081,153.18535,64.610374,98.95362,0.60751295,0.7608799,0.25927016,0.088960335,0.39261508
545682,0.014247447,-1.1052068,-0.765055,0.220044,-1.312124,-0.71381307,1.077275,1.748843,1.6751692,4.4166083,143.06831,155.52716,93.07687,116.319275,0.62790877,0.656152,0.29175615,-0.0067286342,0.05124187
545732,0.037434448,-1.1488048,-0.2168976,0.259733,-1.342316,-0.57844806,1.034438,2.328709,1.870754,1.0073005,140.9725,125.51044,114.27166,119.57258,0.43337077,0.35094053,0.25873387,-0.14113835,-0.36155033
545782,0.06880128,-1.1821742,0.36373758,0.299708,-1.36382,-0.39636302,0.957031,3.128195,1.6392711,-2.379507,102.26486,69.47426,108.71552,96.19337,0.11638683,0.022318304,0.15117529,-0.25191095,-0.7601006
545832,0.10076006,-1.2018718,0.9165732,0.338467,-1.375101,-0.15427089,0.859247,4.20259,1.0045624,-2.108972,44.508385,11.026773,68.33438,57.235916,-0.061564505,-0.19803613,0.0071938634,-0.2940429,-1.0708442
545882,0.12453609,-1.2108719,1.2195902,0.374365,-1.375415,0.15202904,0.761264,5.501726,0.43750298,-1.2188395,13.745938,-6.41443,30.551006,24.136864,-0.0019880086,-0.0725265,-0.068550356,-0.29118678,-1.0675614
545932,0.13496564,-1.2113085,1.2712601,0.405699,-1.364914,0.5019839,0.685912,6.682049,0.20123313,-0.49758315,12.763711,11.21315,13.886335,11.267804,0.14913434,0.2180486,-0.0668787,-0.30400398,-0.76927614
545982,0.13583022,-1.2100328,1.2559531,0.430805,-1.344626,0.8538921,0.649928,7.162419,0.21263258,0.22790197,19.56802,34.58841,12.689868,13.889202,0.23237103,0.43451142,-0.03663311,-0.32215437,-0.402061
546032,0.13790384,-1.2031763,1.2894776,0.448181,-1.31635,1.1776488,0.6536,6.808008,0.36344603,2.5350294,22.032335,46.453346,16.04508,29.385672,0.22903529,0.41277152,-0.022584863,-0.3294998,-0.111828804
546082,0.14337304,-1.1854326,1.4113989,0.456602,-1.282421,1.4701378,0.682542,6.13909,0.4623887,3.6903245,15.715606,43.556225,19.189127,38.60946,0.1359818,0.30200905,-0.046042267,-0.32465252,0.05873871
546132,0.14770234,-1.1577842,1.6384728,0.455226,-1.24542,1.7399952,0.7216,5.595091,0.51656306,4.8029647,0.8243108,28.031101,19.64739,44.922993,-0.02786906,0.078226075,-0.10823137,-0.30089334,0.101522446
546182,0.14438729,-1.1294898,1.92509,0.443692,-1.207836,1.9911683,0.76455,5.213987,0.40021974,5.3930955,-14.443518,10.062607,10.82315,39.204315,-0.11244404,-0.06589052,-0.1773175,-0.2535349,0.06607818
546232,0.13686064,-1.1110569,2.1913733,0.42217,-1.171725,2.217644,0.813675,4.811158,0.22275372,3.8676171,-20.511826,1.0996442,3.7454398,24.098774,-0.1246705,-0.026375145,-0.21526483,-0.19683272,0.026270866
546282,0.1327096,-1.1063484,2.3289495,0.391389,-1.138461,2.407749,0.873407,4.206012,0.12591773,2.5647712,-13.115872,8.789022,1.1213048,14.618412,-0.044120654,0.13119844,-0.20118035,-0.16574898,0.078799725
546332,0.1329633,-1.1070102,2.4150083,0.352614,-1.108561,2.551696,0.943469,3.364355,0.10468755,2.4106536,1.1966293,22.707693,0.19993933,12.8860035,0.10053622,0.28924057,-0.16520765,-0.14475931,0.13668776
546382,0.13215584,-1.1069858,2.5596106,0.307583,-1.081665,2.645149,1.016318,2.379782,0.16169663,3.3948264,18.868904,33.1025,1.1734025,19.038675,0.27544937,0.34170836,-0.1326291,-0.11758127,0.08553839
546432,0.12302769,-1.1010327,2.7157695,0.258411,-1.056639,2.687822,1.079951,1.358413,0.30812538,3.070917,36.973118,38.930473,11.177486,27.338186,0.37532204,0.32827175,-0.10495568,-0.09635222,-0.027947426
546482,0.10333164,-1.0923368,2.818183,0.207454,-1.031822,2.6807892,1.123069,0.352533,0.50270593,1.1223308,52.706253,41.63979,28.465988,34.372253,0.3808639,0.29336065,-0.0794927,-0.090467766,-0.13739395
546532,0.07383855,-1.081919,2.8418005,0.15717,-1.00535,2.6251538,1.139441,-0.630398,0.65801513,-0.56150603,64.66949,42.367405,42.603405,39.64848,0.37942564,0.25214237,-0.057002217,-0.097763404,-0.21664667
546582,0.036703195,-1.0682958,2.7141597,0.109957,-0.975506,2.522669,1.130104,-1.589969,0.77166253,-2.6418567,74.43283,48.386356,55.18029,41.27752,0.36934763,0.29997033,-0.028198648,-0.11480814,-0.19149065
546632,-0.0030042285,-1.04699,2.4984045,0.068006,-0.941043,2.377927,1.103091,-2.495022,0.88751125,-3.6942384,83.30269,57.364258,65.18992,45.74899,0.3751358,0.35300174,0.0067201294,-0.12736586,-0.12047768
546682,-0.040862836,-1.0138289,2.2617645,0.03317,-0.901405,2.2006009,1.07069,-3.262368,1.0016072,-4.0124626,90.71636,65.0643,73.15824,52.042656,0.38534313,0.37787926,0.039457213,-0.1286978,-0.061163902
546732,-0.073068045,-0.9693045,2.0428252,0.006862,-0.856819,2.005006,1.044701,-3.781378,1.0962527,-3.8238707,96.417145,69.98779,78.577354,58.454235,0.40793735,0.3764065,0.06384126,-0.12233601,-0.03781891
546782,-0.09774256,-0.9144731,1.8175151,-0.010024,-0.808228,1.805948,1.031671,-3.991328,1.1984396,-3.8596835,100.11356,74.73946,85.058266,64.74668,0.39559528,0.3702083,0.081604965,-0.111009896,-0.011567116
546832,-0.110687226,-0.8527114,1.5857869,-0.017142,-0.757077,1.6143153,1.031212,-3.934575,1.2734925,-3.9226153,101.89448,79.9541,89.91466,69.2719,0.3781165,0.38662708,0.0942214,-0.09496829,0.028528215
546882,-0.10840126,-0.7859898,1.3487309,-0.0147,-0.705027,1.4364688,1.038534,-3.710558,1.31121,-3.5033355,100.77082,84.57834,91.16878,72.732475,0.3671584,0.40957704,0.09961198,-0.07356873,0.08773804
546932,-0.09211757,-0.7200939,1.1409283,-0.00342,-0.653617,1.276819,1.048656,-3.389546,1.365947,-2.9561052,97.63799,87.019485,93.14993,77.59343,0.32356223,0.39506233,0.09739363,-0.052923657,0.13589048
546982,-0.06094197,-0.65641093,0.9907221,0.015518,-0.603977,1.140413,1.058772,-2.979835,1.3869069,-2.015968,92.99794,86.110535,91.98619,81.37716,0.2927037,0.35503024,0.08576353,-0.0352145,0.14969109
547032,-0.018979652,-0.59854144,0.90974367,0.040563,-0.556635,1.0335691,1.067865,-2.454869,1.363906,-1.4560423,88.46885,83.16181,89.07533,81.41291,0.27946994,0.3304988,0.06963478,-0.021271402,0.12382554
547082,0.025958799,-0.5446683,0.89144933,0.06989,-0.511473,0.9627011,1.075036,-1.796908,1.3651571,-0.8048145,84.58319,79.507866,87.43999,83.20465,0.25562367,0.2751808,0.05342672,-0.013321605,0.07125187
547132,0.073254466,-0.4910654,0.88467836,0.101501,-0.467811,0.9326532,1.078588,-1.02129,1.3154459,-0.4735299,78.602844,76.25222,83.461334,80.96938,0.23392065,0.2625286,0.035887476,-0.0071220854,0.047975063
547182,0.11881316,-0.43903148,0.8766782,0.133344,-0.42462,0.94554305,1.076676,-0.173391,1.2828133,-0.26132905,71.01258,74.712395,80.86345,79.488205,0.1778382,0.25772452,0.020372415,-0.0019495282,0.06886482
547232,0.1599954,-0.3932054,0.8949775,0.163408,-0.380799,1.000201,1.068803,0.68514,1.2090211,0.64598536,64.32015,75.18672,73.86407,77.263565,0.17246142,0.28172037,0.011814116,0.005098177,0.105223656
547282,0.19658959,-0.3498636,0.9875425,0.189838,-0.335442,1.0919921,1.056741,1.485642,1.1399745,1.8448391,60.41165,75.64049,66.394165,76.10263,0.20247789,0.2978416,0.008318949,0.0135779595,0.10444974
547332,0.2263251,-0.304634,1.127134,0.211024,-0.288048,1.2131588,1.044069,2.159765,1.1064816,2.5157664,58.518494,76.239426,62.535477,75.7747,0.21795157,0.30710685,0.008412248,0.020939272,0.08602476
547382,0.24792428,-0.2572299,1.2955631,0.225693,-0.238617,1.3539932,1.034566,2.653946,1.0825003,2.895295,58.565735,77.21149,60.038017,75.274506,0.24160439,0.3244514,0.011870507,0.02645299,0.058430195
547432,0.26172298,-0.20915315,1.469736,0.23298,-0.187622,1.504483,1.030627,2.945649,1.0829455,3.1690931,60.202564,78.96635,59.345413,76.022766,0.2643292,0.33631584,0.018521454,0.030768575,0.03474712
547482,0.26721567,-0.15512861,1.6421176,0.232485,-0.135868,1.6554,1.032777,3.043202,1.0946401,3.157248,61.659203,79.62522,60.107502,76.72252,0.27244008,0.33897045,0.02168659,0.033269845,0.013282299
547532,0.2638611,-0.09998841,1.78807,0.224306,-0.084267,1.7983038,1.040273,2.965572,1.0968761,2.8717964,63.01151,80.44751,60.99834,76.11117,0.27977163,0.35845014,0.023878599,0.035236064,0.010233879
547582,0.25179365,-0.043454763,1.939336,0.209041,-0.033614,1.9250572,1.051868,2.723463,1.1393225,2.9488425,65.35337,79.943985,63.448513,78.9668,0.28000122,0.3271056,0.024581797,0.03633683,-0.014278889
547632,0.23125245,0.011050846,2.0758624,0.187761,0.015609,2.027807,1.065895,2.320224,1.148678,2.5619514,68.49031,78.67382,65.05123,78.5335,0.29841685,0.32080418,0.025033027,0.035855692,-0.048055172
547682,0.20258181,0.06334445,2.1914814,0.161942,0.063344,2.099642,1.079876,1.766474,1.1795374,1.9955583,71.770676,75.93988,68.470276,78.9719,0.2997315,0.2874705,0.023635443,0.03305994,-0.09183931
547732,0.16828215,0.11349757,2.2522392,0.13338,0.109942,2.1353781,1.090498,1.089495,1.1943126,1.0635035,73.74067,72.455284,71.84618,77.44287,0.28765085,0.26461625,0.019223887,0.029346973,-0.116861336
547782,0.1311409,0.16153982,2.2657027,0.104063,0.156062,2.1320279,1.094497,0.329917,1.1822153,0.20608571,74.80661,68.171036,73.3462,74.430725,0.2855932,0.24802542,0.013130759,0.024306431,-0.13367464
547832,0.095356785,0.20939454,2.2163975,0.076045,0.202484,2.089002,1.09006,-0.465941,1.1730604,-0.7195494,74.55414,64.03027,75.20959,71.42296,0.2642084,0.2306635,0.006099772,0.01958299,-0.12739563
547882,0.061406475,0.2597741,2.1285229,0.05131,0.249887,2.0082877,1.077868,-1.248523,1.1348426,-1.5766134,73.156494,58.891376,75.07612,66.77919,0.25194463,0.22027123,-0.0030451505,0.013799286,-0.120235436
547932,0.03407028,0.31235567,1.9939116,0.031645,0.298659,1.8945582,1.061035,-1.964336,1.1074014,-2.2061238,71.115746,54.394764,75.01745,63.407722,0.22955295,0.20142013,-0.011492993,0.007835297,-0.09935331
547982,0.014699543,0.3655518,1.8603262,0.018538,0.348764,1.75475,1.04389,-2.561305,1.067145,-2.6681244,70.241066,49.852104,73.71706,59.676052,0.23040736,0.18493348,-0.017184945,0.0011142488,-0.10557604
548032,0.0043972083,0.4156167,1.7104539,0.013102,0.399712,1.5968783,1.030265,-3.003799,1.016416,-2.9391024,70.90093,47.511562,71.25951,55.79248,0.26081032,0.1922842,-0.016961584,-0.0064060437,-0.11357546
548082,0.0021305922,0.46363717,1.5319834,0.016029,0.450623,1.428705,1.022383,-3.284959,0.9898461,-3.5484545,72.2566,47.848694,71.20225,52.528507,0.27490658,0.22235033,-0.012465067,-0.014392929,-0.10327863
548132,0.007686284,0.5088774,1.321133,0.027572,0.500393,1.2572439,1.020994,-3.418961,0.988769,-3.895092,74.150314,51.35276,72.04702,51.5491,0.2865176,0.26458135,-0.0033080494,-0.021365484,-0.063889034
548182,0.022831144,0.553746,1.1057669,0.047557,0.547895,1.0894368,1.026319,-3.416751,0.982493,-3.9658232,75.70423,55.864017,71.84088,50.970737,0.30725586,0.31789297,0.005858639,-0.02472404,-0.016330242
548232,0.048882473,0.59563124,0.9140014,0.075404,0.592203,0.93299985,1.03865,-3.269751,1.0153307,-3.5211008,77.05399,60.335514,72.72306,54.193268,0.31563637,0.33514613,0.013478575,-0.023097018,0.018998623
548282,0.08349169,0.63489395,0.7700292,0.110172,0.632784,0.796304,1.057813,-2.959354,1.0504417,-2.8903425,78.3091,63.81951,73.25781,58.047386,0.32817447,0.33683494,0.017684685,-0.020088376,0.026274681
548332,0.12567644,0.672189,0.64442813,0.150598,0.66962,0.68722296,1.081893,-2.481776,1.1084226,-2.645037,78.0853,67.36629,76.23617,62.31666,0.29925033,0.33414268,0.018380066,-0.017025199,0.042794943
548382,0.1737822,0.70415556,0.5358153,0.195155,0.703245,0.6119671,1.106498,-1.860729,1.1462977,-2.1718788,76.43594,71.55127,77.35836,65.92885,0.2718688,0.34407485,0.017912565,-0.011694679,0.07615185
548432,0.22661304,0.7324272,0.48002338,0.242105,0.734684,0.57485104,1.125396,-1.135408,1.1582913,-1.1614411,73.89355,74.464554,75.44925,69.337166,0.26614052,0.34472868,0.014783319,-0.0051524322,0.09482765
548482,0.28148374,0.7583839,0.45967004,0.289553,0.765321,0.57888913,1.132471,-0.339417,1.1830103,-0.28258988,69.76955,76.58349,74.6817,73.19457,0.22984332,0.33052665,0.010309306,0.0026370683,0.11921907
548532,0.33781075,0.7840733,0.4919481,0.335534,0.796701,0.62639594,1.124039,0.508726,1.1748439,0.6089859,64.41902,77.044174,71.82535,75.030136,0.20083153,0.32064438,0.0039578686,0.012205663,0.13444781
548582,0.39147234,0.8122024,0.58696204,0.378083,0.830313,0.7187021,1.100715,1.396587,1.1662439,1.8530694,59.253033,76.5152,68.01435,77.76613,0.18035541,0.28807455,-0.00111805,0.02249488,0.1317401
548632,0.4407599,0.84474826,0.7621828,0.415338,0.867372,0.854347,1.068188,2.291904,1.1250103,2.8898988,55.99357,75.40695,62.7091,77.91719,0.19407842,0.27343136,-0.002766707,0.03391829,0.092164285
548682,0.48121405,0.88476044,0.953883,0.445633,0.908631,1.0261419,1.03639,3.110491,1.0855782,3.1574965,53.044212,75.5399,59.540466,76.15679,0.19072795,0.2924816,-0.0011138879,0.042831942,0.07225895
548732,0.50964695,0.92613864,1.1414262,0.467611,0.954262,1.219969,1.016505,3.713054,1.0716026,3.6635983,52.516148,78.69525,57.33532,76.615005,0.20237038,0.31983227,0.008071091,0.04992797,0.07854271
548782,0.5295854,0.9702744,1.3632818,0.480304,1.003773,1.4185688,1.016037,3.979581,1.0331912,4.117529,56.64069,82.89729,53.740204,75.4087,0.27910358,0.37953636,0.022626542,0.05512579,0.055286884
548832,0.53906065,1.021099,1.6043495,0.483215,1.056032,1.6088278,1.034469,3.919244,1.0737361,4.2904115,63.648743,86.35112,55.819355,78.397644,0.3330475,0.391293,0.03678675,0.054642327,0.0044784546
548882,0.5377707,1.0759206,1.8106747,0.476353,1.109339,1.7859719,1.062898,3.675608,1.1321487,3.6793776,69.93429,89.35499,61.077934,80.44066,0.3505111,0.40890616,0.04705345,0.051719412,-0.024703026
548932,0.52405125,1.1340952,1.9842756,0.460243,1.161556,1.9526522,1.08797,3.419933,1.1921046,2.9922915,73.52067,90.97396,66.633064,82.38,0.33873123,0.41604704,0.050784666,0.04739734,-0.031623363
548982,0.4988056,1.1919051,2.1433034,0.43588,1.210326,2.1161263,1.096998,3.272406,1.2631788,2.7239382,74.06695,90.89192,71.7813,86.11603,0.29637775,0.3848756,0.049572907,0.042912535,-0.027176857
549032,0.46420518,1.2478673,2.3009746,0.40465,1.253267,2.2861578,1.081742,3.299626,1.2961178,2.8277442,71.032814,88.77752,73.56685,88.44785,0.2480799,0.34366432,0.043746527,0.040770296,-0.014816762
549082,0.42032564,1.297982,2.4859695,0.368229,1.288198,2.473748,1.040438,3.538587,1.2741126,3.2488172,65.400734,84.51773,71.08358,88.18048,0.21406822,0.30400753,0.03533052,0.03951633,-0.012221813
549132,0.37011176,1.3382646,2.6782217,0.328428,1.313378,2.6892807,0.978627,4.001602,1.2346578,3.6806593,57.016556,80.022026,67.48137,86.85084,0.1592383,0.26781973,0.026164787,0.040893562,0.011058807
549182,0.31310472,1.3663429,2.9059393,0.287075,1.327651,2.937177,0.908898,4.637468,1.1444557,4.162281,47.630478,75.08192,60.576473,82.48048,0.12474063,0.25793552,0.016276585,0.043699887,0.031237602
549232,0.25799826,1.3806407,-3.1317527,0.245865,1.330585,-3.075433,0.848667,5.248053,1.0616297,5.004431,40.522076,72.49478,53.183945,79.51976,0.11645721,0.25498134,0.012625204,0.049933933,0.056319714
549282,0.20902881,1.380031,-2.840054,0.20626,1.322501,-2.80803,0.814331,5.483375,0.9801112,5.724905,40.471493,72.36566,46.19329,76.3206,0.17774123,0.28056824,0.019729733,0.054112013,0.032023907
549332,0.167108,1.3660659,-2.5479317,0.169422,1.304445,-2.5716612,0.812444,5.112545,0.94225764,5.612242,46.4034,73.43432,44.123886,73.65831,0.2558283,0.3171173,0.032552566,0.05237186,-0.023729322
549382,0.13408406,1.3428972,-2.274429,0.136178,1.278098,-2.379966,0.834896,4.296208,0.9569709,4.8370705,56.304916,74.50704,47.083134,72.538216,0.33000007,0.3396183,0.04805442,0.043521173,-0.105536945
549432,0.10381,1.3069617,-2.0671499,0.106997,1.245586,-2.231755,0.864024,3.379017,0.9896956,3.4452977,63.16599,72.88106,52.79053,70.92141,0.35033357,0.342999,0.05245139,0.032030847,-0.16460514
549482,0.07813948,1.2615844,-1.953103,0.082056,1.209304,-2.1194537,0.881852,2.57648,1.0508673,2.1204395,65.09544,70.07719,60.0998,71.25861,0.30299333,0.31229016,0.047045022,0.023137588,-0.16635084
549532,0.05648273,1.2111828,-1.9086283,0.061268,1.171667,-2.034837,0.875652,1.943975,1.0959368,1.1844387,62.454197,66.21081,65.37949,71.6126,0.22406943,0.2668906,0.035696197,0.017612014,-0.12620878
549582,0.036062866,1.1567019,-1.873846,0.044375,1.134946,-1.9712379,0.839396,1.462731,1.06848,1.0116802,55.893192,58.818794,64.11802,69.441986,0.16707698,0.20833223,0.01828392,0.014426033,-0.097391605
549632,0.017626604,1.1026512,-1.8214295,0.031,1.101064,-1.92365,0.77295,1.097803,1.0141281,0.96425253,46.995758,48.11786,60.84581,65.92019,0.10063195,0.12348063,-0.0017791563,0.013349223,-0.102220535
549682,0.003917276,1.054285,-1.7606428,0.020702,1.071468,-1.8883998,0.680839,0.818213,0.89680266,0.92285806,37.01268,36.125183,53.621895,58.478436,0.059623286,0.059834674,-0.020041637,0.013240596,-0.12775709
549732,-0.0044306144,1.0165526,-1.7193435,0.013037,1.047088,-1.8628132,0.570633,0.600874,0.73658526,0.7048372,26.957699,25.197346,44.181973,47.89118,0.038679555,0.036434904,-0.03278441,0.012755956,-0.14346981
549782,-0.010028466,0.9888805,-1.7110289,0.007558,1.02824,-1.8448002,0.451439,0.429813,0.565204,0.3070112,16.995613,15.625065,34.517426,36.13307,0.020268455,0.039031684,-0.041431196,0.011912428,-0.13377142
549832,-0.013764487,0.9704814,-1.6936439,0.003901,1.014922,-1.8328831,0.332751,0.294373,0.41181582,0.43351015,8.202254,6.96196,24.597813,26.87916,0.016630396,0.026680246,-0.046270415,0.012086656,-0.13923931
549882,-0.015641855,0.9587363,-1.6689346,0.001663,1.006456,-1.8256247,0.223227,0.187888,0.2790173,0.317709,0.50860983,-0.61400014,16.602608,18.274551,0.005300626,0.019408152,-0.04918565,0.012545973,-0.15669012
549932,-0.016480915,0.95212144,-1.6528518,0.000499,1.001951,-1.8218567,0.130292,0.106338,0.16680902,0.2688749,-5.9458327,-6.7173634,9.718087,11.133041,-0.0045832694,0.012976706,-0.051053613,0.012838582,-0.16900492
549982,-0.01662119,0.95002335,-1.6475185,0.000061,1.00024,-1.8204429,0.059594,0.047859,0.072528146,0.16524889,-10.586605,-10.958231,4.098198,4.96782,-0.008557126,0.016578332,-0.05134753,0.012784172,-0.1729245
550032,-0.016439132,0.95149034,-1.65176,0,1,-1.820245,0.015251,0.012174,0.030585723,0.06968686,-12.987166,-13.078602,1.7282441,2.0949712,-0.022924617,0.00924857,-0.049680267,0.012462057,-0.16848516
550082,-0.01605942,0.9545921,-1.6542468,0,1,-1.820245,0.015251,0.012174,0.012898255,0.029387543,-12.11833,-12.2075205,0.7288149,0.88346684,-0.017942034,0.016058818,-0.04658848,0.01221863,-0.16599846
