ts,x,y,yaw,x_des,y_des,yaw_des,v_ff,w_ff,v_actual,w_actual,omega_l_cmd,omega_r_cmd,omega_l_meas,omega_r_meas,duty_l,duty_r,x_err,y_err,yaw_err,x_raw,y_raw,yaw_raw,acc_x,acc_y,acc_z,gyro_x,gyro_y,gyro_z
185489,,,,,,,,,-0.000000,0.000000,,,0.000000,0.000000,0.000000,0.000000,,,,0.002492,-1.073576,-2.174523,,,,,,
185496,,,,,,,,,,,,,,,,,,,,0.002489,-1.073578,-2.174523,,,,,,
185501,,,,,,,,,-0.000000,0.000000,,,0.000000,0.000000,0.000000,0.000000,,,,,,,,,,,,
185507,,,,,,,,,,,,,,,,,,,,0.002486,-1.073581,-2.174523,,,,,,
185511,,,,,,,,,-0.000000,0.000000,,,0.000000,0.000000,0.000000,0.000000,,,,,,,,,,,,
185517,,,,,,,,,,,,,,,,,,,,0.002487,-1.073581,-2.174523,,,,,,
185521,,,,,,,,,-0.000000,0.000000,,,0.000000,0.000000,0.000000,0.000000,,,,,,,,,,,,
185527,,,,,,,,,,,,,,,,,,,,0.002486,-1.073581,-2.174523,,,,,,
185531,,,,,,,,,-0.000000,0.000000,,,0.000000,0.000000,0.000000,0.000000,,,,,,,,,,,,
185535,0.002486,-1.073581,-2.174523,0.001110,-1.002185,-1.100233,0.018589,0.008938,,,-16.284748,-15.230018,,,,,-0.057994,-0.041665,1.074290,0.002492,-1.073576,-2.174514,,,,,,
185543,,,,,,,,,-0.000000,0.000000,,,0.000000,0.000000,-0.166104,-0.155346,,,,,,,,,,,,
185547,,,,,,,,,,,,,,,,,,,,0.002488,-1.073580,-2.174523,,,,,,
185551,,,,,,,,,-0.027467,0.652434,,,-0.544543,0.000000,-0.163807,-0.158392,,,,,,,,,,,,
185556,,,,,,,,,,,,,,,,,,,,0.002493,-1.073578,-2.174523,,,,,,
185561,,,,,,,,,-0.054935,0.000000,,,-1.002722,-0.544543,-0.162282,-0.155884,,,,,,,,,,,,
185566,,,,,,,,,,,,,,,,,,,,0.002479,-1.073597,-2.174500,,,,,,
185571,,,,,,,,,-0.082402,0.652434,,,-1.932776,-1.002722,-0.155851,-0.154148,,,,,,,,,,,,
185577,,,,,,,,,,,,,,,,,,,,0.002383,-1.073678,-2.171410,,,,,,
185581,,,,,,,,,-0.054935,0.000000,,,-2.170781,-1.388233,-0.156294,-0.153061,,,,,,,,,,,,
185585,0.002522,-1.073481,-2.171669,0.003684,-1.007228,-1.097477,0.072641,0.035112,,,-15.458698,-11.324476,,,,,-0.055305,-0.036498,1.074192,0.002354,-1.073725,-2.165142,,,,,,
185591,,,,,,,,,-0.082402,0.652434,,,-2.915581,-1.712602,-0.143094,-0.112684,,,,,,,,,,,,
185597,,,,,,,,,,,,,,,,,,,,0.002280,-1.073856,-2.158848,,,,,,
185602,,,,,,,,,-0.082402,1.957303,,,-4.086800,-1.440983,-0.133657,-0.117377,,,,,,,,,,,,
185606,,,,,,,,,,,,,,,,,,,,0.002177,-1.073894,-2.152451,,,,,,
185611,,,,,,,,,-0.109870,0.000000,,,-4.527719,-2.301530,-0.131434,-0.110576,,,,,,,,,,,,
185616,,,,,,,,,,,,,,,,,,,,0.002079,-1.074036,-2.145893,,,,,,
185621,,,,,,,,,-0.109870,1.304868,,,-4.898709,-2.481050,-0.129836,-0.110550,,,,,,,,,,,,
185627,,,,,,,,,,,,,,,,,,,,0.002083,-1.074000,-2.136251,,,,,,
185631,,,,,,,,,-0.082402,0.652434,,,-5.755403,-2.632098,-0.123209,-0.110778,,,,,,,,,,,,
185635,0.002310,-1.073668,-2.136486,0.008576,-1.016719,-1.092169,0.158836,0.077881,,,-13.955699,-5.000235,,,,,-0.051436,-0.025235,1.044316,0.002036,-1.074101,-2.123351,,,,,,
185641,,,,,,,,,-0.082402,1.957303,,,-6.476224,-2.214647,-0.102467,-0.052267,,,,,,,,,,,,
185646,,,,,,,,,,,,,,,,,,,,0.002137,-1.073843,-2.110379,,,,,,
185651,,,,,,,,,-0.027467,0.652434,,,-5.993638,-1.863404,-0.108885,-0.056407,,,,,,,,,,,,
185657,,,,,,,,,,,,,,,,,,,,0.002691,-1.072914,-2.100939,,,,,,
185662,,,,,,,,,-0.027467,0.652434,,,-5.587589,-1.567868,-0.114619,-0.060048,,,,,,,,,,,,
185667,,,,,,,,,,,,,,,,,,,,0.003308,-1.071956,-2.088289,,,,,,
185671,,,,,,,,,-0.082402,1.957303,,,-6.335027,-1.319204,-0.108669,-0.063271,,,,,,,,,,,,
185677,,,,,,,,,,,,,,,,,,,,0.003934,-1.070682,-2.075808,,,,,,
185681,,,,,,,,,-0.054935,1.304868,,,-6.419377,-1.109978,-0.109333,-0.066142,,,,,,,,,,,,
185685,0.003915,-1.070734,-2.075424,0.016425,-1.031687,-1.083463,0.272347,0.137231,,,-9.528033,5.523026,,,,,-0.040228,-0.007928,0.991961,0.004520,-1.069631,-2.062943,,,,,,
185691,,,,,,,,,-0.054935,1.304868,,,-6.490349,-0.933935,-0.064954,0.038622,,,,,,,,,,,,
185696,,,,,,,,,,,,,,,,,,,,0.005176,-1.068406,-2.047058,,,,,,
185701,,,,,,,,,-0.054935,1.304868,,,-6.550066,-0.785813,-0.064953,0.038403,,,,,,,,,,,,
185707,,,,,,,,,,,,,,,,,,,,0.005693,-1.067218,-2.034187,,,,,,
185711,,,,,,,,,-0.027467,0.652434,,,-6.055768,-0.661183,-0.070590,0.038393,,,,,,,,,,,,
185716,,,,,,,,,,,,,,,,,,,,0.006340,-1.065856,-2.024503,,,,,,
185722,,,,,,,,,-0.000000,0.000000,,,-5.095322,-0.556319,-0.081081,0.038560,,,,,,,,,,,,
185727,,,,,,,,,,,,,,,,,,,,0.006944,-1.064542,-2.011417,,,,,,
185731,,,,,,,,,-0.054935,1.304868,,,-5.376290,-0.468087,-0.079102,0.038876,,,,,,,,,,,,
185735,0.006794,-1.064857,-2.011313,0.027771,-1.052766,-1.070437,0.406428,0.214064,,,-1.649724,20.394100,,,,,-0.019881,0.013818,0.940876,0.007583,-1.063053,-2.004820,,,,,,
185741,,,,,,,,,-0.027467,0.652434,,,-5.068153,-0.393848,-0.002716,0.191002,,,,,,,,,,,,
185747,,,,,,,,,,,,,,,,,,,,0.008012,-1.061790,-1.998063,,,,,,
185751,,,,,,,,,0.000000,1.304868,,,-4.808887,0.213159,-0.004677,0.188968,,,,,,,,,,,,
185756,,,,,,,,,,,,,,,,,,,,0.008167,-1.061480,-1.994891,,,,,,
185762,,,,,,,,,-0.027467,0.652434,,,-4.590740,0.179352,-0.006270,0.193349,,,,,,,,,,,,
185766,,,,,,,,,,,,,,,,,,,,0.008124,-1.061407,-1.991560,,,,,,
185771,,,,,,,,,0.027467,0.652434,,,-3.862648,0.695450,-0.013109,0.192128,,,,,,,,,,,,
185776,,,,,,,,,,,,,,,,,,,,0.008064,-1.061489,-1.984989,,,,,,
185781,,,,,,,,,0.027467,0.652434,,,-3.250031,1.129695,-0.018915,0.191639,,,,,,,,,,,,
185785,0.007910,-1.061876,-1.984460,0.043043,-1.080105,-1.052024,0.552327,0.310504,,,6.125668,36.459293,,,,,0.002569,0.039497,0.932436,0.007912,-1.061760,-1.975025,,,,,,
185791,,,,,,,,,0.054935,1.304868,,,-2.734576,2.039611,0.055457,0.350075,,,,,,,,,,,,
185796,,,,,,,,,,,,,,,,,,,,0.007654,-1.062247,-1.968468,,,,,,
185801,,,,,,,,,0.109870,2.609737,,,-2.300872,3.894302,0.052805,0.338041,,,,,,,,,,,,
185806,,,,,,,,,,,,,,,,,,,,0.007339,-1.062979,-1.951842,,,,,,
185811,,,,,,,,,0.164805,3.914605,,,-1.935953,5.999381,0.050768,0.323083,,,,,,,,,,,,
185816,,,,,,,,,,,,,,,,,,,,0.006936,-1.063565,-1.928274,,,,,,
185822,,,,,,,,,0.082402,1.957303,,,-1.628911,7.226051,0.049249,0.316662,,,,,,,,,,,,
185826,,,,,,,,,,,,,,,,,,,,0.006427,-1.064518,-1.897798,,,,,,
185831,,,,,,,,,0.302142,7.176775,,,-1.370565,12.069974,0.048164,0.273101,,,,,,,,,,,,
185835,0.006232,-1.065524,-1.874958,0.062527,-1.113278,-1.026915,0.699567,0.430324,,,18.543358,55.442959,,,,,0.028702,0.068013,0.848043,0.005922,-1.065803,-1.863500,,,,,,
185841,,,,,,,,,0.192272,4.567039,,,-1.153193,13.967477,0.174107,0.452258,,,,,,,,,,,,
185846,,,,,,,,,,,,,,,,,,,,0.005318,-1.067483,-1.828867,,,,,,
185851,,,,,,,,,0.274675,6.524341,,,-0.970297,17.197666,0.176181,0.427605,,,,,,,,,,,,
185857,,,,,,,,,,,,,,,,,,,,0.004640,-1.069320,-1.783004,,,,,,
185861,,,,,,,,,0.384545,7.829211,,,-0.271864,21.004633,0.172959,0.396423,,,,,,,,,,,,
185867,,,,,,,,,,,,,,,,,,,,0.003947,-1.071221,-1.732686,,,,,,
185871,,,,,,,,,0.412012,8.481645,,,0.315797,25.841442,0.170728,0.353975,,,,,,,,,,,,
185882,,,,,,,,,0.219740,5.219473,,,0.810254,29.911133,0.169330,0.318385,,,,0.003313,-1.073744,-1.681242,,,,,,
185885,0.003393,-1.073961,-1.675598,0.086343,-1.151248,-0.993420,0.836602,0.579593,,,40.386654,79.138916,,,,,0.068185,0.090579,0.682178,0.002631,-1.076624,-1.624806,,,,,,
185891,,,,,,,,,0.576817,9.786512,,,1.770834,31.157198,0.385881,0.552480,,,,,,,,,,,,
185896,,,,,,,,,,,,,,,,,,,,0.002122,-1.079871,-1.570800,,,,,,
185901,,,,,,,,,0.549350,6.524341,,,4.212696,34.383812,0.368697,0.529165,,,,,,,,,,,,
185906,,,,,,,,,,,,,,,,,,,,0.001998,-1.083753,-1.509176,,,,,,
185911,,,,,,,,,0.714154,6.524342,,,7.900908,38.732311,0.338312,0.493761,,,,,,,,,,,,
185916,,,,,,,,,,,,,,,,,,,,0.001798,-1.087282,-1.452888,,,,,,
185922,,,,,,,,,0.604285,3.914605,,,14.271427,45.113853,0.279830,0.436751,,,,,,,,,,,,
185926,,,,,,,,,,,,,,,,,,,,0.001765,-1.091590,-1.394405,,,,,,
185931,,,,,,,,,1.290972,7.176776,,,18.542496,48.305111,0.241488,0.411005,,,,,,,,,,,,
185935,0.002272,-1.095515,-1.387899,0.114420,-1.192397,-0.949265,0.951825,0.767687,,,70.211472,102.564117,,,,,0.115664,0.092656,0.438635,0.001884,-1.096236,-1.333779,,,,,,
185941,,,,,,,,,0.851492,5.871908,,,21.591629,52.079323,0.518969,0.617612,,,,,,,,,,,,
185946,,,,,,,,,,,,,,,,,,,,0.002212,-1.101448,-1.274596,,,,,,
185951,,,,,,,,,0.933894,3.914605,,,25.790798,54.710400,0.485861,0.600872,,,,,,,,,,,,
185956,,,,,,,,,,,,,,,,,,,,0.002862,-1.106905,-1.213278,,,,,,
185961,,,,,,,,,1.263504,3.914606,,,32.046696,60.191448,0.430935,0.554536,,,,,,,,,,,,
185967,,,,,,,,,,,,,,,,,,,,0.003704,-1.112623,-1.149937,,,,,,
185971,,,,,,,,,1.373374,3.914605,,,38.944035,65.892288,0.368215,0.504862,,,,,,,,,,,,
185977,,,,,,,,,,,,,,,,,,,,0.004769,-1.118633,-1.087898,,,,,,
185982,,,,,,,,,0.796557,3.262171,,,39.846569,64.698997,0.365263,0.524368,,,,,,,,,,,,
185985,0.005467,-1.119910,-1.099396,0.146463,-1.234600,-0.891288,1.034848,1.008905,,,99.422729,120.636879,,,,,0.166213,0.073534,0.208108,,,,,,,,,
185988,,,,,,,,,,,,,,,,,,,,0.006197,-1.125110,-1.023737,,,,,,
185991,,,,,,,,,1.620581,3.262171,,,47.685020,71.318565,0.589338,0.648763,,,,,,,,,,,,
185996,,,,,,,,,,,,,,,,,,,,0.008123,-1.131606,-0.957644,,,,,,
186001,,,,,,,,,1.428309,2.609736,,,53.191208,75.254639,0.543523,0.618479,,,,,,,,,,,,
186007,,,,,,,,,,,,,,,,,,,,0.010424,-1.138384,-0.889619,,,,,,
186011,,,,,,,,,1.565646,1.957302,,,60.002285,80.200081,0.483296,0.577112,,,,,,,,,,,,
186016,,,,,,,,,,,,,,,,,,,,0.013049,-1.145495,-0.825723,,,,,,
186021,,,,,,,,,1.593114,2.609737,,,65.188583,83.816635,0.438280,0.548310,,,,,,,,,,,,
186026,,,,,,,,,,,,,,,,,,,,0.016054,-1.152748,-0.759738,,,,,,
186031,,,,,,,,,1.565646,0.652435,,,70.096878,86.859604,0.395062,0.524636,,,,,,,,,,,,
186035,0.018379,-1.155725,-0.785544,0.181936,-1.275383,-0.814979,1.077910,1.324995,,,120.649628,126.676567,,,,,0.200259,0.031070,-0.029435,,,,,,,,,
186042,,,,,,,,,0.933894,1.304869,,,67.692192,82.885437,0.641969,0.633533,,,,0.019718,-1.160077,-0.685643,,,,,,
186047,,,,,,,,,,,,,,,,,,,,0.023751,-1.167781,-0.621369,,,,,,
186051,,,,,,,,,1.757919,1.304868,,,73.837044,87.165176,0.589883,0.598638,,,,,,,,,,,,
186056,,,,,,,,,,,,,,,,,,,,0.028232,-1.175255,-0.551979,,,,,,
186061,,,,,,,,,1.675516,-0.652435,,,79.007317,89.677063,0.546509,0.580919,,,,,,,,,,,,
186066,,,,,,,,,,,,,,,,,,,,0.033056,-1.182462,-0.477481,,,,,,
186071,,,,,,,,,1.840321,-1.957302,,,85.535759,93.424194,0.488248,0.550098,,,,,,,,,,,,
186076,,,,,,,,,,,,,,,,,,,,0.038546,-1.189945,-0.403744,,,,,,
186082,,,,,,,,,1.126167,-0.652435,,,83.405182,89.497971,0.517002,0.596796,,,,,,,,,,,,
186086,0.040248,-1.190365,-0.438564,0.220044,-1.312124,-0.713813,1.077275,1.748843,,,130.338516,119.899467,,,,,0.214485,-0.033888,-0.275249,0.044623,-1.197572,-0.333564,,,,,,
186091,,,,,,,,,1.895256,-3.262171,,,89.780663,92.728966,0.558248,0.502149,,,,,,,,,,,,
186096,,,,,,,,,,,,,,,,,,,,0.050870,-1.204539,-0.255178,,,,,,
186101,,,,,,,,,1.675516,-0.652435,,,92.966820,94.358437,0.533861,0.490963,,,,,,,,,,,,
186107,,,,,,,,,,,,,,,,,,,,0.057625,-1.211575,-0.177156,,,,,,
186111,,,,,,,,,1.757919,-3.914604,,,96.736740,94.640388,0.502882,0.493195,,,,,,,,,,,,
186116,,,,,,,,,,,,,,,,,,,,0.064936,-1.218105,-0.102336,,,,,,
186121,,,,,,,,,1.620581,-4.567038,,,99.364204,94.333076,0.482802,0.501381,,,,,,,,,,,,
186127,,,,,,,,,,,,,,,,,,,,0.072344,-1.224405,-0.024770,,,,,,
186131,,,,,,,,,1.648049,-2.609737,,,101.030411,94.619049,0.472002,0.503578,,,,,,,,,,,,
186135,0.075844,-1.224639,-0.070541,0.259733,-1.342316,-0.578448,1.034438,2.328709,,,121.877197,98.950645,,,,,0.191726,-0.104423,-0.507907,0.080241,-1.230311,0.052700,,,,,,
186143,,,,,,,,,0.988829,-1.304868,,,95.897835,88.869690,0.443910,0.353599,,,,,,,,,,,,
186146,,,,,,,,,,,,,,,,,,,,0.088610,-1.235882,0.127498,,,,,,
186151,,,,,,,,,1.730451,-1.957303,,,98.658348,90.566696,0.420949,0.338306,,,,,,,,,,,,
186156,,,,,,,,,,,,,,,,,,,,0.097113,-1.240792,0.205263,,,,,,
186161,,,,,,,,,1.373374,-5.219473,,,98.258331,88.182755,0.429673,0.364299,,,,,,,,,,,,
186166,,,,,,,,,,,,,,,,,,,,0.106113,-1.245363,0.277789,,,,,,
186171,,,,,,,,,1.290972,-3.262171,,,97.377213,85.632362,0.443384,0.392467,,,,,,,,,,,,
186176,,,,,,,,,,,,,,,,,,,,0.114874,-1.249424,0.345010,,,,,,
186181,,,,,,,,,1.345907,-4.567038,,,96.635841,83.486465,0.455846,0.417018,,,,,,,,,,,,
186185,0.117202,-1.248110,0.290884,0.299708,-1.363820,-0.396363,0.957031,3.128195,,,99.481857,72.671005,,,,,0.141654,-0.163192,-0.687247,0.124054,-1.252743,0.412643,,,,,,
186191,,,,,,,,,1.263504,-1.304869,,,94.922966,81.680908,0.249933,0.170476,,,,,,,,,,,,
186196,,,,,,,,,,,,,,,,,,,,0.132876,-1.255777,0.472298,,,,,,
186202,,,,,,,,,0.714154,-2.609737,,,88.036316,75.260826,0.321088,0.234158,,,,,,,,,,,,
186206,,,,,,,,,,,,,,,,,,,,0.141675,-1.258031,0.529437,,,,,,
186211,,,,,,,,,1.318439,-2.609739,,,87.687325,75.304398,0.326937,0.233196,,,,,,,,,,,,
186216,,,,,,,,,,,,,,,,,,,,0.150650,-1.259819,0.584236,,,,,,
186221,,,,,,,,,0.906427,-1.957303,,,84.126427,71.529259,0.365617,0.271176,,,,,,,,,,,,
186227,,,,,,,,,,,,,,,,,,,,0.159345,-1.261094,0.630525,,,,,,
186231,,,,,,,,,0.933894,-3.914605,,,81.130287,67.808311,0.399249,0.309358,,,,,,,,,,,,
186235,0.159624,-1.259096,0.585527,0.338467,-1.375101,-0.154271,0.859247,4.202590,,,73.439377,53.671242,,,,,0.084942,-0.195517,-0.739798,0.167927,-1.261850,0.668481,,,,,,
186243,,,,,,,,,0.604285,-1.304869,,,75.342072,62.499336,0.196326,0.170684,,,,,,,,,,,,
186246,,,,,,,,,,,,,,,,,,,,0.176075,-1.262211,0.701058,,,,,,
186251,,,,,,,,,1.181102,-3.262171,,,75.917305,62.933254,0.190078,0.164493,,,,,,,,,,,,
186256,,,,,,,,,,,,,,,,,,,,0.183990,-1.261998,0.727554,,,,,,
186261,,,,,,,,,0.741622,-1.957302,,,72.589500,59.486549,0.223526,0.197797,,,,,,,,,,,,
186266,,,,,,,,,,,,,,,,,,,,0.191876,-1.261125,0.750965,,,,,,
186271,,,,,,,,,0.659220,-1.304869,,,68.155861,56.041950,0.268919,0.231769,,,,,,,,,,,,
186276,,,,,,,,,,,,,,,,,,,,0.199453,-1.259827,0.768988,,,,,,
186281,,,,,,,,,0.659220,0.000000,,,63.880852,53.688210,0.313581,0.255303,,,,,,,,,,,,
186285,0.198395,-1.258206,0.753542,0.374365,-1.375415,0.152029,0.761264,5.501726,,,54.365200,51.164787,,,,,0.048132,-0.205880,-0.601513,0.206647,-1.257833,0.780790,,,,,,
186291,,,,,,,,,0.741622,-1.957302,,,61.917488,51.707771,0.140962,0.249934,,,,,,,,,,,,
186296,,,,,,,,,,,,,,,,,,,,0.212962,-1.255618,0.789875,,,,,,
186302,,,,,,,,,0.439480,0.000000,,,56.453712,47.863258,0.195182,0.289039,,,,,,,,,,,,
186307,,,,,,,,,,,,,,,,,,,,0.218855,-1.252990,0.792824,,,,,,
186311,,,,,,,,,0.933894,1.304869,,,56.212837,50.073917,0.197222,0.267151,,,,,,,,,,,,
186316,,,,,,,,,,,,,,,,,,,,0.224352,-1.249852,0.798964,,,,,,
186321,,,,,,,,,0.659220,1.304869,,,53.287449,49.211250,0.226691,0.276168,,,,,,,,,,,,
186327,,,,,,,,,,,,,,,,,,,,0.229589,-1.245941,0.802192,,,,,,
186331,,,,,,,,,0.659220,1.304869,,,50.826027,48.485401,0.252013,0.283963,,,,,,,,,,,,
186335,0.228929,-1.245016,0.803556,0.405699,-1.364914,0.501984,0.685912,6.682049,,,42.301964,60.042339,,,,,0.036399,-0.210471,-0.301572,0.234453,-1.242024,0.814288,,,,,,
186343,,,,,,,,,0.439480,0.000000,,,47.121357,45.151955,0.167463,0.409051,,,,,,,,,,,,
186346,,,,,,,,,,,,,,,,,,,,0.239212,-1.237093,0.823278,,,,,,
186351,,,,,,,,,0.906427,3.262171,,,47.271507,47.792625,0.164968,0.385094,,,,,,,,,,,,
186357,,,,,,,,,,,,,,,,,,,,0.243677,-1.232335,0.832358,,,,,,
186361,,,,,,,,,0.714154,2.609737,,,45.764214,48.925400,0.179349,0.375990,,,,,,,,,,,,
186366,,,,,,,,,,,,,,,,,,,,0.248218,-1.227378,0.853500,,,,,,
186371,,,,,,,,,0.741622,3.262171,,,44.495979,49.333973,0.191592,0.374045,,,,,,,,,,,,
186377,,,,,,,,,,,,,,,,,,,,0.252840,-1.222198,0.877958,,,,,,
186381,,,,,,,,,0.714154,3.914605,,,42.884342,50.766834,0.207592,0.361572,,,,,,,,,,,,
186385,0.252715,-1.221781,0.888130,0.430805,-1.344626,0.853892,0.649928,7.162419,,,29.457327,61.318611,,,,,0.017036,-0.215677,-0.034237,0.257625,-1.216690,0.911519,,,,,,
186391,,,,,,,,,0.769089,3.914606,,,41.528313,51.972443,0.090292,0.364148,,,,,,,,,,,,
186396,,,,,,,,,,,,,,,,,,,,0.262209,-1.211158,0.951828,,,,,,
186402,,,,,,,,,0.412012,3.262171,,,40.387348,54.075928,0.099515,0.344562,,,,,,,,,,,,
186406,,,,,,,,,,,,,,,,,,,,0.266684,-1.205347,0.995551,,,,,,
186411,,,,,,,,,0.988829,9.134079,,,37.793713,54.212170,0.123784,0.344620,,,,,,,,,,,,
186416,,,,,,,,,,,,,,,,,,,,0.271005,-1.199332,1.046354,,,,,,
186421,,,,,,,,,0.714154,6.524342,,,36.155972,55.415890,0.138822,0.333764,,,,,,,,,,,,
186427,,,,,,,,,,,,,,,,,,,,0.275203,-1.192695,1.110746,,,,,,
186431,,,,,,,,,0.741622,7.176776,,,34.777977,56.428699,0.151538,0.324614,,,,,,,,,,,,
186435,0.274845,-1.192425,1.122165,0.448181,-1.316350,1.177649,0.653600,6.808008,,,13.635421,47.419003,,,,,-0.036480,-0.209933,0.055484,0.278799,-1.186192,1.169822,,,,,,
186443,,,,,,,,,0.494415,3.914605,,,32.529446,54.558163,0.012025,0.202895,,,,,,,,,,,,
186446,,,,,,,,,,,,,,,,,,,,0.281912,-1.179637,1.240444,,,,,,
186451,,,,,,,,,0.851492,8.481643,,,32.271160,57.885181,0.010881,0.167532,,,,,,,,,,,,
186456,,,,,,,,,,,,,,,,,,,,0.284745,-1.172979,1.312817,,,,,,
186461,,,,,,,,,0.549350,6.524341,,,29.875666,56.872730,0.031588,0.175765,,,,,,,,,,,,
186466,,,,,,,,,,,,,,,,,,,,0.287080,-1.166465,1.387369,,,,,,
186471,,,,,,,,,0.549350,7.829210,,,27.315554,56.565399,0.054453,0.177009,,,,,,,,,,,,
186477,,,,,,,,,,,,,,,,,,,,0.289066,-1.159322,1.464007,,,,,,
186481,,,,,,,,,0.549350,7.829210,,,25.161476,56.306812,0.073689,0.177818,,,,,,,,,,,,
186485,0.288458,-1.159871,1.468162,0.456602,-1.282421,1.470138,0.682542,6.139090,,,-1.040460,27.476439,,,,,-0.104678,-0.179815,0.001976,0.290477,-1.152430,1.539704,,,,,,
186491,,,,,,,,,0.466947,7.176775,,,22.804493,55.000149,-0.054269,-0.014046,,,,,,,,,,,,
186497,,,,,,,,,,,,,,,,,,,,0.291211,-1.145294,1.614545,,,,,,
186502,,,,,,,,,0.274675,3.914605,,,20.276783,50.633465,-0.033256,0.024990,,,,,,,,,,,,
186506,,,,,,,,,,,,,,,,,,,,0.291348,-1.138303,1.684771,,,,,,
186511,,,,,,,,,0.357077,8.481646,,,17.060883,49.682053,-0.004717,0.030063,,,,,,,,,,,,
186516,,,,,,,,,,,,,,,,,,,,0.290926,-1.131473,1.743902,,,,,,
186521,,,,,,,,,0.164805,3.914605,,,14.355024,45.069733,0.019262,0.072667,,,,,,,,,,,,
186527,,,,,,,,,,,,,,,,,,,,0.290716,-1.127192,1.797992,,,,,,
186531,,,,,,,,,0.082402,1.957303,,,12.078316,39.555298,0.039406,0.125396,,,,,,,,,,,,
186535,0.290539,-1.129588,1.778525,0.455226,-1.245420,1.739995,0.721600,5.595091,,,-8.644077,15.917401,,,,,-0.147306,-0.137258,-0.038530,0.291005,-1.123462,1.855936,,,,,,
186541,,,,,,,,,0.329610,5.219473,,,11.251780,38.182713,-0.032344,0.019078,,,,,,,,,,,,
186547,,,,,,,,,,,,,,,,,,,,0.290855,-1.119583,1.910943,,,,,,
186551,,,,,,,,,0.219740,3.914605,,,10.011789,35.938732,-0.023675,0.037514,,,,,,,,,,,,
186557,,,,,,,,,,,,,,,,,,,,0.290066,-1.116412,1.954471,,,,,,
186562,,,,,,,,,0.054935,1.304868,,,8.423918,32.961559,-0.011210,0.063876,,,,,,,,,,,,
186566,,,,,,,,,,,,,,,,,,,,0.289079,-1.113485,1.997271,,,,,,
186571,,,,,,,,,0.219740,5.219473,,,7.087883,31.001110,-0.000996,0.080464,,,,,,,,,,,,
186576,,,,,,,,,,,,,,,,,,,,0.288330,-1.110922,2.043258,,,,,,
186581,,,,,,,,,0.137337,3.262171,,,5.963744,28.807045,0.007323,0.099827,,,,,,,,,,,,
186585,0.288347,-1.111938,2.034729,0.443692,-1.207836,1.991168,0.764550,5.213987,,,-7.440878,15.577418,,,,,-0.155274,-0.096014,-0.043560,0.287460,-1.109025,2.078100,,,,,,
186591,,,,,,,,,0.164805,3.914605,,,5.017893,27.505503,0.026322,0.107057,,,,,,,,,,,,
186596,,,,,,,,,,,,,,,,,,,,0.286946,-1.108050,2.117277,,,,,,
186602,,,,,,,,,0.109870,2.609737,,,4.222054,26.410385,0.031948,0.115841,,,,,,,,,,,,
186606,,,,,,,,,,,,,,,,,,,,0.285976,-1.106859,2.148381,,,,,,
186611,,,,,,,,,0.192272,4.567039,,,3.552436,24.944410,0.036446,0.128628,,,,,,,,,,,,
186617,,,,,,,,,,,,,,,,,,,,0.285441,-1.106344,2.190442,,,,,,
186621,,,,,,,,,0.137337,3.262171,,,2.989019,23.710939,0.039994,0.139336,,,,,,,,,,,,
186627,,,,,,,,,,,,,,,,,,,,0.284584,-1.105346,2.224372,,,,,,
186631,,,,,,,,,0.137337,3.262171,,,2.514961,22.673098,0.042743,0.148295,,,,,,,,,,,,
186635,0.284600,-1.105408,2.222145,0.422170,-1.171725,2.217644,0.813675,4.811158,,,0.909052,24.218618,,,,,-0.136143,-0.069200,-0.004501,0.284231,-1.105195,2.255885,,,,,,
186641,,,,,,,,,0.164805,3.914605,,,2.116087,22.344400,0.129990,0.238369,,,,,,,,,,,,
186647,,,,,,,,,,,,,,,,,,,,0.283649,-1.104388,2.282900,,,,,,
186651,,,,,,,,,0.164805,2.609737,,,2.325019,21.523291,0.127617,0.247119,,,,,,,,,,,,
186657,,,,,,,,,,,,,,,,,,,,0.283329,-1.103978,2.319876,,,,,,
186662,,,,,,,,,0.137337,1.957303,,,2.500814,20.287867,0.125541,0.260259,,,,,,,,,,,,
186667,,,,,,,,,,,,,,,,,,,,0.282997,-1.103458,2.356297,,,,,,
186671,,,,,,,,,0.329610,5.219473,,,3.193271,22.515640,0.118160,0.238322,,,,,,,,,,,,
186677,,,,,,,,,,,,,,,,,,,,0.282914,-1.103197,2.390044,,,,,,
186681,,,,,,,,,0.247207,4.567039,,,3.231361,22.756458,0.117314,0.236207,,,,,,,,,,,,
186685,0.282340,-1.102631,2.395117,0.391389,-1.138461,2.407749,0.873407,4.206012,,,14.469178,35.983223,,,,,-0.104382,-0.047748,0.012632,0.283019,-1.102986,2.426394,,,,,,
186691,,,,,,,,,0.247207,3.262171,,,3.807953,23.503626,0.249282,0.348877,,,,,,,,,,,,
186697,,,,,,,,,,,,,,,,,,,,0.281492,-1.101465,2.464476,,,,,,
186701,,,,,,,,,0.274675,3.914605,,,4.293097,24.132294,0.246466,0.344960,,,,,,,,,,,,
186706,,,,,,,,,,,,,,,,,,,,0.279748,-1.099871,2.499364,,,,,,
186711,,,,,,,,,0.329610,3.914605,,,5.245842,25.205797,0.238783,0.336381,,,,,,,,,,,,
186717,,,,,,,,,,,,,,,,,,,,0.278186,-1.098421,2.537408,,,,,,
186722,,,,,,,,,0.219740,2.609737,,,5.502937,24.475414,0.238005,0.345986,,,,,,,,,,,,
186727,,,,,,,,,,,,,,,,,,,,0.275611,-1.096489,2.569127,,,,,,
186731,,,,,,,,,0.604285,5.219473,,,8.441973,28.761757,0.209820,0.304567,,,,,,,,,,,,
186735,0.274116,-1.095525,2.576423,0.352614,-1.108561,2.551696,0.943469,3.364355,,,30.687172,45.994579,,,,,-0.073273,-0.031032,-0.024727,0.273417,-1.094775,2.609522,,,,,,
186741,,,,,,,,,0.384545,3.914605,,,9.281247,29.645571,0.367889,0.399112,,,,,,,,,,,,
186747,,,,,,,,,,,,,,,,,,,,0.270436,-1.092668,2.643820,,,,,,
186751,,,,,,,,,0.549350,3.914606,,,11.621042,31.478298,0.348304,0.383688,,,,,,,,,,,,
186757,,,,,,,,,,,,,,,,,,,,0.267208,-1.090645,2.677919,,,,,,
186762,,,,,,,,,0.357077,0.652434,,,16.312462,34.653984,0.304265,0.354200,,,,,,,,,,,,
186767,,,,,,,,,,,,,,,,,,,,0.263749,-1.088586,2.712110,,,,,,
186771,,,,,,,,,0.988829,1.304868,,,19.715279,35.692375,0.272431,0.345876,,,,,,,,,,,,
186777,,,,,,,,,,,,,,,,,,,,0.259415,-1.086501,2.748766,,,,,,
186781,,,,,,,,,0.631752,1.957303,,,22.033865,37.110622,0.250976,0.333470,,,,,,,,,,,,
186785,0.258336,-1.085963,2.742514,0.307583,-1.081665,2.645149,1.016318,2.379782,,,48.154598,53.697979,,,,,-0.043708,-0.023096,-0.097365,0.255040,-1.084315,2.779846,,,,,,
186791,,,,,,,,,0.604285,2.609737,,,23.440180,38.303936,0.416530,0.401650,,,,,,,,,,,,
186796,,,,,,,,,,,,,,,,,,,,0.249927,-1.082027,2.810653,,,,,,
186801,,,,,,,,,0.741622,1.957302,,,26.257084,40.397076,0.392740,0.383379,,,,,,,,,,,,
186807,,,,,,,,,,,,,,,,,,,,0.244812,-1.080093,2.835971,,,,,,
186810,,,,,,,,,0.796557,0.652434,,,29.716312,42.158241,0.361835,0.368075,,,,0.244812,-1.080093,2.835971,,,,,,
186816,,,,,,,,,,,,,,,,,,,,0.239038,-1.078120,2.863940,,,,,,
186823,,,,,,,,,0.521882,0.652434,,,29.904190,40.917370,0.363607,0.383040,,,,,,,,,,,,
186827,,,,,,,,,,,,,,,,,,,,0.233155,-1.076124,2.889065,,,,,,
186831,,,,,,,,,1.181102,-0.652433,,,37.141331,45.863277,0.293438,0.335148,,,,,,,,,,,,
186835,0.230706,-1.075012,2.874030,0.258411,-1.056639,2.687822,1.079951,1.358413,,,63.347195,57.015934,,,,,-0.021862,-0.025044,-0.186208,0.226825,-1.074157,2.908619,,,,,,
186841,,,,,,,,,0.851492,0.652435,,,39.418858,46.757504,0.427374,0.361437,,,,,,,,,,,,
186847,,,,,,,,,,,,,,,,,,,,0.219939,-1.072199,2.930851,,,,,,
186851,,,,,,,,,0.824024,0.000000,,,41.335171,48.054447,0.412614,0.350260,,,,,,,,,,,,
186856,,,,,,,,,,,,,,,,,,,,0.212661,-1.070373,2.950234,,,,,,
186861,,,,,,,,,0.933894,-1.304869,,,44.581184,49.145699,0.383907,0.340921,,,,,,,,,,,,
186866,,,,,,,,,,,,,,,,,,,,0.204838,-1.068663,2.964084,,,,,,
186871,,,,,,,,,0.933894,-1.304869,,,46.767838,50.063877,0.365356,0.333130,,,,,,,,,,,,
186876,,,,,,,,,,,,,,,,,,,,0.196916,-1.067173,2.972417,,,,,,
186882,,,,,,,,,0.494415,0.000000,,,44.795883,47.024628,0.388786,0.365521,,,,,,,,,,,,
186885,0.197747,-1.067297,2.964162,0.207454,-1.031822,2.680789,1.123069,0.352533,,,76.102806,56.829582,,,,,-0.003293,-0.036632,-0.283373,0.188970,-1.065860,2.975287,,,,,,
186891,,,,,,,,,1.373374,-2.609737,,,51.849373,52.091007,0.450658,0.313941,,,,,,,,,,,,
186896,,,,,,,,,,,,,,,,,,,,0.180410,-1.064504,2.972478,,,,,,
186901,,,,,,,,,0.988829,-1.304868,,,54.516918,53.086601,0.428299,0.304734,,,,,,,,,,,,
186907,,,,,,,,,,,,,,,,,,,,0.171333,-1.063110,2.969701,,,,,,
186911,,,,,,,,,0.961362,-1.957303,,,56.216850,53.379749,0.415277,0.302492,,,,,,,,,,,,
186917,,,,,,,,,,,,,,,,,,,,0.161978,-1.061657,2.958511,,,,,,
186923,,,,,,,,,0.659220,-2.609737,,,59.825344,50.359146,0.382448,0.333992,,,,,,,,,,,,
186926,,,,,,,,,,,,,,,,,,,,0.152730,-1.060445,2.939077,,,,,,
186931,,,,,,,,,1.318439,-2.609739,,,59.594273,54.352127,0.388060,0.294558,,,,,,,,,,,,
186935,0.151126,-1.059735,2.930247,0.157170,-1.005350,2.625154,1.139441,-0.630398,,,82.918228,56.027851,,,,,0.005500,-0.054443,-0.305093,0.143493,-1.059045,2.911323,,,,,,
186941,,,,,,,,,1.071232,-3.262170,,,61.578022,54.989109,0.440645,0.280379,,,,,,,,,,,,
186946,,,,,,,,,,,,,,,,,,,,0.133650,-1.057402,2.880757,,,,,,
186951,,,,,,,,,1.016297,-3.262172,,,63.791691,54.980522,0.422334,0.280674,,,,,,,,,,,,
186957,,,,,,,,,,,,,,,,,,,,0.123605,-1.055698,2.847161,,,,,,
186961,,,,,,,,,1.098699,-5.219474,,,66.198814,54.428753,0.401606,0.286511,,,,,,,,,,,,
186966,,,,,,,,,,,,,,,,,,,,0.113295,-1.053473,2.807822,,,,,,
186971,,,,,,,,,1.043764,-5.219473,,,68.768707,54.509037,0.378737,0.286012,,,,,,,,,,,,
186976,,,,,,,,,,,,,,,,,,,,0.103238,-1.050848,2.762871,,,,,,
186982,,,,,,,,,0.631752,-3.262170,,,65.485588,50.764786,0.415055,0.324507,,,,,,,,,,,,
186985,0.104719,-1.050828,2.763240,0.109957,-0.975506,2.522669,1.130104,-1.589969,,,89.022514,61.085159,,,,,0.022956,-0.071929,-0.240571,,,,,,,,,
186988,,,,,,,,,,,,,,,,,,,,0.093129,-1.048037,2.712096,,,,,,
186991,,,,,,,,,1.400841,-4.567040,,,70.891319,54.693436,0.425667,0.337072,,,,,,,,,,,,
186996,,,,,,,,,,,,,,,,,,,,0.082959,-1.044678,2.661026,,,,,,
187001,,,,,,,,,1.181102,-5.871908,,,73.261528,55.276283,0.405117,0.332406,,,,,,,,,,,,
187006,,,,,,,,,,,,,,,,,,,,0.072604,-1.040771,2.606542,,,,,,
187011,,,,,,,,,1.126167,-5.871908,,,75.255821,55.222149,0.387927,0.334120,,,,,,,,,,,,
187016,,,,,,,,,,,,,,,,,,,,0.062647,-1.036496,2.551876,,,,,,
187021,,,,,,,,,1.181102,-4.567039,,,76.933815,55.721142,0.373565,0.330203,,,,,,,,,,,,
187027,,,,,,,,,,,,,,,,,,,,0.052491,-1.031759,2.496652,,,,,,
187031,,,,,,,,,1.098699,-5.219474,,,78.345680,56.140995,0.361582,0.326993,,,,,,,,,,,,
187035,0.052848,-1.031113,2.497154,0.068006,-0.941043,2.377927,1.103091,-2.495022,,,92.384399,68.143509,,,,,0.041992,-0.081111,-0.119227,0.042279,-1.026675,2.434870,,,,,,
187043,,,,,,,,,0.741622,-3.262171,,,74.632736,53.227001,0.435880,0.429700,,,,,,,,,,,,
187046,,,,,,,,,,,,,,,,,,,,0.032220,-1.020771,2.381086,,,,,,
187051,,,,,,,,,1.455776,-3.262171,,,78.587730,57.854229,0.399090,0.385485,,,,,,,,,,,,
187056,,,,,,,,,,,,,,,,,,,,0.022902,-1.014676,2.327532,,,,,,
187061,,,,,,,,,1.290972,-3.262171,,,80.281830,59.569405,0.384569,0.370048,,,,,,,,,,,,
187068,,,,,,,,,,,,,,,,,,,,0.013741,-1.008103,2.272750,,,,,,
187071,,,,,,,,,1.236037,-4.567040,,,81.707245,61.012554,0.372451,0.357043,,,,,,,,,,,,
187077,,,,,,,,,,,,,,,,,,,,0.004894,-1.001082,2.217748,,,,,,
187082,,,,,,,,,0.714154,-2.609737,,,76.916611,57.325932,0.423450,0.396073,,,,,,,,,,,,
187085,0.006667,-1.001624,2.230266,0.033170,-0.901405,2.200601,1.070690,-3.262368,,,95.576851,73.619156,,,,,0.062966,-0.082350,-0.029665,-0.003883,-0.993284,2.164786,,,,,,
187091,,,,,,,,,1.565646,-3.262170,,,81.598465,61.847610,0.411352,0.407967,,,,,,,,,,,,
187096,,,,,,,,,,,,,,,,,,,,-0.011843,-0.985627,2.117676,,,,,,
187101,,,,,,,,,1.290972,-3.262171,,,82.815063,63.473980,0.401738,0.393732,,,,,,,,,,,,
187107,,,,,,,,,,,,,,,,,,,,-0.020189,-0.977268,2.066475,,,,,,
187111,,,,,,,,,1.263504,-3.914606,,,83.838707,64.842407,0.393850,0.381803,,,,,,,,,,,,
187117,,,,,,,,,,,,,,,,,,,,-0.027674,-0.968293,2.014522,,,,,,
187121,,,,,,,,,1.263504,-3.914606,,,84.700005,65.449257,0.387412,0.377369,,,,,,,,,,,,
187127,,,,,,,,,,,,,,,,,,,,-0.034925,-0.959113,1.964981,,,,,,
187131,,,,,,,,,1.345906,-3.262171,,,85.424698,66.504402,0.382196,0.368240,,,,,,,,,,,,
187135,-0.034485,-0.957928,1.973609,0.006862,-0.856819,2.005006,1.044701,-3.781378,,,97.059204,76.668556,,,,,0.076808,-0.077673,0.031397,-0.041958,-0.949550,1.918080,,,,,,
187143,,,,,,,,,0.796557,-1.957302,,,81.133560,63.580399,0.443116,0.430592,,,,,,,,,,,,
187147,,,,,,,,,,,,,,,,,,,,-0.048555,-0.939493,1.873692,,,,,,
187151,,,,,,,,,1.538179,-2.609734,,,84.602066,67.654663,0.410922,0.391652,,,,,,,,,,,,
187157,,,,,,,,,,,,,,,,,,,,-0.054517,-0.929177,1.825264,,,,,,
187161,,,,,,,,,1.373374,-3.914605,,,85.886833,68.360031,0.400309,0.386260,,,,,,,,,,,,
187167,,,,,,,,,,,,,,,,,,,,-0.059957,-0.918559,1.779413,,,,,,
187171,,,,,,,,,1.236037,-3.262171,,,86.423294,68.953529,0.397071,0.381868,,,,,,,,,,,,
187177,,,,,,,,,,,,,,,,,,,,-0.065408,-0.907589,1.736254,,,,,,
187181,,,,,,,,,1.318439,-2.609739,,,86.874672,69.997444,0.394594,0.372763,,,,,,,,,,,,
187185,-0.064605,-0.906579,1.745278,-0.010024,-0.808228,1.805948,1.031671,-3.991328,,,98.617928,79.256599,,,,,0.087383,-0.070826,0.060669,-0.070520,-0.896093,1.688476,,,,,,
187191,,,,,,,,,1.290972,-3.262171,,,87.254463,69.786705,0.408656,0.402645,,,,,,,,,,,,
187197,,,,,,,,,,,,,,,,,,,,-0.074704,-0.884295,1.647166,,,,,,
187202,,,,,,,,,0.769089,-2.609737,,,82.128586,65.797585,0.463213,0.445228,,,,,,,,,,,,
187207,,,,,,,,,,,,,,,,,,,,-0.078397,-0.872641,1.605176,,,,,,
187211,,,,,,,,,1.730451,-3.262171,,,87.072906,70.609291,0.416079,0.398840,,,,,,,,,,,,
187217,,,,,,,,,,,,,,,,,,,,-0.081546,-0.860993,1.559149,,,,,,
187221,,,,,,,,,1.318439,-2.609739,,,87.965797,71.390594,0.409280,0.392600,,,,,,,,,,,,
187227,,,,,,,,,,,,,,,,,,,,-0.084252,-0.849518,1.513225,,,,,,
187231,,,,,,,,,1.373374,-2.609737,,,88.717079,72.592529,0.403748,0.381914,,,,,,,,,,,,
187235,-0.083191,-0.848574,1.521810,-0.017142,-0.757077,1.614315,1.031212,-3.934575,,,99.133522,82.441170,,,,,0.094621,-0.061489,0.092505,-0.086172,-0.837794,1.471701,,,,,,
187243,,,,,,,,,0.906427,-3.262171,,,84.992859,69.247490,0.448974,0.449849,,,,,,,,,,,,
187247,,,,,,,,,,,,,,,,,,,,-0.088172,-0.824870,1.430955,,,,,,
187251,,,,,,,,,1.510712,-1.957302,,,87.304733,71.878410,0.428221,0.425652,,,,,,,,,,,,
187257,,,,,,,,,,,,,,,,,,,,-0.089511,-0.811991,1.383641,,,,,,
187261,,,,,,,,,1.345906,-3.262171,,,88.160858,73.002975,0.421854,0.416294,,,,,,,,,,,,
187267,,,,,,,,,,,,,,,,,,,,-0.090006,-0.799456,1.340976,,,,,,
187271,,,,,,,,,1.483244,-2.609737,,,89.970291,74.493729,0.405593,0.402976,,,,,,,,,,,,
187277,,,,,,,,,,,,,,,,,,,,-0.090073,-0.787025,1.298990,,,,,,
187281,,,,,,,,,1.373374,-2.609737,,,90.403656,75.203506,0.403005,0.397326,,,,,,,,,,,,
187285,-0.088802,-0.786470,1.306803,-0.014700,-0.705027,1.436469,1.038534,-3.710558,,,98.261650,85.566101,,,,,0.097957,-0.050283,0.129666,-0.089865,-0.774271,1.254198,,,,,,
187291,,,,,,,,,1.290972,-3.262171,,,90.223747,75.256172,0.397693,0.430110,,,,,,,,,,,,
187297,,,,,,,,,,,,,,,,,,,,-0.088782,-0.761330,1.206558,,,,,,
187302,,,,,,,,,1.016297,3.262172,,,84.626938,74.755943,0.456388,0.437275,,,,,,,,,,,,
187306,,,,,,,,,,,,,,,,,,,,-0.087353,-0.748716,1.166703,,,,,,
187311,,,,,,,,,1.455776,-7.176775,,,88.630478,74.335052,0.418279,0.443730,,,,,,,,,,,,
187317,,,,,,,,,,,,,,,,,,,,-0.085538,-0.736073,1.120694,,,,,,
187321,,,,,,,,,1.483244,-2.609737,,,89.820885,76.159081,0.408063,0.427371,,,,,,,,,,,,
187327,,,,,,,,,,,,,,,,,,,,-0.083065,-0.723770,1.081864,,,,,,
187331,,,,,,,,,1.428309,-2.609736,,,90.822487,77.149277,0.399535,0.419152,,,,,,,,,,,,
187335,-0.081572,-0.723373,1.089861,-0.003420,-0.653617,1.276819,1.048656,-3.389546,,,95.337624,88.583313,,,,,0.097997,-0.037017,0.186958,-0.079946,-0.710986,1.039913,,,,,,
187343,,,,,,,,,0.906427,-0.652435,,,86.219803,73.626083,0.418145,0.487548,,,,,,,,,,,,
187347,,,,,,,,,,,,,,,,,,,,-0.076458,-0.698440,1.001966,,,,,,
187351,,,,,,,,,1.593114,0.000000,,,87.792542,77.196182,0.403926,0.454124,,,,,,,,,,,,
187357,,,,,,,,,,,,,,,,,,,,-0.072140,-0.685725,0.961071,,,,,,
187361,,,,,,,,,1.428309,-1.304868,,,88.026756,79.110985,0.403046,0.436871,,,,,,,,,,,,
187366,,,,,,,,,,,,,,,,,,,,-0.067239,-0.673421,0.920771,,,,,,
187371,,,,,,,,,1.373374,-1.304869,,,89.312912,79.633011,0.391390,0.433440,,,,,,,,,,,,
187376,,,,,,,,,,,,,,,,,,,,-0.062052,-0.661257,0.883816,,,,,,
187381,,,,,,,,,1.400841,-0.652435,,,89.306000,80.616783,0.392665,0.425196,,,,,,,,,,,,
187385,-0.060820,-0.661339,0.898431,0.015518,-0.603977,1.140413,1.058772,-2.979835,,,90.470337,90.008614,,,,,0.092424,-0.023996,0.241982,-0.056490,-0.649423,0.853572,,,,,,
187391,,,,,,,,,1.428309,-1.304868,,,89.844719,81.444534,0.338730,0.432884,,,,,,,,,,,,
187396,,,,,,,,,,,,,,,,,,,,-0.050235,-0.637813,0.816986,,,,,,
187402,,,,,,,,,0.906427,-0.652435,,,84.852570,77.240112,0.389775,0.477482,,,,,,,,,,,,
187407,,,,,,,,,,,,,,,,,,,,-0.043337,-0.625860,0.784004,,,,,,
187411,,,,,,,,,1.702984,-1.304869,,,88.820320,81.326118,0.350428,0.438359,,,,,,,,,,,,
187416,,,,,,,,,,,,,,,,,,,,-0.036009,-0.614671,0.757066,,,,,,
187421,,,,,,,,,1.400841,0.652435,,,88.346985,82.585907,0.355586,0.427245,,,,,,,,,,,,
187427,,,,,,,,,,,,,,,,,,,,-0.028321,-0.604107,0.736156,,,,,,
187431,,,,,,,,,1.455776,-0.652433,,,88.493263,83.101349,0.354519,0.423472,,,,,,,,,,,,
187435,-0.027122,-0.604230,0.747093,0.040563,-0.556635,1.033569,1.067865,-2.454869,,,84.202217,89.965645,,,,,0.082000,-0.011073,0.286476,-0.020313,-0.593747,0.718428,,,,,,
187441,,,,,,,,,1.318439,0.000000,,,88.071800,83.535042,0.295278,0.419992,,,,,,,,,,,,
187447,,,,,,,,,,,,,,,,,,,,-0.011723,-0.583099,0.700732,,,,,,
187451,,,,,,,,,1.400841,-0.652435,,,87.717178,83.899956,0.298121,0.417556,,,,,,,,,,,,
187457,,,,,,,,,,,,,,,,,,,,-0.002724,-0.572930,0.685974,,,,,,
187462,,,,,,,,,1.236036,0.652434,,,85.240631,82.573364,0.322679,0.432300,,,,,,,,,,,,
187467,,,,,,,,,,,,,,,,,,,,0.006620,-0.563247,0.677216,,,,,,
187471,,,,,,,,,1.181102,0.652433,,,84.245949,82.001709,0.332617,0.439610,,,,,,,,,,,,
187477,,,,,,,,,,,,,,,,,,,,0.016231,-0.553868,0.671352,,,,,,
187481,,,,,,,,,1.373374,1.304869,,,83.953568,83.154350,0.335591,0.429445,,,,,,,,,,,,
187485,0.016734,-0.554086,0.683210,0.069890,-0.511473,0.962701,1.075036,-1.796908,,,79.115623,88.370300,,,,,0.068126,-0.000508,0.279491,,,,,,,,,
187488,,,,,,,,,,,,,,,,,,,,0.026181,-0.544794,0.671302,,,,,,
187491,,,,,,,,,1.400841,0.652435,,,84.252098,83.579643,0.280712,0.410197,,,,,,,,,,,,
187497,,,,,,,,,,,,,,,,,,,,0.036737,-0.535928,0.677166,,,,,,
187503,,,,,,,,,0.824024,0.000000,,,79.057854,79.036591,0.332666,0.457494,,,,,,,,,,,,
187506,,,,,,,,,,,,,,,,,,,,0.047170,-0.527456,0.689002,,,,,,
187511,,,,,,,,,1.593114,1.304868,,,81.766479,82.837669,0.305050,0.420590,,,,,,,,,,,,
187517,,,,,,,,,,,,,,,,,,,,0.057569,-0.518758,0.697837,,,,,,
187521,,,,,,,,,1.345907,1.957305,,,81.322800,83.857727,0.309045,0.411292,,,,,,,,,,,,
187527,,,,,,,,,,,,,,,,,,,,0.067905,-0.509550,0.709583,,,,,,
187531,,,,,,,,,1.400841,1.957302,,,81.494034,85.260544,0.306857,0.397886,,,,,,,,,,,,
187535,0.068004,-0.509382,0.715579,0.101501,-0.467811,0.932653,1.078588,-1.021290,,,75.802872,85.418083,,,,,0.052554,0.009399,0.217074,0.078548,-0.500256,0.727121,,,,,,
187541,,,,,,,,,1.373374,1.304869,,,81.093559,85.896332,0.276676,0.361910,,,,,,,,,,,,
187547,,,,,,,,,,,,,,,,,,,,0.088613,-0.491206,0.747939,,,,,,
187551,,,,,,,,,1.290972,3.262171,,,80.212059,86.431290,0.284609,0.356358,,,,,,,,,,,,
187556,,,,,,,,,,,,,,,,,,,,0.098659,-0.481791,0.768830,,,,,,
187562,,,,,,,,,1.016297,7.176775,,,74.569481,80.891426,0.341282,0.412662,,,,,,,,,,,,
187567,,,,,,,,,,,,,,,,,,,,0.108511,-0.472231,0.792873,,,,,,
187571,,,,,,,,,1.455776,-1.957302,,,77.989960,86.031960,0.306640,0.361134,,,,,,,,,,,,
187577,,,,,,,,,,,,,,,,,,,,0.117943,-0.462552,0.816933,,,,,,
187581,,,,,,,,,1.373374,0.000000,,,78.689781,86.545403,0.299064,0.355774,,,,,,,,,,,,
187585,0.118072,-0.462667,0.808436,0.133344,-0.424620,0.945543,1.076676,-0.173391,,,72.916832,81.815163,,,,,0.038063,0.015231,0.137107,0.127285,-0.453035,0.844099,,,,,,
187591,,,,,,,,,1.318439,2.609739,,,78.734062,86.977417,0.268597,0.314392,,,,,,,,,,,,
187597,,,,,,,,,,,,,,,,,,,,0.136348,-0.443075,0.865435,,,,,,
187601,,,,,,,,,1.263504,2.609736,,,77.682236,86.796364,0.278163,0.315206,,,,,,,,,,,,
187606,,,,,,,,,,,,,,,,,,,,0.145140,-0.433044,0.883878,,,,,,
187611,,,,,,,,,1.345907,1.957305,,,77.341774,86.644028,0.280682,0.315764,,,,,,,,,,,,
187616,,,,,,,,,,,,,,,,,,,,0.154014,-0.422599,0.908321,,,,,,
187622,,,,,,,,,0.686687,0.652435,,,72.154419,80.525879,0.332708,0.377203,,,,,,,,,,,,
187627,,,,,,,,,,,,,,,,,,,,0.162621,-0.411968,0.923553,,,,,,
187631,,,,,,,,,1.593114,2.609737,,,75.413383,84.635300,0.299619,0.335545,,,,,,,,,,,,
187635,0.163180,-0.411103,0.924835,0.163408,-0.380799,1.000201,1.068803,0.685140,,,68.806351,78.103386,,,,,0.024335,0.018060,0.075366,0.170889,-0.401184,0.945237,,,,,,
187641,,,,,,,,,1.290972,0.652435,,,75.977303,84.281166,0.251441,0.300733,,,,,,,,,,,,
187647,,,,,,,,,,,,,,,,,,,,0.178955,-0.390364,0.960629,,,,,,
187651,,,,,,,,,1.290972,0.652435,,,75.907242,83.983200,0.250721,0.302537,,,,,,,,,,,,
187656,,,,,,,,,,,,,,,,,,,,0.186554,-0.379356,0.976241,,,,,,
187662,,,,,,,,,0.714154,1.304868,,,70.947403,78.287056,0.299892,0.359462,,,,,,,,,,,,
187667,,,,,,,,,,,,,,,,,,,,0.193816,-0.368584,0.985554,,,,,,
187671,,,,,,,,,1.510712,1.957302,,,73.853256,81.662476,0.269824,0.324996,,,,,,,,,,,,
187676,,,,,,,,,,,,,,,,,,,,0.200949,-0.357557,0.998119,,,,,,
187681,,,,,,,,,1.290972,0.652435,,,74.120071,81.235291,0.266093,0.328641,,,,,,,,,,,,
187685,0.200956,-0.357663,0.994710,0.189838,-0.335442,1.091992,1.056741,1.485642,,,61.764168,76.779037,,,,,0.012578,0.021428,0.097282,0.207971,-0.346441,1.007581,,,,,,
187691,,,,,,,,,1.181102,0.652433,,,74.344566,80.875854,0.190910,0.318172,,,,,,,,,,,,
187697,,,,,,,,,,,,,,,,,,,,0.214829,-0.335324,1.023340,,,,,,
187701,,,,,,,,,1.181102,1.957302,,,73.444374,80.573425,0.197576,0.320438,,,,,,,,,,,,
187707,,,,,,,,,,,,,,,,,,,,0.221503,-0.324229,1.036057,,,,,,
187711,,,,,,,,,1.153634,3.914605,,,71.597862,80.318962,0.214074,0.322275,,,,,,,,,,,,
187716,,,,,,,,,,,,,,,,,,,,0.227926,-0.313424,1.048951,,,,,,
187723,,,,,,,,,0.906427,5.871908,,,71.677841,79.560310,0.211292,0.329305,,,,,,,,,,,,
187727,,,,,,,,,,,,,,,,,,,,0.234341,-0.302126,1.071454,,,,,,
187731,,,,,,,,,1.236037,-1.957302,,,68.477875,77.832901,0.241949,0.346368,,,,,,,,,,,,
187735,0.234516,-0.302539,1.056819,0.211024,-0.288048,1.213159,1.044069,2.159765,,,53.488602,76.029617,,,,,0.001069,0.027581,0.156340,0.240474,-0.290866,1.097701,,,,,,
187741,,,,,,,,,1.153634,2.609736,,,67.963593,78.557632,0.161441,0.331121,,,,,,,,,,,,
187747,,,,,,,,,,,,,,,,,,,,0.245676,-0.280668,1.120326,,,,,,
187751,,,,,,,,,1.126167,4.567039,,,66.441795,78.622871,0.174068,0.329950,,,,,,,,,,,,
187757,,,,,,,,,,,,,,,,,,,,0.250796,-0.270544,1.153192,,,,,,
187761,,,,,,,,,1.098699,3.914604,,,65.161354,78.677765,0.184538,0.328871,,,,,,,,,,,,
187767,,,,,,,,,,,,,,,,,,,,0.255481,-0.260359,1.186333,,,,,,
187771,,,,,,,,,1.071232,3.262170,,,64.083992,78.723953,0.193193,0.327871,,,,,,,,,,,,
187777,,,,,,,,,,,,,,,,,,,,0.259918,-0.249939,1.226816,,,,,,
187782,,,,,,,,,0.631752,3.262170,,,58.821152,73.861931,0.244754,0.376924,,,,,,,,,,,,
187785,0.258896,-0.251946,1.226236,0.225693,-0.238617,1.353993,1.034566,2.653946,,,52.778351,76.236740,,,,,0.001330,0.035754,0.127757,0.263890,-0.239380,1.267749,,,,,,
187791,,,,,,,,,1.483244,3.914604,,,62.016602,77.939171,0.203850,0.337883,,,,,,,,,,,,
187797,,,,,,,,,,,,,,,,,,,,0.267674,-0.228929,1.316508,,,,,,
187801,,,,,,,,,1.043764,5.219473,,,60.893452,78.647049,0.213458,0.330322,,,,,,,,,,,,
187807,,,,,,,,,,,,,,,,,,,,0.270846,-0.218462,1.362507,,,,,,
187811,,,,,,,,,1.098699,3.914604,,,59.948433,78.698112,0.221474,0.329319,,,,,,,,,,,,
187817,,,,,,,,,,,,,,,,,,,,0.273437,-0.208216,1.412963,,,,,,
187823,,,,,,,,,0.659220,3.914604,,,55.886036,74.384727,0.261477,0.372823,,,,,,,,,,,,
187827,,,,,,,,,,,,,,,,,,,,0.275206,-0.198134,1.460617,,,,,,
187831,,,,,,,,,1.373374,3.914605,,,59.002453,77.834511,0.229068,0.338006,,,,,,,,,,,,
187835,0.275228,-0.197057,1.457360,0.232980,-0.187622,1.504483,1.030627,2.945649,,,55.650311,75.618347,,,,,0.004593,0.043045,0.047122,0.276915,-0.188053,1.513357,,,,,,
187840,,,,,,,,,1.071232,4.567039,,,58.357346,78.014442,0.263697,0.329543,,,,0.276915,-0.188053,1.513357,,,,,,
187844,,,,,,,,,,,,,,,,,,,,0.276915,-0.188053,1.513357,,,,,,
187847,,,,,,,,,,,,,,,,,,,,0.278352,-0.177904,1.559440,,,,,,
187851,,,,,,,,,1.043764,3.914604,,,57.814552,77.621292,0.268692,0.333074,,,,,,,,,,,,
187856,,,,,,,,,,,,,,,,,,,,0.279112,-0.167849,1.611074,,,,,,
187861,,,,,,,,,1.126167,4.567039,,,57.357849,77.835037,0.272918,0.330494,,,,,,,,,,,,
187867,,,,,,,,,,,,,,,,,,,,0.279355,-0.157880,1.661048,,,,,,
187871,,,,,,,,,1.043764,3.914604,,,57.518120,78.014885,0.270941,0.328216,,,,,,,,,,,,
187877,,,,,,,,,,,,,,,,,,,,0.279244,-0.148318,1.702655,,,,,,
187882,,,,,,,,,0.851492,-3.262170,,,58.197517,72.720779,0.263638,0.381736,,,,,,,,,,,,
187885,0.279487,-0.148881,1.668393,0.232485,-0.135868,1.655400,1.032777,3.043202,,,61.147934,77.799477,,,,,0.017531,0.045510,-0.012993,0.278751,-0.139069,1.743400,,,,,,
187891,,,,,,,,,1.263504,9.134077,,,57.135532,76.979004,0.330037,0.361129,,,,,,,,,,,,
187897,,,,,,,,,,,,,,,,,,,,0.277851,-0.129505,1.786655,,,,,,
187901,,,,,,,,,1.043764,3.914604,,,57.331066,77.294617,0.328845,0.358074,,,,,,,,,,,,
187907,,,,,,,,,,,,,,,,,,,,0.276192,-0.118496,1.821669,,,,,,
187911,,,,,,,,,1.098699,1.304869,,,58.040131,76.471085,0.322376,0.366575,,,,,,,,,,,,
187917,,,,,,,,,,,,,,,,,,,,0.274462,-0.108093,1.860017,,,,,,
187923,,,,,,,,,0.714154,2.609737,,,55.369476,72.510910,0.350238,0.407235,,,,,,,,,,,,
187927,,,,,,,,,,,,,,,,,,,,0.271925,-0.097289,1.890862,,,,,,
187931,,,,,,,,,1.400841,0.652435,,,60.201450,75.168793,0.302107,0.381182,,,,,,,,,,,,
187935,0.271805,-0.095789,1.874933,0.224306,-0.084267,1.798304,1.040273,2.965572,,,65.942383,77.894897,,,,,0.025217,0.041869,-0.076629,0.269219,-0.087312,1.921458,,,,,,
187941,,,,,,,,,1.181102,1.957302,,,60.999813,75.771507,0.343057,0.376534,,,,,,,,,,,,
187946,,,,,,,,,,,,,,,,,,,,0.266165,-0.077074,1.955068,,,,,,
187951,,,,,,,,,1.098699,2.609736,,,61.671555,75.734085,0.337193,0.377340,,,,,,,,,,,,
187957,,,,,,,,,,,,,,,,,,,,0.262538,-0.066422,1.984820,,,,,,
187961,,,,,,,,,1.181102,3.262171,,,62.236759,76.247139,0.332283,0.372539,,,,,,,,,,,,
187966,,,,,,,,,,,,,,,,,,,,0.258668,-0.055948,2.014472,,,,,,
187971,,,,,,,,,1.153634,1.304868,,,62.712322,76.678825,0.328173,0.368466,,,,,,,,,,,,
187977,,,,,,,,,,,,,,,,,,,,0.254382,-0.045733,2.037389,,,,,,
187982,,,,,,,,,0.659220,1.304869,,,59.300659,71.596619,0.363618,0.420547,,,,,,,,,,,,
187985,0.254911,-0.047329,2.029231,0.209041,-0.033614,1.925057,1.051868,2.723463,,,70.258926,78.848480,,,,,0.032599,0.035064,-0.104173,,,,,,,,,
187988,,,,,,,,,,,,,,,,,,,,0.249451,-0.035528,2.060131,,,,,,
187991,,,,,,,,,1.593114,1.304868,,,65.142776,76.033142,0.349385,0.386281,,,,,,,,,,,,
187997,,,,,,,,,,,,,,,,,,,,0.244316,-0.025553,2.079417,,,,,,
188001,,,,,,,,,1.181102,1.957302,,,65.701988,76.498772,0.344705,0.382095,,,,,,,,,,,,
188007,,,,,,,,,,,,,,,,,,,,0.238980,-0.015197,2.101863,,,,,,
188011,,,,,,,,,1.236036,0.652434,,,66.717049,76.890549,0.335262,0.378568,,,,,,,,,,,,
188017,,,,,,,,,,,,,,,,,,,,0.233094,-0.004683,2.120912,,,,,,
188021,,,,,,,,,1.181102,1.957302,,,67.571121,77.220192,0.327259,0.375598,,,,,,,,,,,,
188027,,,,,,,,,,,,,,,,,,,,0.227068,0.005566,2.139860,,,,,,
188031,,,,,,,,,1.236036,0.652434,,,68.289742,78.042099,0.320467,0.367540,,,,,,,,,,,,
188035,0.227006,0.005725,2.133314,0.187761,0.015609,2.027807,1.065895,2.320224,,,71.455368,77.516792,,,,,0.029291,0.027927,-0.105507,0.220664,0.015605,2.158743,,,,,,
188043,,,,,,,,,0.961362,-4.567040,,,69.438927,73.288216,0.321343,0.402608,,,,,,,,,,,,
188046,,,,,,,,,,,,,,,,,,,,0.214185,0.025761,2.174435,,,,,,
188051,,,,,,,,,1.318439,6.524342,,,68.227684,76.911903,0.334101,0.366492,,,,,,,,,,,,
188056,,,,,,,,,,,,,,,,,,,,0.207116,0.035978,2.189928,,,,,,
188061,,,,,,,,,1.181102,0.652433,,,68.842171,77.238159,0.328479,0.363285,,,,,,,,,,,,
188067,,,,,,,,,,,,,,,,,,,,0.199998,0.045931,2.208514,,,,,,
188071,,,,,,,,,1.236037,3.262171,,,69.359200,78.057213,0.323727,0.354986,,,,,,,,,,,,
188077,,,,,,,,,,,,,,,,,,,,0.192593,0.055687,2.220934,,,,,,
188082,,,,,,,,,0.961362,4.567040,,,65.982422,77.657280,0.358590,0.358957,,,,,,,,,,,,
188086,0.192989,0.054667,2.232732,0.161942,0.063344,2.099642,1.079876,1.766474,,,73.737389,74.637459,,,,,0.025927,0.019157,-0.133090,0.185162,0.065294,2.230231,,,,,,
188091,,,,,,,,,1.263504,-3.914606,,,69.675728,76.231689,0.345289,0.344101,,,,,,,,,,,,
188097,,,,,,,,,,,,,,,,,,,,0.177549,0.075291,2.242539,,,,,,
188101,,,,,,,,,1.263504,0.000000,,,70.605095,76.665825,0.336622,0.339354,,,,,,,,,,,,
188107,,,,,,,,,,,,,,,,,,,,0.169564,0.085271,2.251714,,,,,,
188111,,,,,,,,,1.263504,0.000000,,,71.931610,77.031105,0.323718,0.335223,,,,,,,,,,,,
188117,,,,,,,,,,,,,,,,,,,,0.161645,0.094923,2.257837,,,,,,
188121,,,,,,,,,1.263504,1.304869,,,73.047737,77.338455,0.312695,0.331609,,,,,,,,,,,,
188127,,,,,,,,,,,,,,,,,,,,0.153617,0.104443,2.257801,,,,,,
188131,,,,,,,,,1.236036,-0.652434,,,73.986847,77.597061,0.303254,0.328431,,,,,,,,,,,,
188135,0.153781,0.104394,2.252964,0.133380,0.109942,2.135378,1.090498,1.089495,,,73.474480,71.553871,,,,,0.017169,0.012338,-0.117586,0.145555,0.113783,2.263992,,,,,,
188143,,,,,,,,,0.824024,0.000000,,,70.420670,73.458305,0.336897,0.338602,,,,,,,,,,,,
188146,,,,,,,,,,,,,,,,,,,,0.137116,0.123433,2.260815,,,,,,
188151,,,,,,,,,1.400841,0.652435,,,72.865524,75.965935,0.312570,0.312643,,,,,,,,,,,,
188157,,,,,,,,,,,,,,,,,,,,0.129003,0.132780,2.260936,,,,,,
188161,,,,,,,,,1.236036,-0.652434,,,73.833534,75.897675,0.302819,0.312457,,,,,,,,,,,,
188166,,,,,,,,,,,,,,,,,,,,0.120902,0.142127,2.254846,,,,,,
188171,,,,,,,,,1.263504,-1.304869,,,74.648018,75.295700,0.294439,0.317728,,,,,,,,,,,,
188177,,,,,,,,,,,,,,,,,,,,0.112750,0.151537,2.251782,,,,,,
188181,,,,,,,,,1.236036,-0.652434,,,75.333328,75.333740,0.287214,0.316592,,,,,,,,,,,,
188185,0.112979,0.151651,2.249156,0.104063,0.156062,2.132028,1.094497,0.329917,,,73.575134,67.378502,,,,,0.009029,0.004174,-0.117127,0.104691,0.160868,2.248681,,,,,,
188191,,,,,,,,,1.208569,0.000000,,,75.909943,75.365746,0.281988,0.272921,,,,,,,,,,,,
188197,,,,,,,,,,,,,,,,,,,,0.096714,0.170180,2.245705,,,,,,
188202,,,,,,,,,0.878959,3.914604,,,70.949677,69.947250,0.332115,0.326592,,,,,,,,,,,,
188207,,,,,,,,,,,,,,,,,,,,0.088696,0.179533,2.239567,,,,,,
188211,,,,,,,,,1.263504,-6.524341,,,74.944260,73.011734,0.291896,0.294820,,,,,,,,,,,,
188217,,,,,,,,,,,,,,,,,,,,0.080606,0.189164,2.230156,,,,,,
188221,,,,,,,,,1.208569,-1.304866,,,75.038040,72.867470,0.290665,0.295165,,,,,,,,,,,,
188226,,,,,,,,,,,,,,,,,,,,0.072407,0.199014,2.220777,,,,,,
188231,,,,,,,,,1.153634,-1.304868,,,75.116943,72.201546,0.289568,0.300860,,,,,,,,,,,,
188235,0.072887,0.198897,2.217698,0.076045,0.202484,2.089002,1.090060,-0.465941,,,73.558868,62.111095,,,,,0.000959,-0.004682,-0.128695,0.064107,0.208949,2.208239,,,,,,
188243,,,,,,,,,1.043764,6.524342,,,71.371536,73.819405,0.327297,0.229666,,,,,,,,,,,,
188247,,,,,,,,,,,,,,,,,,,,0.056057,0.218833,2.198496,,,,,,
188251,,,,,,,,,1.153634,-5.219473,,,73.665581,71.368874,0.304335,0.252319,,,,,,,,,,,,
188256,,,,,,,,,,,,,,,,,,,,0.048484,0.228497,2.182764,,,,,,
188261,,,,,,,,,1.181102,-3.262171,,,75.051247,70.396080,0.290180,0.260390,,,,,,,,,,,,
188267,,,,,,,,,,,,,,,,,,,,0.040870,0.238302,2.160653,,,,,,
188271,,,,,,,,,1.153634,-2.609736,,,75.672600,69.577576,0.283544,0.267082,,,,,,,,,,,,
188277,,,,,,,,,,,,,,,,,,,,0.033645,0.247850,2.141695,,,,,,
188281,,,,,,,,,1.153634,-2.609736,,,75.650864,68.888885,0.283343,0.272613,,,,,,,,,,,,
188285,0.034261,0.247774,2.137144,0.051310,0.249887,2.008288,1.077868,-1.248523,,,72.659508,56.814251,,,,,-0.007365,-0.015521,-0.128857,0.026201,0.257803,2.115639,,,,,,
188291,,,,,,,,,1.071232,-1.957303,,,75.632576,67.764877,0.273937,0.228695,,,,,,,,,,,,
188297,,,,,,,,,,,,,,,,,,,,0.019394,0.267748,2.086948,,,,,,
188302,,,,,,,,,0.961362,4.567040,,,71.260841,67.908226,0.317934,0.225043,,,,,,,,,,,,
188307,,,,,,,,,,,,,,,,,,,,0.012849,0.277966,2.057644,,,,,,
188311,,,,,,,,,1.153634,-9.134078,,,74.661530,65.306122,0.283527,0.249365,,,,,,,,,,,,
188317,,,,,,,,,,,,,,,,,,,,0.006765,0.288460,2.028436,,,,,,
188321,,,,,,,,,1.098699,-2.609736,,,75.344696,64.205795,0.276158,0.258890,,,,,,,,,,,,
188327,,,,,,,,,,,,,,,,,,,,0.000717,0.298982,1.991455,,,,,,
188331,,,,,,,,,1.071232,-3.262170,,,75.374969,63.824524,0.275312,0.261301,,,,,,,,,,,,
188335,0.001431,0.298659,1.990013,0.031645,0.298659,1.894558,1.061035,-1.964336,,,71.378036,53.729954,,,,,-0.012298,-0.027598,-0.095455,-0.004634,0.309128,1.957875,,,,,,
188343,,,,,,,,,0.961362,3.262171,,,71.588638,59.691921,0.300319,0.270591,,,,,,,,,,,,
188347,,,,,,,,,,,,,,,,,,,,-0.009544,0.319187,1.920802,,,,,,
188351,,,,,,,,,1.126167,-7.176778,,,74.392792,62.749268,0.271674,0.238214,,,,,,,,,,,,
188357,,,,,,,,,,,,,,,,,,,,-0.014009,0.329284,1.886977,,,,,,
188361,,,,,,,,,1.071232,-4.567039,,,74.574036,62.054459,0.269223,0.243497,,,,,,,,,,,,
188367,,,,,,,,,,,,,,,,,,,,-0.018259,0.339375,1.849273,,,,,,
188371,,,,,,,,,1.043764,-3.914604,,,74.726532,60.925304,0.267028,0.253350,,,,,,,,,,,,
188376,,,,,,,,,,,,,,,,,,,,-0.021987,0.349266,1.814375,,,,,,
188381,,,,,,,,,1.043764,-2.609737,,,74.854843,60.519779,0.265050,0.256047,,,,,,,,,,,,
188385,-0.021526,0.349132,1.818180,0.018538,0.348764,1.754750,1.043890,-2.561305,,,71.719704,52.784866,,,,,-0.010168,-0.038754,-0.063430,-0.025045,0.359529,1.779182,,,,,,
188391,,,,,,,,,1.043764,-3.914604,,,74.418266,59.634026,0.272292,0.254084,,,,,,,,,,,,
188396,,,,,,,,,,,,,,,,,,,,-0.027775,0.369539,1.747120,,,,,,
188402,,,,,,,,,0.604285,-1.304869,,,69.694580,55.621494,0.319934,0.293642,,,,,,,,,,,,
188406,,,,,,,,,,,,,,,,,,,,-0.030397,0.379953,1.710672,,,,,,
188411,,,,,,,,,1.345907,-1.957305,,,72.799133,59.324409,0.288673,0.255305,,,,,,,,,,,,
188417,,,,,,,,,,,,,,,,,,,,-0.032523,0.390081,1.673812,,,,,,
188421,,,,,,,,,1.126167,-4.567039,,,73.777672,59.172787,0.278476,0.255543,,,,,,,,,,,,
188426,,,,,,,,,,,,,,,,,,,,-0.034337,0.400262,1.639693,,,,,,
188431,,,,,,,,,1.016297,-3.262172,,,74.056473,58.500668,0.275220,0.261121,,,,,,,,,,,,
188435,-0.033962,0.400178,1.640998,0.013102,0.399712,1.596878,1.030265,-3.003799,,,73.371277,53.168083,,,,,-0.003766,-0.046915,-0.044119,-0.035608,0.410289,1.602139,,,,,,
188443,,,,,,,,,0.714154,-2.609737,,,70.479256,55.212429,0.328087,0.297427,,,,,,,,,,,,
188447,,,,,,,,,,,,,,,,,,,,-0.036931,0.420320,1.563425,,,,,,
188451,,,,,,,,,1.345906,-3.262171,,,73.459358,57.891140,0.298268,0.269695,,,,,,,,,,,,
188457,,,,,,,,,,,,,,,,,,,,-0.037510,0.430073,1.528353,,,,,,
188461,,,,,,,,,1.016297,-3.262172,,,73.788643,57.966831,0.294892,0.267979,,,,,,,,,,,,
188466,,,,,,,,,,,,,,,,,,,,-0.037921,0.439688,1.493942,,,,,,
188471,,,,,,,,,1.071232,-4.567039,,,74.065704,57.485977,0.291982,0.271924,,,,,,,,,,,,
188477,,,,,,,,,,,,,,,,,,,,-0.037805,0.449355,1.452821,,,,,,
188481,,,,,,,,,1.043764,-3.914604,,,74.298820,57.081387,0.289466,0.275187,,,,,,,,,,,,
188485,-0.037365,0.449606,1.452205,0.016029,0.450623,1.428705,1.022383,-3.284959,,,76.197968,55.686111,,,,,0.007327,-0.052899,-0.023500,,,,,,,,,
188488,,,,,,,,,,,,,,,,,,,,-0.037527,0.458585,1.416239,,,,,,
188491,,,,,,,,,1.071232,-3.262170,,,74.494965,56.740963,0.316112,0.303561,,,,,,,,,,,,
188497,,,,,,,,,,,,,,,,,,,,-0.037018,0.468140,1.376792,,,,,,
188502,,,,,,,,,0.576817,-1.957303,,,69.759117,53.187271,0.364758,0.339597,,,,,,,,,,,,
188507,,,,,,,,,,,,,,,,,,,,-0.036093,0.477942,1.341383,,,,,,
188511,,,,,,,,,1.373374,-2.609737,,,73.397980,57.276257,0.328929,0.298389,,,,,,,,,,,,
188517,,,,,,,,,,,,,,,,,,,,-0.034690,0.488533,1.302403,,,,,,
188521,,,,,,,,,1.071232,-4.567039,,,73.737000,56.904926,0.326031,0.301859,,,,,,,,,,,,
188526,,,,,,,,,,,,,,,,,,,,-0.033039,0.498750,1.264530,,,,,,
188531,,,,,,,,,1.016297,-3.262172,,,74.022255,56.592487,0.323614,0.304802,,,,,,,,,,,,
188535,-0.032547,0.498804,1.266611,0.027572,0.500393,1.257244,1.020994,-3.418961,,,79.515030,59.085060,,,,,0.019523,-0.056883,-0.009367,-0.031225,0.509157,1.223485,,,,,,
188541,,,,,,,,,1.016297,-3.262172,,,73.717720,56.329601,0.360989,0.341971,,,,,,,,,,,,
188547,,,,,,,,,,,,,,,,,,,,-0.028753,0.519586,1.183144,,,,,,
188551,,,,,,,,,1.098699,-3.914604,,,74.550575,56.652954,0.353654,0.339224,,,,,,,,,,,,
188557,,,,,,,,,,,,,,,,,,,,-0.025418,0.529914,1.136799,,,,,,
188562,,,,,,,,,0.659220,-2.609737,,,70.350449,53.113220,0.397488,0.375816,,,,,,,,,,,,
188567,,,,,,,,,,,,,,,,,,,,-0.022061,0.539575,1.097745,,,,,,
188571,,,,,,,,,1.483244,-2.609737,,,74.984612,58.303036,0.352052,0.324074,,,,,,,,,,,,
188576,,,,,,,,,,,,,,,,,,,,-0.018678,0.549098,1.059344,,,,,,
188581,,,,,,,,,1.153634,-3.914605,,,75.616531,58.857944,0.346513,0.318571,,,,,,,,,,,,
188585,-0.017945,0.549331,1.060338,0.047557,0.547895,1.089437,1.026319,-3.416751,,,81.751129,63.781357,,,,,0.030750,-0.057853,0.029099,-0.014556,0.559075,1.014741,,,,,,
188591,,,,,,,,,1.098699,-2.609736,,,76.148232,58.780300,0.364677,0.367310,,,,,,,,,,,,
188597,,,,,,,,,,,,,,,,,,,,-0.009805,0.569334,0.973693,,,,,,
188601,,,,,,,,,1.153634,-5.219473,,,77.140152,59.259514,0.355680,0.363423,,,,,,,,,,,,
188607,,,,,,,,,,,,,,,,,,,,-0.004538,0.579550,0.929990,,,,,,
188611,,,,,,,,,1.126167,-3.262170,,,77.974754,59.662724,0.348090,0.360214,,,,,,,,,,,,
188622,,,,,,,,,0.906427,3.262171,,,73.231552,60.546528,0.397226,0.352023,,,,0.000830,0.589203,0.889943,,,,,,
188627,,,,,,,,,,,,,,,,,,,,0.006782,0.598481,0.853425,,,,,,
188631,,,,,,,,,1.236037,-8.481646,,,77.408775,59.656532,0.356322,0.361748,,,,,,,,,,,,
188635,0.008069,0.598307,0.835252,0.075404,0.592203,0.933000,1.038650,-3.269751,,,82.328926,69.751335,,,,,0.040656,-0.054022,0.097748,0.013000,0.607679,0.814023,,,,,,
188641,,,,,,,,,1.153634,-3.914605,,,78.200768,59.996777,0.355005,0.419996,,,,,,,,,,,,
188647,,,,,,,,,,,,,,,,,,,,0.019691,0.616850,0.774957,,,,,,
188651,,,,,,,,,1.236037,-1.957302,,,78.867149,61.372143,0.349034,0.407918,,,,,,,,,,,,
188657,,,,,,,,,,,,,,,,,,,,0.026828,0.625782,0.736497,,,,,,
188662,,,,,,,,,0.741622,-1.957302,,,74.526955,58.717575,0.393996,0.436671,,,,,,,,,,,,
188667,,,,,,,,,,,,,,,,,,,,0.034419,0.634503,0.695018,,,,,,
188671,,,,,,,,,1.593114,-2.609737,,,79.043266,64.107628,0.349490,0.383899,,,,,,,,,,,,
188677,,,,,,,,,,,,,,,,,,,,0.042444,0.643040,0.665713,,,,,,
188681,,,,,,,,,1.236036,-0.652434,,,79.576035,65.920097,0.344713,0.366541,,,,,,,,,,,,
188685,0.043141,0.643037,0.677227,0.110172,0.632784,0.796304,1.057813,-2.959354,,,83.183937,73.876137,,,,,0.045813,-0.049995,0.119077,0.050768,0.651626,0.633436,,,,,,
188691,,,,,,,,,1.208569,-2.609737,,,80.024300,66.356026,0.349413,0.404933,,,,,,,,,,,,
188697,,,,,,,,,,,,,,,,,,,,0.059574,0.659798,0.604479,,,,,,
188701,,,,,,,,,1.290972,-1.957303,,,80.401474,67.267357,0.346197,0.397142,,,,,,,,,,,,
188707,,,,,,,,,,,,,,,,,,,,0.068871,0.667926,0.572469,,,,,,
188711,,,,,,,,,1.208569,-2.609737,,,80.718826,68.034157,0.343517,0.390642,,,,,,,,,,,,
188717,,,,,,,,,,,,,,,,,,,,0.078166,0.675301,0.549435,,,,,,
188723,,,,,,,,,0.796557,-0.652434,,,81.530388,69.223877,0.335732,0.379675,,,,,,,,,,,,
188727,,,,,,,,,,,,,,,,,,,,0.088025,0.682903,0.526474,,,,,,
188731,,,,,,,,,1.483244,-2.609737,,,78.945976,67.502197,0.362424,0.398167,,,,,,,,,,,,
188735,0.089356,0.683127,0.528209,0.150598,0.669620,0.687223,1.081893,-2.481776,,,81.574867,77.880020,,,,,0.046088,-0.042531,0.159014,0.098078,0.690081,0.506501,,,,,,
188741,,,,,,,,,1.208569,-1.304866,,,79.494171,68.231750,0.341267,0.432840,,,,,,,,,,,,
188747,,,,,,,,,,,,,,,,,,,,0.108428,0.696970,0.480873,,,,,,
188751,,,,,,,,,1.318439,-1.304869,,,80.499962,69.934677,0.331424,0.417400,,,,,,,,,,,,
188757,,,,,,,,,,,,,,,,,,,,0.118680,0.703194,0.463797,,,,,,
188761,,,,,,,,,1.345907,-0.652434,,,80.801697,71.367523,0.328562,0.404374,,,,,,,,,,,,
188767,,,,,,,,,,,,,,,,,,,,0.129614,0.709752,0.446755,,,,,,
188771,,,,,,,,,1.263504,-1.304869,,,81.055573,72.028572,0.326127,0.398934,,,,,,,,,,,,
188777,,,,,,,,,,,,,,,,,,,,0.140629,0.715747,0.435360,,,,,,
188782,,,,,,,,,1.153634,0.000000,,,80.180099,72.584778,0.335160,0.394431,,,,,,,,,,,,
188785,0.140524,0.715420,0.443163,0.195155,0.703245,0.611967,1.106498,-1.860729,,,80.213280,80.957817,,,,,0.044133,-0.034424,0.168804,0.151914,0.721690,0.426863,,,,,,
188791,,,,,,,,,1.153634,0.000000,,,78.898933,72.508232,0.334619,0.427664,,,,,,,,,,,,
188797,,,,,,,,,,,,,,,,,,,,0.163415,0.727432,0.418255,,,,,,
188801,,,,,,,,,1.290972,-0.652435,,,79.454590,73.532913,0.329214,0.418902,,,,,,,,,,,,
188807,,,,,,,,,,,,,,,,,,,,0.175212,0.733173,0.412599,,,,,,
188811,,,,,,,,,1.318439,0.000000,,,79.922119,74.939621,0.324597,0.406039,,,,,,,,,,,,
188817,,,,,,,,,,,,,,,,,,,,0.187461,0.739006,0.412499,,,,,,
188823,,,,,,,,,0.851492,0.652435,,,80.315498,76.667770,0.320643,0.389615,,,,,,,,,,,,
188827,,,,,,,,,,,,,,,,,,,,0.199296,0.744589,0.412453,,,,,,
188831,,,,,,,,,1.538179,0.000000,,,77.923767,74.854576,0.345018,0.408968,,,,,,,,,,,,
188835,0.200201,0.744896,0.415037,0.242105,0.734684,0.574851,1.125396,-1.135408,,,76.866821,81.268806,,,,,0.034229,-0.026241,0.159815,,,,,,,,,
188838,,,,,,,,,,,,,,,,,,,,0.211294,0.750154,0.412349,,,,,,
188841,,,,,,,,,1.345907,0.652434,,,78.634087,76.596214,0.304097,0.395596,,,,,,,,,,,,
188847,,,,,,,,,,,,,,,,,,,,0.223175,0.755719,0.412349,,,,,,
188851,,,,,,,,,1.373374,0.000000,,,79.231750,78.061623,0.297647,0.381583,,,,,,,,,,,,
188856,,,,,,,,,,,,,,,,,,,,0.234833,0.761166,0.418310,,,,,,
188861,,,,,,,,,1.263504,1.304869,,,79.190079,78.750076,0.297599,0.375202,,,,,,,,,,,,
188867,,,,,,,,,,,,,,,,,,,,0.246855,0.766779,0.421134,,,,,,
188871,,,,,,,,,1.318439,1.304869,,,79.155014,79.873886,0.297492,0.364243,,,,,,,,,,,,
188877,,,,,,,,,,,,,,,,,,,,0.258542,0.772223,0.429852,,,,,,
188892,0.258642,0.772305,0.434083,0.289553,0.765321,0.578889,1.132471,-0.339417,,,,,62.452591,63.419693,0.467928,0.533534,,,,,,,,,,,,
188895,,,,,,,,,-0.000000,0.000000,73.178787,81.020958,,,,,0.025107,-0.019336,0.144807,0.282725,0.784031,0.443809,,,,,,
188901,,,,,,,,,1.236036,0.652434,,,63.983009,65.885811,0.417582,0.509421,,,,,,,,,,,,
188907,,,,,,,,,,,,,,,,,,,,0.294906,0.789962,0.454946,,,,,,
188911,,,,,,,,,1.483244,2.609737,,,67.993423,70.683525,0.378515,0.463512,,,,,,,,,,,,
188917,,,,,,,,,,,,,,,,,,,,0.306755,0.795977,0.463529,,,,,,
188921,,,,,,,,,1.400841,0.652435,,,70.823235,74.175774,0.350688,0.429958,,,,,,,,,,,,
188927,,,,,,,,,,,,,,,,,,,,0.318749,0.801839,0.475269,,,,,,
188931,,,,,,,,,1.400841,0.652435,,,73.204239,76.569611,0.326873,0.406910,,,,,,,,,,,,
188935,0.318995,0.801923,0.474552,0.335534,0.796701,0.626396,1.124039,0.508726,,,66.420006,79.401108,,,,,0.012325,-0.012202,0.151844,0.331033,0.808366,0.486458,,,,,,
188943,,,,,,,,,0.906427,1.957303,,,69.762184,74.227440,0.293038,0.415168,,,,,,,,,,,,
188947,,,,,,,,,,,,,,,,,,,,0.343451,0.814911,0.498047,,,,,,
188951,,,,,,,,,1.675516,1.957302,,,74.489647,79.880341,0.244149,0.358543,,,,,,,,,,,,
188957,,,,,,,,,,,,,,,,,,,,0.355681,0.821689,0.509360,,,,,,
188961,,,,,,,,,1.345906,3.262171,,,74.655525,81.369431,0.240843,0.343259,,,,,,,,,,,,
188967,,,,,,,,,,,,,,,,,,,,0.367874,0.828646,0.523552,,,,,,
188971,,,,,,,,,1.318439,1.304869,,,74.795097,82.077805,0.237772,0.335640,,,,,,,,,,,,
188977,,,,,,,,,,,,,,,,,,,,0.380265,0.835836,0.540707,,,,,,
188983,0.378146,0.834670,0.540630,,,,,,0.824024,1.304869,,,76.001625,83.218376,0.223791,0.323470,,,,,,,,,,,,
188986,,,,0.378083,0.830313,0.718702,1.100715,1.396587,,,57.294399,76.827744,,,,,-0.002296,-0.003703,0.178072,0.392460,0.842933,0.566546,,,,,,
188991,,,,,,,,,1.538179,2.609734,,,73.204994,80.910797,0.157319,0.319996,,,,,,,,,,,,
188997,,,,,,,,,,,,,,,,,,,,0.404533,0.850481,0.589453,,,,,,
189001,,,,,,,,,1.208569,2.609737,,,72.485535,81.691917,0.161475,0.311212,,,,,,,,,,,,
189006,,,,,,,,,,,,,,,,,,,,0.416179,0.857876,0.615270,,,,,,
189011,,,,,,,,,1.181102,3.262171,,,70.791100,81.804604,0.175720,0.309090,,,,,,,,,,,,
189017,,,,,,,,,,,,,,,,,,,,0.427831,0.866020,0.650003,,,,,,
189021,,,,,,,,,1.098699,5.219474,,,68.820854,81.899422,0.193117,0.307127,,,,,,,,,,,,
189027,,,,,,,,,,,,,,,,,,,,0.439212,0.874421,0.685031,,,,,,
189031,,,,,,,,,1.126167,4.567039,,,67.163094,81.979202,0.207721,0.305299,,,,,,,,,,,,
189035,0.437855,0.873938,0.692057,0.415338,0.867372,0.854347,1.068188,2.291904,,,48.192886,71.467598,,,,,-0.021526,0.009313,0.162290,0.450106,0.883083,0.723613,,,,,,
189043,,,,,,,,,0.769089,2.609737,,,63.045536,77.689980,0.154911,0.293345,,,,,,,,,,,,
189047,,,,,,,,,,,,,,,,,,,,0.459569,0.890939,0.762113,,,,,,
189051,,,,,,,,,1.318439,3.914604,,,64.481911,79.526466,0.137290,0.273369,,,,,,,,,,,,
189056,,,,,,,,,,,,,,,,,,,,0.468194,0.897932,0.801206,,,,,,
189061,,,,,,,,,1.043764,3.914604,,,62.967762,79.438049,0.149476,0.272659,,,,,,,,,,,,
189067,,,,,,,,,,,,,,,,,,,,0.476918,0.905318,0.843863,,,,,,
189071,,,,,,,,,1.098699,5.219474,,,61.693756,79.363655,0.159516,0.271823,,,,,,,,,,,,
189076,,,,,,,,,,,,,,,,,,,,0.484649,0.913146,0.895359,,,,,,
189081,,,,,,,,,0.961362,4.567040,,,59.532722,78.756516,0.178858,0.276437,,,,,,,,,,,,
189085,0.483521,0.912761,0.897441,0.445633,0.908631,1.026142,1.036390,3.110491,,,43.858524,69.512428,,,,,-0.026856,0.027043,0.128701,0.492298,0.921669,0.941664,,,,,,
189091,,,,,,,,,0.933894,5.219474,,,57.169888,77.701126,0.156481,0.265802,,,,,,,,,,,,
189097,,,,,,,,,,,,,,,,,,,,0.499232,0.930023,0.988517,,,,,,
189102,,,,,,,,,0.824024,7.829211,,,53.003624,76.813126,0.196314,0.273221,,,,,,,,,,,,
189107,,,,,,,,,,,,,,,,,,,,0.505726,0.938314,1.030208,,,,,,
189111,,,,,,,,,1.071232,0.652434,,,54.943562,74.976875,0.174698,0.290491,,,,,,,,,,,,
189117,,,,,,,,,,,,,,,,,,,,0.511306,0.946076,1.078000,,,,,,
189121,,,,,,,,,0.933894,3.914605,,,53.853111,74.520943,0.183604,0.294049,,,,,,,,,,,,
189127,,,,,,,,,,,,,,,,,,,,0.516579,0.954506,1.120447,,,,,,
189131,,,,,,,,,0.961362,4.567040,,,52.935604,73.592773,0.190963,0.302514,,,,,,,,,,,,
189135,0.515947,0.954421,1.120877,0.467611,0.954262,1.219969,1.016505,3.713054,,,43.624908,70.910179,,,,,-0.021164,0.043457,0.099092,0.521406,0.962529,1.169978,,,,,,
189143,,,,,,,,,0.604285,2.609737,,,49.440899,69.544556,0.222411,0.357247,,,,,,,,,,,,
189147,,,,,,,,,,,,,,,,,,,,0.525656,0.971159,1.213629,,,,,,
189151,,,,,,,,,1.181102,3.262171,,,51.401344,71.583817,0.201251,0.336720,,,,,,,,,,,,
189156,,,,,,,,,,,,,,,,,,,,0.529459,0.979647,1.261309,,,,,,
189161,,,,,,,,,0.961362,5.871906,,,50.872688,72.210564,0.205088,0.330192,,,,,,,,,,,,
189167,,,,,,,,,,,,,,,,,,,,0.532550,0.988375,1.309719,,,,,,
189171,,,,,,,,,0.933894,3.914605,,,50.427879,71.648819,0.208176,0.335662,,,,,,,,,,,,
189177,,,,,,,,,,,,,,,,,,,,0.535246,0.997068,1.355240,,,,,,
189181,,,,,,,,,0.933894,5.219474,,,49.509071,71.720718,0.216187,0.334781,,,,,,,,,,,,
189185,0.534866,0.997207,1.357458,0.480304,1.003773,1.418569,1.016037,3.979581,,,48.631428,75.247871,,,,,-0.005135,0.054715,0.061110,0.537492,1.005556,1.401764,,,,,,
189191,,,,,,,,,0.988829,5.219473,,,49.280529,72.325752,0.268408,0.372692,,,,,,,,,,,,
189197,,,,,,,,,,,,,,,,,,,,0.539187,1.014212,1.452966,,,,,,
189202,,,,,,,,,0.604285,2.609737,,,50.721867,72.290283,0.253576,0.373638,,,,,,,,,,,,
189206,,,,,,,,,,,,,,,,,,,,0.540439,1.022443,1.501487,,,,,,
189211,,,,,,,,,1.290972,4.567039,,,49.211891,71.171356,0.268560,0.385643,,,,,,,,,,,,
189216,,,,,,,,,,,,,,,,,,,,0.541513,1.030776,1.547440,,,,,,
189221,,,,,,,,,1.043764,5.219473,,,49.575027,71.863518,0.264740,0.379398,,,,,,,,,,,,
189227,,,,,,,,,,,,,,,,,,,,0.542233,1.038722,1.597823,,,,,,
189231,,,,,,,,,1.016297,3.262172,,,50.425114,72.445908,0.255880,0.374134,,,,,,,,,,,,
189235,0.542150,1.039469,1.591332,0.483215,1.056032,1.608828,1.034469,3.919244,,,57.801586,81.482956,,,,,0.017770,0.058583,0.017495,0.542523,1.048091,1.647374,,,,,,
189243,,,,,,,,,0.714154,3.914605,,,52.229462,74.569557,0.330653,0.416631,,,,,,,,,,,,
189247,,,,,,,,,,,,,,,,,,,,0.542598,1.058477,1.688087,,,,,,
189251,,,,,,,,,1.263504,3.914606,,,50.480381,72.000053,0.349608,0.444223,,,,,,,,,,,,
189257,,,,,,,,,,,,,,,,,,,,0.542430,1.068221,1.743127,,,,,,
189261,,,,,,,,,1.071232,3.262170,,,51.186878,72.560783,0.343866,0.440400,,,,,,,,,,,,
189267,,,,,,,,,,,,,,,,,,,,0.541475,1.078351,1.782421,,,,,,
189271,,,,,,,,,1.071232,4.567039,,,52.325867,73.577126,0.333571,0.431818,,,,,,,,,,,,
189277,,,,,,,,,,,,,,,,,,,,0.540178,1.087907,1.832031,,,,,,
189281,,,,,,,,,1.208569,3.914605,,,53.828754,74.976822,0.319337,0.419122,,,,,,,,,,,,
189285,0.539728,1.088876,1.828242,0.476353,1.109339,1.785972,1.062898,3.675608,,,67.281319,85.669800,,,,,0.035925,0.056076,-0.042270,0.538307,1.098003,1.876931,,,,,,
189291,,,,,,,,,1.098699,3.914604,,,55.093285,76.154526,0.403926,0.451117,,,,,,,,,,,,
189297,,,,,,,,,,,,,,,,,,,,0.535976,1.108385,1.921165,,,,,,
189302,,,,,,,,,0.741622,1.957302,,,52.889999,72.244553,0.428838,0.492901,,,,,,,,,,,,
189307,,,,,,,,,,,,,,,,,,,,0.533375,1.118928,1.964743,,,,,,
189311,,,,,,,,,1.565646,0.652435,,,59.748848,76.578308,0.361756,0.451382,,,,,,,,,,,,
189317,,,,,,,,,,,,,,,,,,,,0.529958,1.129524,2.004165,,,,,,
189321,,,,,,,,,1.208569,2.609737,,,61.163536,77.502014,0.348832,0.443779,,,,,,,,,,,,
189327,,,,,,,,,,,,,,,,,,,,0.526340,1.139811,2.043615,,,,,,
189331,,,,,,,,,1.290972,1.957303,,,62.898399,78.823761,0.332360,0.431930,,,,,,,,,,,,
189335,0.525783,1.140687,2.033740,0.460243,1.161556,1.952652,1.087970,3.419933,,,74.195030,88.321671,,,,,0.047942,0.049322,-0.081088,0.522044,1.150311,2.082249,,,,,,
189341,,,,,,,,,1.208569,3.914605,,,63.813568,79.935883,0.394422,0.449005,,,,,,,,,,,,
189347,,,,,,,,,,,,,,,,,,,,0.517401,1.160987,2.120439,,,,,,
189351,,,,,,,,,1.290972,3.262171,,,65.128136,80.871620,0.383090,0.441138,,,,,,,,,,,,
189357,,,,,,,,,,,,,,,,,,,,0.512246,1.171510,2.155234,,,,,,
189362,,,,,,,,,0.714154,1.304868,,,61.333324,76.213516,0.423610,0.490140,,,,,,,,,,,,
189367,,,,,,,,,,,,,,,,,,,,0.506648,1.181658,2.189692,,,,,,
189371,,,,,,,,,1.648049,2.609737,,,66.853058,81.551422,0.369881,0.438115,,,,,,,,,,,,
189377,,,,,,,,,,,,,,,,,,,,0.500706,1.191474,2.220989,,,,,,
189381,,,,,,,,,1.455776,1.957302,,,69.319191,83.320023,0.346195,0.421430,,,,,,,,,,,,
189385,0.499783,1.192517,2.213471,0.435880,1.210326,2.116126,1.096998,3.272406,,,77.073868,88.964088,,,,,0.052555,0.040480,-0.097345,0.494111,1.201453,2.254880,,,,,,
189391,,,,,,,,,1.290972,1.957303,,,70.849648,84.263580,0.360924,0.419358,,,,,,,,,,,,
189397,,,,,,,,,,,,,,,,,,,,0.487135,1.211952,2.282298,,,,,,
189403,,,,,,,,,1.043764,-3.914604,,,71.592834,79.612053,0.354588,0.467744,,,,,,,,,,,,
189407,,,,,,,,,,,,,,,,,,,,0.479627,1.222206,2.312632,,,,,,
189410,,,,,,,,,1.373374,7.829210,,,70.584518,83.866409,0.365969,0.426220,,,,0.479627,1.222206,2.312632,,,,,,
189417,,,,,,,,,,,,,,,,,,,,0.471713,1.232354,2.342672,,,,,,
189421,,,,,,,,,1.345907,1.957305,,,71.914299,84.723312,0.353703,0.418499,,,,,,,,,,,,
189427,,,,,,,,,,,,,,,,,,,,0.463439,1.241882,2.372658,,,,,,
189431,,,,,,,,,1.318439,2.609739,,,72.488632,85.444305,0.348877,0.411993,,,,,,,,,,,,
189435,0.462883,1.241935,2.370230,0.404650,1.253267,2.286158,1.081742,3.299626,,,74.965889,87.702866,,,,,0.049651,0.032471,-0.084072,0.454670,1.251366,2.399404,,,,,,
189441,,,,,,,,,1.318439,2.609739,,,72.971878,86.050949,0.323363,0.393645,,,,,,,,,,,,
189447,,,,,,,,,,,,,,,,,,,,0.445520,1.260425,2.426067,,,,,,
189451,,,,,,,,,1.318439,1.304869,,,73.378479,86.016838,0.319615,0.394323,,,,,,,,,,,,
189456,,,,,,,,,,,,,,,,,,,,0.436218,1.269166,2.452725,,,,,,
189462,,,,,,,,,0.741622,1.957302,,,73.176048,80.542702,0.321997,0.450497,,,,,,,,,,,,
189467,,,,,,,,,,,,,,,,,,,,0.426440,1.277813,2.476198,,,,,,
189471,,,,,,,,,1.620581,1.957303,,,71.916641,84.649460,0.335201,0.410040,,,,,,,,,,,,
189477,,,,,,,,,,,,,,,,,,,,0.416303,1.286445,2.502395,,,,,,
189481,,,,,,,,,1.290972,3.262171,,,72.490601,85.382172,0.329957,0.403177,,,,,,,,,,,,
189485,0.416043,1.286168,2.504973,0.368229,1.288198,2.473748,1.040438,3.538587,,,67.423126,84.873840,,,,,0.039654,0.026791,-0.031225,,,,,,,,,
189488,,,,,,,,,,,,,,,,,,,,0.406077,1.294854,2.528619,,,,,,
189491,,,,,,,,,1.373374,2.609737,,,73.518074,85.998672,0.243035,0.368496,,,,,,,,,,,,
189497,,,,,,,,,,,,,,,,,,,,0.395462,1.302819,2.557587,,,,,,
189503,,,,,,,,,1.071232,7.176776,,,69.481705,86.517395,0.282987,0.362981,,,,,,,,,,,,
189507,,,,,,,,,,,,,,,,,,,,0.384613,1.310249,2.583531,,,,,,
189511,,,,,,,,,1.318439,-2.609739,,,72.620018,84.775673,0.250565,0.380417,,,,,,,,,,,,
189517,,,,,,,,,,,,,,,,,,,,0.373639,1.317603,2.612346,,,,,,
189521,,,,,,,,,1.263504,3.914606,,,71.993340,85.488365,0.255917,0.373168,,,,,,,,,,,,
189527,,,,,,,,,,,,,,,,,,,,0.362284,1.324615,2.640883,,,,,,
189531,,,,,,,,,1.290972,3.262171,,,72.010597,86.088020,0.254827,0.366928,,,,,,,,,,,,
189535,0.362198,1.324253,2.643148,0.328428,1.313378,2.689281,0.978627,4.001602,,,55.627937,80.330383,,,,,0.024462,0.025697,0.046133,0.350905,1.331463,2.669353,,,,,,
189541,,,,,,,,,1.318439,3.914604,,,71.480568,86.592575,0.139005,0.315196,,,,,,,,,,,,
189547,,,,,,,,,,,,,,,,,,,,0.339243,1.337726,2.706275,,,,,,
189551,,,,,,,,,1.153634,5.219473,,,69.945518,86.472565,0.151492,0.315167,,,,,,,,,,,,
189556,,,,,,,,,,,,,,,,,,,,0.327607,1.343704,2.743003,,,,,,
189562,,,,,,,,,0.659220,1.304869,,,64.842125,80.381607,0.200683,0.376067,,,,,,,,,,,,
189567,,,,,,,,,,,,,,,,,,,,0.315832,1.349239,2.785176,,,,,,
189571,,,,,,,,,1.538179,5.219473,,,67.627190,85.058456,0.170433,0.328352,,,,,,,,,,,,
189577,,,,,,,,,,,,,,,,,,,,0.303734,1.354224,2.832607,,,,,,
189581,,,,,,,,,1.153634,5.219473,,,65.614197,84.637215,0.188565,0.331704,,,,,,,,,,,,
189585,0.304134,1.353477,2.838584,0.287075,1.327651,2.937177,0.908898,4.637468,,,43.488270,74.396179,,,,,0.008576,0.029740,0.098593,0.291638,1.358807,2.882693,,,,,,
189591,,,,,,,,,1.098699,6.524342,,,63.920467,84.827324,0.080020,0.268374,,,,,,,,,,,,
189597,,,,,,,,,,,,,,,,,,,,0.279343,1.362695,2.937829,,,,,,
189601,,,,,,,,,0.961362,5.871906,,,60.861736,83.898193,0.107132,0.275765,,,,,,,,,,,,
189607,,,,,,,,,,,,,,,,,,,,0.267143,1.366264,2.995923,,,,,,
189611,,,,,,,,,1.016297,7.176775,,,58.288120,83.660965,0.129908,0.276284,,,,,,,,,,,,
189617,,,,,,,,,,,,,,,,,,,,0.254889,1.368906,3.053662,,,,,,
189623,,,,,,,,,0.576817,4.567039,,,52.855419,78.015930,0.182362,0.332011,,,,,,,,,,,,
189627,,,,,,,,,,,,,,,,,,,,0.244136,1.370812,3.111620,,,,,,
189631,,,,,,,,,1.098699,6.524342,,,52.640690,79.256172,0.182679,0.318636,,,,,,,,,,,,
189635,0.244609,1.370020,3.116053,0.245865,1.330585,-3.075433,0.848667,5.248053,,,35.392036,68.973038,,,,,-0.002262,0.039390,0.091699,0.233895,1.373089,-3.107145,,,,,,
189641,,,,,,,,,0.961362,5.871906,,,51.370934,78.666084,0.111218,0.268367,,,,,,,,,,,,
189647,,,,,,,,,,,,,,,,,,,,0.224091,1.374554,-3.040383,,,,,,
189651,,,,,,,,,0.988829,6.524340,,,50.302559,78.714127,0.118920,0.265939,,,,,,,,,,,,
189657,,,,,,,,,,,,,,,,,,,,0.214415,1.374989,-2.976322,,,,,,
189662,,,,,,,,,0.521882,4.567040,,,45.591827,73.309120,0.163987,0.319121,,,,,,,,,,,,
189667,,,,,,,,,,,,,,,,,,,,0.204819,1.375147,-2.912289,,,,,,
189671,,,,,,,,,1.153634,9.134078,,,45.984562,76.384949,0.157941,0.286881,,,,,,,,,,,,
189677,,,,,,,,,,,,,,,,,,,,0.195351,1.375158,-2.845089,,,,,,
189681,,,,,,,,,0.878959,6.524343,,,44.681377,75.705696,0.169115,0.292327,,,,,,,,,,,,
189685,0.195831,1.374224,-2.844773,0.206260,1.322501,-2.808030,0.814331,5.483375,,,36.263405,68.358940,,,,,0.005155,0.052512,0.036743,0.185620,1.374111,-2.777678,,,,,,
189691,,,,,,,,,0.851492,5.871908,,,43.584881,75.134171,0.187330,0.290546,,,,,,,,,,,,
189697,,,,,,,,,,,,,,,,,,,,0.177054,1.372555,-2.709892,,,,,,
189701,,,,,,,,,0.906427,5.871908,,,43.206833,74.108742,0.189722,0.299650,,,,,,,,,,,,
189707,,,,,,,,,,,,,,,,,,,,0.168299,1.370439,-2.647254,,,,,,
189711,,,,,,,,,0.824024,5.219474,,,42.344200,73.245949,0.197132,0.307301,,,,,,,,,,,,
189718,,,,,,,,,,,,,,,,,,,,0.160161,1.367881,-2.578339,,,,,,
189723,,,,,,,,,0.631752,4.567039,,,43.252010,75.242714,0.186656,0.285956,,,,,,,,,,,,
189727,,,,,,,,,,,,,,,,,,,,0.152244,1.364901,-2.517366,,,,,,
189731,,,,,,,,,1.153634,7.829210,,,40.748581,72.021904,0.210793,0.317432,,,,,,,,,,,,
189735,0.151625,1.363417,-2.512036,0.169422,1.304445,-2.571661,0.812444,5.112545,,,43.737637,69.076729,,,,,0.020337,0.058146,-0.059625,0.145124,1.361407,-2.452979,,,,,,
189741,,,,,,,,,0.796557,5.871908,,,40.275826,71.490082,0.290955,0.329445,,,,,,,,,,,,
189747,,,,,,,,,,,,,,,,,,,,0.138307,1.357196,-2.393906,,,,,,
189751,,,,,,,,,0.933894,5.219474,,,40.967136,71.587151,0.284596,0.327973,,,,,,,,,,,,
189757,,,,,,,,,,,,,,,,,,,,0.132061,1.353098,-2.337035,,,,,,
189761,,,,,,,,,0.906427,4.567039,,,41.548805,71.124283,0.279217,0.332192,,,,,,,,,,,,
189767,,,,,,,,,,,,,,,,,,,,0.126150,1.348752,-2.282412,,,,,,
189771,,,,,,,,,0.933894,3.914605,,,42.582764,70.734825,0.269109,0.335755,,,,,,,,,,,,
189777,,,,,,,,,,,,,,,,,,,,0.120617,1.344124,-2.233133,,,,,,
189782,,,,,,,,,0.906427,8.481643,,,41.274563,71.496223,0.282683,0.327657,,,,,,,,,,,,
189785,0.120652,1.342937,-2.220978,0.136178,1.278098,-2.379966,0.834896,4.296208,,,55.583878,71.205956,,,,,0.042212,0.051607,-0.158988,0.114502,1.337997,-2.183621,,,,,,
189791,,,,,,,,,0.961362,-1.957303,,,45.074734,69.414146,0.365246,0.370128,,,,,,,,,,,,
189797,,,,,,,,,,,,,,,,,,,,0.108379,1.331756,-2.136639,,,,,,
189801,,,,,,,,,0.933894,2.609737,,,46.094021,68.751373,0.356951,0.377247,,,,,,,,,,,,
189806,,,,,,,,,,,,,,,,,,,,0.102748,1.325061,-2.092192,,,,,,
189811,,,,,,,,,0.988829,2.609737,,,47.496193,68.738258,0.344547,0.377872,,,,,,,,,,,,
189817,,,,,,,,,,,,,,,,,,,,0.097480,1.317908,-2.056862,,,,,,
189821,,,,,,,,,1.016297,1.957302,,,49.220524,68.727226,0.328576,0.378478,,,,,,,,,,,,
189827,,,,,,,,,,,,,,,,,,,,0.092849,1.310528,-2.017758,,,,,,
189831,,,,,,,,,1.043764,1.304868,,,50.671379,68.717941,0.315050,0.379068,,,,,,,,,,,,
189835,0.092683,1.309650,-2.029352,0.106997,1.245586,-2.231755,0.864024,3.379017,,,63.305054,71.242485,,,,,0.051110,0.041193,-0.202403,,,,,,,,,
189842,,,,,,,,,0.549350,1.304868,,,48.080322,63.809242,0.421217,0.430007,,,,0.088273,1.302199,-1.988178,,,,,,
189847,,,,,,,,,,,,,,,,,,,,0.083911,1.294153,-1.958363,,,,,,
189851,,,,,,,,,1.345907,0.652434,,,53.523815,67.302666,0.368739,0.395861,,,,,,,,,,,,
189856,,,,,,,,,,,,,,,,,,,,0.079693,1.285291,-1.931606,,,,,,
189861,,,,,,,,,1.153634,1.304868,,,55.925797,68.063866,0.346195,0.388885,,,,,,,,,,,,
189867,,,,,,,,,,,,,,,,,,,,0.075607,1.276384,-1.907956,,,,,,
189871,,,,,,,,,1.071232,0.652434,,,57.402279,68.704338,0.332611,0.382987,,,,,,,,,,,,
189877,,,,,,,,,,,,,,,,,,,,0.071923,1.266814,-1.884071,,,,,,
189882,,,,,,,,,0.878959,6.524343,,,54.288246,69.243233,0.365554,0.377998,,,,,,,,,,,,
189885,0.072541,1.266896,-1.868906,0.082056,1.209304,-2.119454,0.881852,2.576480,,,67.854202,68.329979,,,,,0.052257,0.026011,-0.250547,0.068216,1.257069,-1.863499,,,,,,
189891,,,,,,,,,1.236037,-4.567040,,,59.836246,68.607567,0.357169,0.355174,,,,,,,,,,,,
189897,,,,,,,,,,,,,,,,,,,,0.065013,1.247142,-1.846125,,,,,,
189901,,,,,,,,,1.126167,1.957302,,,60.692532,69.161804,0.350039,0.349466,,,,,,,,,,,,
189907,,,,,,,,,,,,,,,,,,,,0.061823,1.236813,-1.828823,,,,,,
189911,,,,,,,,,1.098699,0.000000,,,61.957550,69.628143,0.338568,0.344543,,,,,,,,,,,,
189916,,,,,,,,,,,,,,,,,,,,0.058981,1.226336,-1.818322,,,,,,
189921,,,,,,,,,1.126167,0.652435,,,63.021938,70.020515,0.328891,0.340281,,,,,,,,,,,,
189927,,,,,,,,,,,,,,,,,,,,0.056503,1.215984,-1.807716,,,,,,
189931,,,,,,,,,1.126167,0.652435,,,63.917515,70.350662,0.320722,0.336575,,,,,,,,,,,,
189935,0.056544,1.215715,-1.810118,0.061268,1.171667,-2.034837,0.875652,1.943975,,,65.910866,64.234573,,,,,0.041673,0.015030,-0.224719,0.054032,1.204940,-1.804150,,,,,,
189943,,,,,,,,,0.741622,-0.652433,,,61.403793,66.272102,0.327327,0.335999,,,,,,,,,,,,
189947,,,,,,,,,,,,,,,,,,,,0.051584,1.193603,-1.797125,,,,,,
189951,,,,,,,,,1.345907,-0.652434,,,65.278725,68.830376,0.288704,0.309497,,,,,,,,,,,,
189957,,,,,,,,,,,,,,,,,,,,0.049169,1.182285,-1.793655,,,,,,
189961,,,,,,,,,1.126167,-0.652435,,,66.360916,68.804733,0.277793,0.308840,,,,,,,,,,,,
189967,,,,,,,,,,,,,,,,,,,,0.047008,1.171070,-1.793658,,,,,,
189971,,,,,,,,,1.153634,0.000000,,,67.271477,69.327698,0.268415,0.302591,,,,,,,,,,,,
189977,,,,,,,,,,,,,,,,,,,,0.044729,1.159996,-1.793655,,,,,,
189981,,,,,,,,,1.098699,0.000000,,,67.493073,69.223183,0.265882,0.302639,,,,,,,,,,,,
189985,0.044633,1.160191,-1.795031,0.044375,1.134946,-1.971238,0.839396,1.462731,,,59.314774,57.862404,,,,,0.024671,0.005362,-0.176207,,,,,,,,,
189988,,,,,,,,,,,,,,,,,,,,0.042414,1.148512,-1.793700,,,,,,
189991,,,,,,,,,1.126167,-0.652435,,,67.679527,69.135239,0.196384,0.237542,,,,,,,,,,,,
190002,,,,,,,,,0.576817,0.652434,,,62.935520,64.160355,0.243100,0.286031,,,,0.039939,1.137282,-1.793718,,,,,,
190007,,,,,,,,,,,,,,,,,,,,0.037480,1.125893,-1.793725,,,,,,
190011,,,,,,,,,1.373374,0.000000,,,66.567520,67.598091,0.205329,0.249707,,,,,,,,,,,,
190017,,,,,,,,,,,,,,,,,,,,0.035330,1.114823,-1.793723,,,,,,
190021,,,,,,,,,1.071232,0.652434,,,66.356224,67.767891,0.206034,0.246028,,,,,,,,,,,,
190027,,,,,,,,,,,,,,,,,,,,0.033082,1.103361,-1.793731,,,,,,
190031,,,,,,,,,1.043764,0.000000,,,65.633896,67.366219,0.211994,0.248144,,,,,,,,,,,,
190035,0.033078,1.103860,-1.793836,0.031000,1.101064,-1.923650,0.772950,1.097803,,,49.087078,48.511200,,,,,0.003187,-0.001408,-0.129815,0.030866,1.092639,-1.790167,,,,,,
190043,,,,,,,,,0.659220,0.000000,,,67.204300,68.661880,0.090389,0.137645,,,,,,,,,,,,
190047,,,,,,,,,,,,,,,,,,,,0.028576,1.081434,-1.790057,,,,,,
190051,,,,,,,,,1.236036,0.652434,,,63.624752,64.851158,0.123277,0.172484,,,,,,,,,,,,
190057,,,,,,,,,,,,,,,,,,,,0.026399,1.070281,-1.786433,,,,,,
190061,,,,,,,,,0.906427,0.652435,,,62.246548,63.822990,0.134427,0.179703,,,,,,,,,,,,
190067,,,,,,,,,,,,,,,,,,,,0.024401,1.058923,-1.785896,,,,,,
190071,,,,,,,,,0.824024,1.304869,,,59.997841,61.868805,0.154732,0.196574,,,,,,,,,,,,
190077,,,,,,,,,,,,,,,,,,,,0.022323,1.048028,-1.777568,,,,,,
190081,,,,,,,,,0.769089,0.000000,,,58.105782,60.224552,0.171849,0.210674,,,,,,,,,,,,
190085,0.022516,1.049565,-1.778928,0.020702,1.071468,-1.888400,0.680839,0.818213,,,36.639336,36.112415,,,,,-0.021055,-0.006300,-0.109471,0.020666,1.039007,-1.774453,,,,,,
190091,,,,,,,,,0.769089,1.304867,,,55.969257,58.296535,0.064871,0.101529,,,,,,,,,,,,
190097,,,,,,,,,,,,,,,,,,,,0.019105,1.031253,-1.768227,,,,,,
190102,,,,,,,,,0.494415,0.000000,,,51.993416,54.496128,0.101558,0.135856,,,,,,,,,,,,
190107,,,,,,,,,,,,,,,,,,,,0.017494,1.022527,-1.761000,,,,,,
190111,,,,,,,,,1.043764,0.000000,,,53.549030,56.199356,0.082620,0.114807,,,,,,,,,,,,
190116,,,,,,,,,,,,,,,,,,,,0.016068,1.014371,-1.753701,,,,,,
190121,,,,,,,,,0.659220,1.304869,,,51.590664,54.365192,0.099214,0.129498,,,,,,,,,,,,
190127,,,,,,,,,,,,,,,,,,,,0.014730,1.005745,-1.749171,,,,,,
190131,,,,,,,,,0.604285,0.000000,,,48.853809,51.732841,0.124139,0.152697,,,,,,,,,,,,
190135,0.014865,1.006941,-1.751666,0.013037,1.047088,-1.862813,0.570633,0.600874,,,24.928432,23.930983,,,,,-0.039164,-0.009020,-0.111148,0.013503,0.998517,-1.738515,,,,,,
190143,,,,,,,,,0.412012,0.652434,,,45.461933,47.884350,0.036842,0.064577,,,,,,,,,,,,
190147,,,,,,,,,,,,,,,,,,,,0.012318,0.991796,-1.734992,,,,,,
190151,,,,,,,,,0.824024,1.304869,,,45.875271,49.002579,0.028520,0.048381,,,,,,,,,,,,
190157,,,,,,,,,,,,,,,,,,,,0.011277,0.985705,-1.724454,,,,,,
190161,,,,,,,,,0.521882,0.652434,,,43.500336,46.676193,0.048555,0.067095,,,,,,,,,,,,
190167,,,,,,,,,,,,,,,,,,,,0.010254,0.979223,-1.720448,,,,,,
190171,,,,,,,,,0.466947,0.652434,,,40.957523,43.629688,0.070777,0.093621,,,,,,,,,,,,
190177,,,,,,,,,,,,,,,,,,,,0.009508,0.973318,-1.716679,,,,,,
190181,,,,,,,,,0.439480,0.000000,,,38.818001,41.610901,0.089394,0.110273,,,,,,,,,,,,
190185,0.009631,0.974325,-1.719614,0.007558,1.028240,-1.844800,0.451439,0.429813,,,13.805033,12.364223,,,,,-0.053012,-0.010044,-0.125186,0.008699,0.968231,-1.712835,,,,,,
190191,,,,,,,,,0.412012,0.652434,,,36.473263,39.367752,-0.002926,0.011636,,,,,,,,,,,,
190196,,,,,,,,,,,,,,,,,,,,0.008007,0.963837,-1.705753,,,,,,
190202,,,,,,,,,0.274675,0.000000,,,35.044945,37.480366,0.007109,0.025486,,,,,,,,,,,,
190207,,,,,,,,,,,,,,,,,,,,0.007526,0.959681,-1.702030,,,,,,
190211,,,,,,,,,0.439480,0.000000,,,32.209526,34.258690,0.031782,0.053324,,,,,,,,,,,,
190217,,,,,,,,,,,,,,,,,,,,0.007156,0.955505,-1.698328,,,,,,
190221,,,,,,,,,0.302142,0.652434,,,29.823807,32.092518,0.052436,0.071040,,,,,,,,,,,,
190227,,,,,,,,,,,,,,,,,,,,0.006888,0.951891,-1.694369,,,,,,
190231,,,,,,,,,0.247207,0.652434,,,27.271919,29.725357,0.075261,0.091240,,,,,,,,,,,,
190235,0.006980,0.952746,-1.693750,0.003901,1.014922,-1.832883,0.332751,0.294373,,,4.085801,2.608494,,,,,-0.061329,-0.010681,-0.139133,0.006717,0.949337,-1.691234,,,,,,
190243,,,,,,,,,0.192272,-0.652434,,,25.124762,26.644541,-0.004667,0.019683,,,,,,,,,,,,
190247,,,,,,,,,,,,,,,,,,,,0.006482,0.946934,-1.691062,,,,,,
190251,,,,,,,,,0.302142,0.652434,,,23.862686,25.685972,0.003998,0.024654,,,,,,,,,,,,
190256,,,,,,,,,,,,,,,,,,,,0.006183,0.944989,-1.687953,,,,,,
190261,,,,,,,,,0.164805,0.000000,,,21.711691,23.245804,0.021983,0.044928,,,,,,,,,,,,
190267,,,,,,,,,,,,,,,,,,,,0.005955,0.942643,-1.687611,,,,,,
190271,,,,,,,,,0.137337,0.652434,,,19.357300,21.192646,0.042473,0.061742,,,,,,,,,,,,
190276,,,,,,,,,,,,,,,,,,,,0.005729,0.940479,-1.683641,,,,,,
190281,,,,,,,,,0.137337,-0.652434,,,17.920858,18.920576,0.054070,0.081201,,,,,,,,,,,,
190285,0.005756,0.940937,-1.687227,0.001663,1.006456,-1.825625,0.223227,0.187888,,,-3.831286,-4.869576,,,,,-0.064600,-0.011677,-0.138398,0.005621,0.939027,-1.686928,,,,,,
190291,,,,,,,,,0.137337,0.652434,,,16.167694,17.553400,-0.011569,0.015607,,,,,,,,,,,,
190297,,,,,,,,,,,,,,,,,,,,0.005477,0.938292,-1.683618,,,,,,
190302,,,,,,,,,0.054935,0.000000,,,14.148039,15.858515,0.005032,0.028410,,,,,,,,,,,,
190307,,,,,,,,,,,,,,,,,,,,0.005450,0.937688,-1.680256,,,,,,
190311,,,,,,,,,0.082402,0.652434,,,12.448701,13.887896,0.018769,0.044365,,,,,,,,,,,,
190317,,,,,,,,,,,,,,,,,,,,0.005359,0.937117,-1.680489,,,,,,
190321,,,,,,,,,0.027467,-0.652434,,,11.018879,11.685273,0.030097,0.063080,,,,,,,,,,,,
190326,,,,,,,,,,,,,,,,,,,,0.005348,0.936387,-1.676522,,,,,,
190331,,,,,,,,,0.027467,0.652434,,,9.271283,10.376531,0.044953,0.073119,,,,,,,,,,,,
190335,0.005371,0.936654,-1.674683,0.000499,1.001951,-1.821857,0.130292,0.106338,,,-9.721103,-10.415862,,,,,-0.064440,-0.011617,-0.147174,0.005290,0.935787,-1.672557,,,,,,
190341,,,,,,,,,0.027467,0.652434,,,7.800857,9.275354,-0.002746,0.024729,,,,,,,,,,,,
190347,,,,,,,,,,,,,,,,,,,,0.005245,0.935841,-1.668770,,,,,,
190351,,,,,,,,,-0.000000,0.000000,,,6.563640,7.804282,0.006370,0.035796,,,,,,,,,,,,
190356,,,,,,,,,,,,,,,,,,,,0.005244,0.936128,-1.661525,,,,,,
190362,,,,,,,,,-0.000000,0.000000,,,5.522645,6.566522,0.013731,0.044777,,,,,,,,,,,,
190367,,,,,,,,,,,,,,,,,,,,0.005256,0.936450,-1.661643,,,,,,
190371,,,,,,,,,-0.000000,0.000000,,,4.646753,5.525071,0.019616,0.052003,,,,,,,,,,,,
190376,,,,,,,,,,,,,,,,,,,,0.005260,0.936866,-1.661887,,,,,,
190381,,,,,,,,,-0.000000,0.000000,,,3.909778,4.648794,0.024260,0.057753,,,,,,,,,,,,
190385,0.005269,0.936849,-1.662961,0.000061,1.000240,-1.820443,0.059594,0.047859,,,-13.760255,-14.119347,,,,,-0.062643,-0.011020,-0.157482,0.005333,0.937328,-1.662075,,,,,,
190391,,,,,,,,,-0.000000,0.000000,,,3.289686,3.911494,-0.013341,0.024485,,,,,,,,,,,,
190396,,,,,,,,,,,,,,,,,,,,0.005389,0.937857,-1.662320,,,,,,
190402,,,,,,,,,-0.000000,0.000000,,,2.767942,3.291131,-0.011429,0.027207,,,,,,,,,,,,
190407,,,,,,,,,,,,,,,,,,,,0.005357,0.938523,-1.662432,,,,,,
190411,,,,,,,,,-0.000000,0.000000,,,2.328946,2.769157,-0.010257,0.029049,,,,,,,,,,,,
190416,,,,,,,,,,,,,,,,,,,,0.005404,0.939156,-1.662484,,,,,,
190421,,,,,,,,,-0.000000,0.000000,,,1.959575,2.329968,-0.009707,0.030151,,,,,,,,,,,,
190427,,,,,,,,,,,,,,,,,,,,0.005467,0.939885,-1.666317,,,,,,
190431,,,,,,,,,-0.000000,0.000000,,,1.648786,1.960435,-0.009681,0.030630,,,,,,,,,,,,
190435,0.005451,0.939631,-1.666035,0.000000,1.000000,-1.820245,0.015251,0.012174,,,-15.769660,-15.858903,,,,,-0.059577,-0.011167,-0.154210,0.005512,0.940581,-1.662667,,,,,,
190441,,,,,,,,,-0.000000,0.000000,,,1.387288,1.649510,-0.030592,0.012842,,,,,,,,,,,,
190446,,,,,,,,,,,,,,,,,,,,0.005583,0.941473,-1.662659,,,,,,
190451,,,,,,,,,-0.000000,0.000000,,,1.167264,1.387897,-0.031779,0.012009,,,,,,,,,,,,
190457,,,,,,,,,,,,,,,,,,,,0.005656,0.942090,-1.662594,,,,,,
190462,,,,,,,,,-0.000000,0.000000,,,0.982136,1.167777,-0.033278,0.010805,,,,,,,,,,,,
190467,,,,,,,,,,,,,,,,,,,,0.005692,0.941818,-1.662662,,,,,,
190471,,,,,,,,,-0.000000,0.000000,,,0.826369,0.982567,-0.035039,0.009289,,,,,,,,,,,,
190477,,,,,,,,,,,,,,,,,,,,0.005731,0.941860,-1.662669,,,,,,
190481,,,,,,,,,-0.000000,0.000000,,,0.695307,0.826732,-0.037022,0.007510,,,,,,,,,,,,
190485,0.005707,0.941673,-1.662952,0.000000,1.000000,-1.820245,0.015251,0.012174,,,-15.199800,-15.291920,,,,,-0.057555,-0.011051,-0.157293,0.005712,0.941772,-1.662673,,,,,,
190491,,,,,,,,,-0.000000,0.000000,,,0.585031,0.695612,-0.033377,0.011293,,,,,,,,,,,,
190497,,,,,,,,,,,,,,,,,,,,0.005673,0.942019,-1.658919,,,,,,
190501,,,,,,,,,,,,,0.492245,0.585288,-0.035588,0.009221,,,,,,,,,,,,
