ts,x,y,yaw,x_des,y_des,yaw_des,v_ff,w_ff,v_actual,w_actual,omega_l_cmd,omega_r_cmd,omega_l_meas,omega_r_meas,duty_l,duty_r,x_err,y_err,yaw_err,x_raw,y_raw,yaw_raw,acc_x,acc_y,acc_z,gyro_x,gyro_y,gyro_z
279166,,,,,,,,,-0.000000,0.000000,,,0.000000,0.000000,0.000000,0.000000,,,,0.052674,-1.075702,-1.814846,,,,,,
279176,,,,,,,,,-0.000000,0.000000,,,0.000000,0.000000,0.000000,0.000000,,,,0.052670,-1.075701,-1.818331,,,,,,
279186,,,,,,,,,-0.000000,0.000000,,,0.000000,0.000000,0.000000,0.000000,,,,0.052685,-1.075698,-1.818356,,,,,,
279196,,,,,,,,,-0.000000,0.000000,,,0.000000,0.000000,0.000000,0.000000,,,,0.052687,-1.075706,-1.818356,,,,,,
279206,,,,,,,,,-0.000000,0.000000,,,0.000000,0.000000,0.000000,0.000000,,,,0.052677,-1.075705,-1.818356,,,,,,
279212,0.052677,-1.075705,-1.818356,0.001110,-1.002185,-1.100233,0.018589,0.008938,,,-16.008186,-15.228677,,,,,-0.058643,-0.068010,0.718123,,,,,,,,,
279216,,,,,,,,,-0.000000,0.000000,,,0.000000,0.000000,-0.163283,-0.155333,,,,0.052674,-1.075698,-1.818356,,,,,,
279227,,,,,,,,,-0.082402,0.652434,,,-0.544543,-0.544543,-0.160931,-0.152824,,,,0.052685,-1.075696,-1.818356,,,,,,
279236,,,,,,,,,-0.027467,-0.652434,,,-1.002722,-1.002722,-0.159350,-0.151087,,,,0.052654,-1.075701,-1.814846,,,,,,
279246,,,,,,,,,-0.082402,0.652434,,,-1.932776,-1.388233,-0.152865,-0.150000,,,,0.052646,-1.075799,-1.811382,,,,,,
279256,,,,,,,,,-0.054935,0.000000,,,-2.170781,-1.712602,-0.153252,-0.149460,,,,0.052618,-1.075900,-1.811386,,,,,,
279263,0.052679,-1.075662,-1.811967,0.003684,-1.007228,-1.097477,0.072641,0.035112,,,-13.491103,-10.447206,,,,,-0.054751,-0.063922,0.714490,,,,,,,,,
279267,,,,,,,,,-0.109870,0.000000,,,-2.915581,-2.530070,-0.122748,-0.095054,,,,0.052558,-1.076042,-1.807800,,,,,,
279276,,,,,,,,,-0.082402,0.652434,,,-3.542256,-2.673344,-0.118471,-0.095176,,,,0.052541,-1.076107,-1.810965,,,,,,
279287,,,,,,,,,-0.054935,0.000000,,,-3.524997,-2.793894,-0.120637,-0.095501,,,,0.052558,-1.076215,-1.810587,,,,,,
279296,,,,,,,,,-0.109870,1.304868,,,-4.599562,-2.895325,-0.111670,-0.095997,,,,0.052552,-1.076238,-1.810188,,,,,,
279306,,,,,,,,,-0.082402,-0.652434,,,-4.414614,-3.525213,-0.115335,-0.091083,,,,0.052559,-1.076041,-1.802619,,,,,,
279313,0.052656,-1.075674,-1.806141,0.008576,-1.016719,-1.092169,0.158836,0.077881,,,-9.077657,-2.383359,,,,,-0.047051,-0.056612,0.713972,,,,,,,,,
279316,,,,,,,,,-0.082402,0.652434,,,-4.258998,-3.510657,-0.073720,-0.010364,,,,0.052804,-1.075234,-1.795792,,,,,,
279326,,,,,,,,,-0.000000,0.000000,,,-4.128064,-2.953866,-0.076019,-0.015818,,,,0.053025,-1.074194,-1.789264,,,,,,
279336,,,,,,,,,-0.027467,0.652434,,,-4.017895,-2.485383,-0.078133,-0.020482,,,,,,,,,,,,
279343,,,,,,,,,,,,,,,,,,,,0.053236,-1.073133,-1.785873,,,,,,
279346,,,,,,,,,-0.000000,0.000000,,,-3.380656,-2.091201,-0.085645,-0.024483,,,,0.053438,-1.071919,-1.778994,,,,,,
279356,,,,,,,,,-0.027467,0.652434,,,-3.389027,-1.759536,-0.086699,-0.027924,,,,0.053621,-1.070824,-1.775657,,,,,,
279363,0.053565,-1.071118,-1.775478,0.016425,-1.031687,-1.083463,0.272347,0.137231,,,-1.286786,10.028081,,,,,-0.031059,-0.044379,0.692015,,,,,,,,,
279366,,,,,,,,,-0.054935,1.304868,,,-3.940613,-1.480473,-0.002743,0.095701,,,,0.053900,-1.069303,-1.772371,,,,,,
279376,,,,,,,,,-0.000000,0.000000,,,-3.315631,-1.245670,-0.008587,0.095608,,,,0.054142,-1.067976,-1.772393,,,,,,
279386,,,,,,,,,-0.000000,0.000000,,,-2.789772,-1.048107,-0.013545,0.095848,,,,0.054426,-1.066310,-1.768668,,,,,,
279396,,,,,,,,,-0.000000,0.000000,,,-2.347314,-0.881877,-0.017758,0.096367,,,,0.054481,-1.065794,-1.765000,,,,,,
279407,,,,,,,,,-0.000000,0.000000,,,-1.975029,-0.742011,-0.021343,0.097123,,,,0.054531,-1.066050,-1.761590,,,,,,
279412,0.054450,-1.066475,-1.762756,0.027771,-1.052766,-1.070437,0.406428,0.214064,,,8.630101,25.770145,,,,,-0.008367,-0.028804,0.692319,,,,,,,,,
279416,,,,,,,,,-0.000000,0.000000,,,-1.661789,-0.624328,0.076752,0.258645,,,,0.054504,-1.066206,-1.758027,,,,,,
279426,,,,,,,,,0.054935,1.304868,,,-1.398229,0.563777,0.076122,0.251806,,,,0.054441,-1.066422,-1.758027,,,,,,
279436,,,,,,,,,0.027467,0.652434,,,-1.176470,1.018905,0.075866,0.252205,,,,0.054350,-1.066516,-1.754380,,,,,,
279446,,,,,,,,,0.082402,1.957303,,,-0.989882,2.490936,0.075924,0.242140,,,,0.054360,-1.066915,-1.743579,,,,,,
279457,,,,,,,,,0.054935,1.304868,,,-0.832886,3.184960,0.076246,0.239717,,,,0.054156,-1.067529,-1.732685,,,,,,
279463,0.054144,-1.067668,-1.729733,0.043043,-1.080105,-1.052024,0.552327,0.310504,,,19.166239,42.513206,,,,,0.014037,-0.008993,0.677709,,,,,,,,,
279466,,,,,,,,,0.109870,2.609737,,,-0.700790,4.857998,0.184260,0.397948,,,,0.053920,-1.068327,-1.710829,,,,,,
279476,,,,,,,,,0.164805,3.914605,,,-0.589645,7.354778,0.187100,0.380012,,,,0.053748,-1.069302,-1.688725,,,,,,
279486,,,,,,,,,0.219740,3.914605,,,0.048416,10.000112,0.184543,0.360061,,,,0.053382,-1.070346,-1.662557,,,,,,
279496,,,,,,,,,0.329610,6.524341,,,0.585280,13.859525,0.182890,0.327198,,,,0.053198,-1.071859,-1.632416,,,,,,
279506,,,,,,,,,0.302142,4.567039,,,1.581541,16.562292,0.176445,0.305360,,,,0.053016,-1.073697,-1.605684,,,,,,
279513,0.053044,-1.074457,-1.596932,0.062527,-1.113278,-1.026915,0.699567,0.430324,,,34.486576,60.823273,,,,,0.038560,0.010494,0.570017,,,,,,,,,
279516,,,,,,,,,0.247207,4.567039,,,1.875252,18.836399,0.333233,0.474117,,,,0.052839,-1.075796,-1.574645,,,,,,
279527,,,,,,,,,0.466947,4.567039,,,4.300553,22.383463,0.315017,0.446335,,,,0.052817,-1.078474,-1.539820,,,,,,
279536,,,,,,,,,0.494415,5.219474,,,6.341201,25.912504,0.300240,0.418027,,,,0.052804,-1.081376,-1.497841,,,,,,
279546,,,,,,,,,0.686687,4.567039,,,9.691832,30.515469,0.271693,0.378058,,,,0.052802,-1.084571,-1.464135,,,,,,
279556,,,,,,,,,0.659220,5.219473,,,13.055595,34.388401,0.242341,0.344616,,,,0.052982,-1.088213,-1.430899,,,,,,
279563,0.053255,-1.089811,-1.422934,0.086343,-1.151248,-0.993420,0.836602,0.579593,,,53.161671,78.837753,,,,,0.065641,0.023676,0.429514,,,,,,,,,
279566,,,,,,,,,0.576817,4.567039,,,14.796779,36.558002,0.419353,0.511521,,,,0.053173,-1.092289,-1.398135,,,,,,
279577,,,,,,,,,0.741622,4.567040,,,17.895439,39.472591,0.395420,0.490248,,,,0.053656,-1.096805,-1.365855,,,,,,
279586,,,,,,,,,0.824024,2.609737,,,21.591740,43.014011,0.364771,0.461999,,,,0.054320,-1.101599,-1.330483,,,,,,
279596,,,,,,,,,0.933894,3.914605,,,25.790892,46.538303,0.328254,0.433215,,,,0.055177,-1.106846,-1.298927,,,,,,
279606,,,,,,,,,0.769089,0.000000,,,29.868601,47.325470,0.292135,0.431646,,,,0.056257,-1.112329,-1.260983,,,,,,
279613,0.056521,-1.113626,-1.274576,0.114420,-1.192397,-0.949265,0.951825,0.767687,,,70.200020,94.423859,,,,,0.092242,0.032384,0.325311,,,,,,,,,
279616,,,,,,,,,0.961362,3.262171,,,32.755043,50.710506,0.441143,0.562400,,,,0.057437,-1.118199,-1.223513,,,,,,
279626,,,,,,,,,1.016297,3.262172,,,36.272781,53.558678,0.412751,0.542091,,,,0.058860,-1.124362,-1.186499,,,,,,
279637,,,,,,,,,1.208569,3.914605,,,41.410778,58.133301,0.367129,0.503603,,,,0.060730,-1.130840,-1.146740,,,,,,
279646,,,,,,,,,1.153634,2.609736,,,44.644802,61.982388,0.339900,0.471600,,,,,,,,,,,,
279649,,,,,,,,,,,,,,,,,,,,0.062812,-1.137758,-1.110749,,,,,,
279656,,,,,,,,,1.126167,3.262170,,,47.365910,64.676468,0.317256,0.450609,,,,0.065337,-1.144837,-1.068643,,,,,,
279664,0.066354,-1.146604,-1.072250,0.146463,-1.234600,-0.891288,1.034848,1.008905,,,87.133675,105.128700,,,,,0.115589,0.028282,0.180962,,,,,,,,,
279667,,,,,,,,,1.016297,1.957302,,,49.110905,65.854179,0.476747,0.553735,,,,0.067914,-1.152192,-1.027061,,,,,,
279676,,,,,,,,,1.098699,3.914604,,,51.123688,67.934189,0.463821,0.540374,,,,0.070854,-1.159823,-0.982824,,,,,,
279686,,,,,,,,,1.318439,2.609739,,,54.995415,70.773399,0.431531,0.518853,,,,0.074393,-1.167524,-0.939127,,,,,,
279697,,,,,,,,,1.373374,1.304869,,,59.342171,73.706856,0.393622,0.495803,,,,0.078377,-1.175297,-0.889736,,,,,,
279707,,,,,,,,,1.043764,1.304868,,,59.732273,73.452347,0.395201,0.504683,,,,,,,,,,,,
279713,0.079620,-1.176646,-0.899593,0.181936,-1.275383,-0.814979,1.077910,1.324995,,,100.089836,113.452347,,,,,0.140952,0.018714,0.084614,0.082729,-1.183600,-0.843953,,,,,,
279716,,,,,,,,,1.318439,1.304869,,,62.238678,75.416374,0.507269,0.575886,,,,0.087508,-1.191869,-0.798724,,,,,,
279727,,,,,,,,,1.455776,1.957302,,,65.436653,78.157997,0.482220,0.555529,,,,0.092708,-1.200107,-0.747910,,,,,,
279737,,,,,,,,,1.483244,2.609737,,,69.216515,81.553879,0.450596,0.527950,,,,0.098415,-1.208372,-0.697550,,,,,,
279746,,,,,,,,,1.400841,1.957302,,,71.852348,83.322090,0.429885,0.516294,,,,0.104496,-1.216809,-0.647708,,,,,,
279756,,,,,,,,,1.373374,0.000000,,,74.070137,84.265320,0.412911,0.512699,,,,0.110984,-1.225018,-0.598284,,,,,,
279765,0.112040,-1.225389,-0.623601,0.220044,-1.312124,-0.713813,1.077275,1.748843,0.988829,1.304868,104.547638,107.372482,70.490753,80.158066,0.500094,0.498416,0.138326,-0.007340,-0.090212,,,,,,,,,
279768,,,,,,,,,,,,,,,,,,,,0.118154,-1.233058,-0.549167,,,,,,
279777,,,,,,,,,1.455776,0.652433,,,73.469032,82.147652,0.476527,0.483565,,,,0.125793,-1.241140,-0.494758,,,,,,
279786,,,,,,,,,1.400841,0.652435,,,76.519501,83.821686,0.451628,0.471535,,,,0.133755,-1.248974,-0.443537,,,,,,
279796,,,,,,,,,1.510711,-0.652434,,,79.630707,85.774765,0.425500,0.456324,,,,0.142003,-1.256629,-0.392546,,,,,,
279806,,,,,,,,,1.565646,-0.652435,,,82.248474,86.873543,0.403782,0.449436,,,,0.150987,-1.264088,-0.341975,,,,,,
279812,0.153081,-1.264638,-0.368396,0.259733,-1.342316,-0.578448,1.034438,2.328709,,,100.321350,97.842834,,,,,0.127469,-0.034059,-0.210052,,,,,,,,,
279816,,,,,,,,,1.345907,0.652434,,,82.817436,86.708969,0.359330,0.358012,,,,0.160304,-1.271422,-0.294324,,,,,,
279827,,,,,,,,,1.208569,-1.304866,,,81.662529,83.847778,0.374611,0.389422,,,,0.169937,-1.277978,-0.249586,,,,,,
279836,,,,,,,,,1.263504,0.000000,,,81.779877,84.163086,0.377146,0.389005,,,,0.179581,-1.284058,-0.204910,,,,,,
279846,,,,,,,,,1.400841,0.652435,,,81.878616,83.883850,0.379847,0.394589,,,,0.190057,-1.290027,-0.166051,,,,,,
279856,,,,,,,,,1.208569,1.304866,,,80.872604,83.648895,0.393797,0.399778,,,,0.201308,-1.295500,-0.130253,,,,,,
279865,0.202070,-1.294520,-0.144818,0.299708,-1.363820,-0.396363,0.957031,3.128195,0.796557,-0.652434,88.031387,87.804398,77.303436,79.639404,0.308734,0.341121,0.106616,-0.054484,-0.251545,,,,,,,,,
279868,,,,,,,,,,,,,,,,,,,,0.211746,-1.300033,-0.094036,,,,,,
279876,,,,,,,,,1.318439,0.000000,,,76.478508,78.988533,0.319294,0.349393,,,,0.222541,-1.303984,-0.063657,,,,,,
279887,,,,,,,,,1.208569,2.609737,,,75.784416,78.985435,0.328685,0.351188,,,,0.233304,-1.308190,-0.030311,,,,,,
279896,,,,,,,,,1.153634,1.304868,,,74.655861,78.438286,0.342645,0.358533,,,,0.244922,-1.311192,-0.005638,,,,,,
279906,,,,,,,,,1.236036,0.652434,,,74.250839,78.522453,0.349452,0.359547,,,,0.255933,-1.313618,0.022232,,,,,,
279912,0.256563,-1.312630,0.010900,0.338467,-1.375101,-0.154271,0.859247,4.202590,,,70.076988,81.552406,,,,,0.081218,-0.063360,-0.165171,,,,,,,,,
279917,,,,,,,,,1.236036,0.652434,,,73.910057,78.593277,0.172549,0.296911,,,,0.267154,-1.315163,0.038838,,,,,,
279924,,,,,,,,,,,,,72.534233,75.385605,0.185816,0.330221,,,,0.267154,-1.315163,0.038838,,,,,,
279927,,,,,,,,,0.906427,-0.652435,,,,,,,,,,0.277793,-1.316348,0.064101,,,,,,
279937,,,,,,,,,1.098699,3.914604,,,70.287529,75.409386,0.208240,0.331212,,,,0.289322,-1.317017,0.080487,,,,,,
279946,,,,,,,,,1.043764,2.609737,,,67.852608,74.884857,0.233035,0.337791,,,,0.301223,-1.317169,0.102522,,,,,,
279956,,,,,,,,,1.071232,3.262170,,,66.348412,74.988060,0.248822,0.338072,,,,0.312799,-1.316947,0.130103,,,,,,
279965,0.312557,-1.316186,0.133755,0.374365,-1.375415,0.152029,0.761264,5.501726,0.714154,1.304868,48.466763,76.688950,62.904606,70.174004,0.064270,0.338881,0.053358,-0.066942,0.018274,,,,,,,,,
279968,,,,,,,,,,,,,,,,,,,,0.324108,-1.316022,0.157583,,,,,,
279976,,,,,,,,,1.043764,3.914604,,,61.096073,71.568893,0.079830,0.325956,,,,0.335169,-1.314763,0.190830,,,,,,
279986,,,,,,,,,0.851492,5.871908,,,57.940746,71.653465,0.109488,0.326117,,,,0.346343,-1.312760,0.226750,,,,,,
279996,,,,,,,,,0.961362,7.176775,,,55.285854,72.813705,0.134674,0.315290,,,,,,,,,,,,
279999,,,,,,,,,,,,,,,,,,,,0.357031,-1.310741,0.274190,,,,,,
280006,,,,,,,,,0.961362,7.176775,,,53.052029,73.245392,0.156095,0.311662,,,,0.368070,-1.308245,0.327091,,,,,,
280013,0.367265,-1.307719,0.340952,0.405699,-1.364914,0.501984,0.685912,6.682049,,,26.791386,67.454979,,,,,0.017096,-0.066754,0.161032,,,,,,,,,
280017,,,,,,,,,0.933894,6.524341,,,51.172489,73.608612,-0.046740,0.214459,,,,0.378487,-1.305356,0.394446,,,,,,
280027,,,,,,,,,0.714154,5.219474,,,47.957413,71.736053,-0.018822,0.232328,,,,0.388791,-1.301202,0.464890,,,,,,
280036,,,,,,,,,0.659220,10.438947,,,42.529533,71.249573,0.032309,0.236434,,,,0.397727,-1.297387,0.536386,,,,,,
280046,,,,,,,,,0.631752,11.091381,,,37.417973,70.295700,0.081299,0.245405,,,,0.405813,-1.294051,0.608606,,,,,,
280056,,,,,,,,,0.686687,9.786511,,,34.206192,70.037659,0.111934,0.247469,,,,0.413856,-1.290407,0.678864,,,,,,
280063,0.412367,-1.290296,0.691546,0.430805,-1.344626,0.853892,0.649928,7.162419,,,12.722985,55.949043,,,,,-0.020446,-0.053607,0.162346,,,,,,,,,
280066,,,,,,,,,0.659220,7.829210,,,32.048344,69.276001,-0.011037,0.137360,,,,0.421099,-1.286567,0.758722,,,,,,
280076,,,,,,,,,0.631752,8.481645,,,29.688189,67.546051,0.009172,0.152341,,,,0.427557,-1.282347,0.836842,,,,,,
280086,,,,,,,,,0.494415,7.829209,,,26.613268,65.545929,0.037143,0.170422,,,,0.433658,-1.278145,0.916359,,,,,,
280096,,,,,,,,,0.549350,9.134079,,,24.026030,63.863026,0.060755,0.185669,,,,0.439448,-1.273642,0.997912,,,,,,
280106,,,,,,,,,0.439480,7.829209,,,21.304585,61.902489,0.086253,0.204083,,,,0.444273,-1.269546,1.077608,,,,,,
280113,0.442761,-1.269858,1.078044,0.448181,-1.316350,1.177649,0.653600,6.808008,,,10.158792,49.537880,,,,,-0.038397,-0.026768,0.099605,,,,,,,,,
280117,,,,,,,,,0.521882,7.176775,,,19.559303,60.252892,0.076184,0.154325,,,,0.448756,-1.265457,1.153039,,,,,,
280126,,,,,,,,,0.466947,7.176775,,,18.635368,58.320381,0.083728,0.171893,,,,0.452330,-1.261614,1.230194,,,,,,
280136,,,,,,,,,0.466947,7.176775,,,17.313427,56.149822,0.095516,0.192276,,,,0.455199,-1.257534,1.302505,,,,,,
280146,,,,,,,,,0.466947,5.871908,,,16.745687,54.323517,0.099876,0.209582,,,,0.457607,-1.253253,1.376602,,,,,,
280156,,,,,,,,,0.466947,5.871908,,,15.723449,52.786861,0.108986,0.224299,,,,0.459411,-1.248914,1.442259,,,,,,
280163,0.458668,-1.248825,1.436320,0.456602,-1.282421,1.470138,0.682542,6.139090,,,16.337353,50.048748,,,,,-0.033570,-0.002456,0.033818,,,,,,,,,
280166,,,,,,,,,0.439480,6.524342,,,15.407881,51.493919,0.174113,0.242048,,,,0.460671,-1.244364,1.506126,,,,,,
280176,,,,,,,,,0.466947,7.176775,,,14.597818,50.950581,0.182561,0.247301,,,,0.461201,-1.240100,1.567623,,,,,,
280186,,,,,,,,,0.521882,5.871907,,,14.460775,50.493416,0.184307,0.251784,,,,0.461255,-1.235809,1.628539,,,,,,
280196,,,,,,,,,0.466947,4.567039,,,14.890011,49.564217,0.180304,0.261173,,,,0.461082,-1.231883,1.685606,,,,,,
280206,,,,,,,,,0.521882,5.871907,,,15.795712,49.326931,0.171356,0.263690,,,,0.460698,-1.228131,1.741472,,,,,,
280213,0.460499,-1.227678,1.740498,0.455226,-1.245420,1.739995,0.721600,5.595091,,,25.628201,55.236137,,,,,-0.016597,0.008194,-0.000503,,,,,,,,,
280217,,,,,,,,,0.576817,5.871907,,,16.557770,49.127277,0.258458,0.318782,,,,0.460214,-1.224663,1.796203,,,,,,
280226,,,,,,,,,0.576817,4.567039,,,17.743507,48.959290,0.248177,0.321718,,,,0.459773,-1.221280,1.846131,,,,,,
280236,,,,,,,,,0.631752,1.957303,,,19.830275,48.817944,0.228469,0.324415,,,,0.458774,-1.216818,1.897773,,,,,,
280246,,,,,,,,,0.686687,4.567039,,,22.130623,49.243561,0.206165,0.321357,,,,0.457177,-1.211465,1.948190,,,,,,
280256,,,,,,,,,0.521882,4.567040,,,21.887962,49.057129,0.209340,0.324457,,,,0.456048,-1.206391,1.998195,,,,,,
280263,0.455803,-1.206077,1.995729,0.443692,-1.207836,1.991168,0.764550,5.213987,,,34.986176,62.488457,,,,,0.003390,0.011760,-0.004561,,,,,,,,,
280267,,,,,,,,,0.631752,4.567039,,,22.772875,48.900265,0.296513,0.401267,,,,0.453531,-1.200474,2.036870,,,,,,
280276,,,,,,,,,0.604285,3.914605,,,23.517439,49.312824,0.291361,0.399776,,,,0.451429,-1.195628,2.085531,,,,,,
280287,,,,,,,,,0.769089,5.219474,,,25.233002,50.204494,0.276156,0.393316,,,,0.448897,-1.190380,2.130208,,,,,,
280297,,,,,,,,,0.714154,3.914605,,,26.676476,52.043835,0.263383,0.377012,,,,0.445681,-1.184773,2.174226,,,,,,
280306,,,,,,,,,0.686687,4.567039,,,27.346472,52.502365,0.258211,0.374424,,,,0.442289,-1.179059,2.220932,,,,,,
280313,0.441944,-1.178853,2.221192,0.422170,-1.171725,2.217644,0.813675,4.811158,,,43.102383,68.532249,,,,,0.017646,0.011422,-0.003548,,,,,,,,,
280317,,,,,,,,,0.796557,4.567040,,,28.999292,53.432716,0.325666,0.428578,,,,0.438162,-1.173539,2.263994,,,,,,
280326,,,,,,,,,0.796557,3.262171,,,30.389977,54.760059,0.314301,0.418059,,,,,,,,,,,,
280329,,,,,,,,,,,,,,,,,,,,0.433984,-1.167908,2.306585,,,,,,
280337,,,,,,,,,0.906427,4.567039,,,32.649185,56.965969,0.293800,0.398313,,,,0.429448,-1.162479,2.351812,,,,,,
280347,,,,,,,,,0.906427,4.567039,,,34.550083,58.277481,0.276501,0.387249,,,,0.424251,-1.156686,2.396642,,,,,,
280356,,,,,,,,,0.851492,3.262170,,,36.149498,59.380985,0.261898,0.378044,,,,0.418605,-1.150871,2.435122,,,,,,
280363,0.418166,-1.150571,2.430853,0.391389,-1.138461,2.407749,0.873407,4.206012,,,51.958603,73.047188,,,,,0.028194,0.008291,-0.023104,,,,,,,,,
280367,,,,,,,,,0.878959,5.219473,,,36.950703,60.309475,0.345450,0.416456,,,,0.412584,-1.144981,2.479077,,,,,,
280377,,,,,,,,,0.906427,3.262171,,,39.258465,61.635246,0.324912,0.405481,,,,0.405988,-1.139244,2.519859,,,,,,
280386,,,,,,,,,0.988829,3.914606,,,40.655670,62.750751,0.313201,0.396385,,,,0.399472,-1.133989,2.563352,,,,,,
280397,,,,,,,,,0.961362,1.957303,,,42.920368,63.689339,0.292361,0.388871,,,,0.392316,-1.128395,2.600789,,,,,,
280406,,,,,,,,,0.988829,3.914606,,,44.281342,65.023613,0.280287,0.377133,,,,0.384680,-1.123276,2.643587,,,,,,
280413,0.384093,-1.123184,2.642150,0.352614,-1.108561,2.551696,0.943469,3.364355,,,62.272728,74.662476,,,,,0.034638,0.002239,-0.090454,,,,,,,,,
280416,,,,,,,,,1.016297,4.567039,,,45.426464,65.601723,0.375346,0.389317,,,,0.376828,-1.118277,2.683514,,,,,,
280427,,,,,,,,,1.016297,3.262172,,,47.479057,67.177231,0.357779,0.375059,,,,0.368403,-1.113501,2.723103,,,,,,
280436,,,,,,,,,1.016297,3.262172,,,48.661564,67.958321,0.348676,0.368589,,,,0.359796,-1.109372,2.759999,,,,,,
280447,,,,,,,,,1.043764,1.304868,,,50.745613,68.615532,0.330141,0.363226,,,,0.351145,-1.105209,2.790918,,,,,,
280456,,,,,,,,,1.153634,2.609736,,,52.499130,69.713051,0.314561,0.353241,,,,0.341580,-1.101296,2.821791,,,,,,
280463,0.340749,-1.101113,2.817658,0.307583,-1.081665,2.645149,1.016318,2.379782,,,72.533852,73.787697,,,,,0.037631,-0.007880,-0.172509,,,,,,,,,
280466,,,,,,,,,1.043764,1.304868,,,53.974541,69.547417,0.406130,0.346997,,,,0.331985,-1.097666,2.847075,,,,,,
280476,,,,,,,,,1.098699,1.304869,,,55.760490,69.952599,0.391625,0.343712,,,,0.322088,-1.094267,2.872057,,,,,,
280486,,,,,,,,,1.071232,1.957303,,,57.263191,70.293518,0.379652,0.341002,,,,0.311921,-1.090974,2.891750,,,,,,
280497,,,,,,,,,1.181102,-0.652433,,,59.616650,70.580368,0.358701,0.338775,,,,0.301407,-1.088191,2.902852,,,,,,
280507,,,,,,,,,1.098699,2.609736,,,60.507763,70.821724,0.352195,0.336955,,,,0.291073,-1.085712,2.911251,,,,,,
280513,0.290789,-1.085812,2.914340,0.258411,-1.056639,2.687822,1.079951,1.358413,,,80.937546,72.049210,,,,,0.038118,-0.021128,-0.226518,,,,,,,,,
280517,,,,,,,,,1.181102,-1.957302,,,62.891174,71.024796,0.416007,0.317744,,,,0.280149,-1.083552,2.914149,,,,,,
280526,,,,,,,,,1.153634,-1.304868,,,64.352036,70.651115,0.404715,0.321760,,,,0.268966,-1.081113,2.916754,,,,,,
280536,,,,,,,,,1.098699,-1.304869,,,66.670288,70.336700,0.384386,0.325247,,,,0.257854,-1.078815,2.911156,,,,,,
280547,,,,,,,,,1.208569,0.000000,,,67.531776,70.072151,0.378453,0.328288,,,,0.246817,-1.076579,2.900124,,,,,,
280557,,,,,,,,,1.153634,-2.609736,,,69.345718,70.394104,0.362632,0.325399,,,,0.234987,-1.074185,2.880648,,,,,,
280563,0.235024,-1.073800,2.872542,0.207454,-1.031822,2.680789,1.123069,0.352533,,,85.936951,73.100761,,,,,0.037737,-0.033139,-0.191752,,,,,,,,,
280566,,,,,,,,,1.153634,-2.609736,,,70.871971,69.575912,0.400376,0.344802,,,,0.223539,-1.071703,2.863937,,,,,,
280577,,,,,,,,,1.263504,-1.304869,,,72.700706,69.976570,0.384736,0.341420,,,,0.211606,-1.068872,2.841485,,,,,,
280586,,,,,,,,,1.153634,-2.609736,,,74.239403,69.769142,0.371689,0.344161,,,,0.199830,-1.065843,2.819000,,,,,,
280597,,,,,,,,,1.345906,-3.262171,,,76.623146,70.139153,0.349714,0.341053,,,,0.188047,-1.062916,2.793765,,,,,,
280605,,,,,,,,,0.988829,-1.304868,,,75.361572,68.816849,0.364445,0.355133,,,,0.188047,-1.062916,2.793765,,,,,,
280608,,,,,,,,,,,,,,,,,,,,0.176328,-1.059381,2.768580,,,,,,
280613,0.177295,-1.059347,2.771842,0.157170,-1.005350,2.625154,1.139441,-0.630398,,,88.908356,73.523888,,,,,0.038279,-0.043075,-0.146688,,,,,,,,,
280616,,,,,,,,,1.236037,-1.957302,,,76.478256,69.337898,0.385478,0.354991,,,,0.164300,-1.055527,2.740342,,,,,,
280626,,,,,,,,,1.263504,-2.609736,,,77.962372,69.776306,0.372826,0.351356,,,,0.152542,-1.051327,2.712061,,,,,,
280636,,,,,,,,,1.318439,-3.914604,,,79.755653,70.145180,0.356724,0.348343,,,,0.141068,-1.047208,2.683727,,,,,,
280646,,,,,,,,,1.236037,-1.957302,,,80.719978,70.455551,0.348718,0.345853,,,,0.129267,-1.042341,2.655264,,,,,,
280656,,,,,,,,,1.263504,-2.609736,,,81.531357,70.716698,0.342080,0.343803,,,,,,,,,,,,
280665,0.128487,-1.041540,2.654116,0.109957,-0.975506,2.522669,1.130104,-1.589969,0.769089,-1.304867,93.072441,73.579216,76.224075,66.580078,0.440163,0.387122,0.047302,-0.049663,-0.131447,0.117547,-1.037131,2.623766,,,,,,
280668,,,,,,,,,,,,,,,,,,,,0.105982,-1.031611,2.597957,,,,,,
280676,,,,,,,,,1.345907,-1.957305,,,78.293053,68.000420,0.422429,0.374035,,,,0.094694,-1.025897,2.569172,,,,,,
280686,,,,,,,,,1.290972,-1.957303,,,80.033890,69.195496,0.407628,0.362961,,,,0.083269,-1.019811,2.540302,,,,,,
280696,,,,,,,,,1.318439,-3.914604,,,82.043167,70.201035,0.389742,0.353581,,,,0.072266,-1.013312,2.505399,,,,,,
280706,,,,,,,,,1.263504,0.000000,,,81.555603,70.502548,0.396921,0.351181,,,,0.060745,-1.006679,2.473340,,,,,,
280713,0.061781,-1.007056,2.488518,0.068006,-0.941043,2.377927,1.103091,-2.495022,,,89.800789,67.024780,,,,,0.035167,-0.056212,-0.110591,,,,,,,,,
280716,,,,,,,,,1.318439,-3.914604,,,83.323540,71.300781,0.347820,0.276799,,,,0.049420,-0.999137,2.437961,,,,,,
280726,,,,,,,,,1.290972,-5.871907,,,84.811081,70.883331,0.333943,0.280202,,,,0.038225,-0.991639,2.399511,,,,,,
280737,,,,,,,,,1.263504,-2.609736,,,85.518158,71.076637,0.327728,0.277459,,,,0.027671,-0.984219,2.366738,,,,,,
280746,,,,,,,,,1.318439,-5.219473,,,86.113091,70.150192,0.322517,0.286098,,,,0.017169,-0.975751,2.327558,,,,,,
280756,,,,,,,,,1.153634,-3.914605,,,86.613670,69.370682,0.318148,0.293424,,,,0.006963,-0.966919,2.284925,,,,,,
280765,0.008025,-0.966983,2.285614,0.033170,-0.901405,2.200601,1.070690,-3.262368,1.043764,-1.304868,88.472214,63.467632,82.678505,67.625717,0.345373,0.274470,0.033043,-0.061975,-0.085013,,,,,,,,,
280768,,,,,,,,,,,,,,,,,,,,-0.002623,-0.957726,2.245166,,,,,,
280776,,,,,,,,,1.153634,-2.609736,,,83.179260,67.246590,0.341424,0.277506,,,,-0.011876,-0.948148,2.201727,,,,,,
280786,,,,,,,,,1.236037,-5.871907,,,84.145142,66.927589,0.332631,0.280004,,,,-0.020668,-0.938592,2.154935,,,,,,
280796,,,,,,,,,1.290972,-4.567039,,,85.502380,66.659187,0.319652,0.282050,,,,-0.028807,-0.928701,2.113725,,,,,,
280807,,,,,,,,,1.236037,-4.567040,,,86.099815,66.433350,0.314152,0.283715,,,,-0.036548,-0.918624,2.069018,,,,,,
280813,-0.035745,-0.918408,2.068069,0.006862,-0.856819,2.005006,1.044701,-3.781378,,,87.802422,61.540886,,,,,0.033805,-0.066826,-0.063063,,,,,,,,,
280816,,,,,,,,,1.181102,-3.262171,,,86.057953,65.698792,0.308222,0.270961,,,,-0.043883,-0.908609,2.026878,,,,,,
280826,,,,,,,,,1.043764,-2.609737,,,83.844559,65.625275,0.331147,0.270880,,,,-0.050558,-0.898217,1.980844,,,,,,
280837,,,,,,,,,1.263504,-5.219473,,,84.704926,65.563416,0.323163,0.270694,,,,-0.056538,-0.887766,1.934355,,,,,,
280846,,,,,,,,,1.208569,-3.914605,,,84.884293,64.966827,0.321953,0.275975,,,,-0.062374,-0.877165,1.883525,,,,,,
280857,,,,,,,,,1.153634,-3.914605,,,85.035210,64.464859,0.320997,0.280409,,,,-0.067364,-0.866558,1.835405,,,,,,
280865,-0.066582,-0.866445,1.838539,-0.010024,-0.808228,1.805948,1.031671,-3.991328,1.153634,-2.609736,88.730049,63.324299,82.984024,64.042503,0.351935,0.302323,0.041180,-0.069944,-0.032591,,,,,,,,,
280868,,,,,,,,,,,,,,,,,,,,-0.072063,-0.855836,1.789955,,,,,,
280876,,,,,,,,,1.208569,-5.219474,,,83.980873,64.231674,0.342916,0.300250,,,,-0.076078,-0.845177,1.739913,,,,,,
280887,,,,,,,,,1.208569,-5.219474,,,85.364159,63.846298,0.329756,0.304000,,,,-0.079807,-0.833982,1.696016,,,,,,
280896,,,,,,,,,1.126167,-4.567039,,,84.894432,63.522045,0.335221,0.307203,,,,,,,,,,,,
280899,,,,,,,,,,,,,,,,,,,,-0.083314,-0.822296,1.647373,,,,,,
280906,,,,,,,,,1.153634,-5.219473,,,84.499199,62.704674,0.340019,0.315500,,,,-0.085653,-0.810856,1.594006,,,,,,
280913,-0.084723,-0.810727,1.592669,-0.017142,-0.757077,1.614315,1.031212,-3.934575,,,89.872536,68.338196,,,,,0.052159,-0.068739,0.021646,,,,,,,,,
280916,,,,,,,,,1.236037,-3.262171,,,85.255737,62.561481,0.344802,0.368226,,,,-0.087905,-0.799300,1.547587,,,,,,
280926,,,,,,,,,1.016297,-0.652434,,,82.625031,62.985542,0.372559,0.365056,,,,-0.089608,-0.788000,1.497938,,,,,,
280937,,,,,,,,,1.181102,-4.567039,,,83.134270,63.342346,0.368814,0.362488,,,,-0.090627,-0.775651,1.449231,,,,,,
280947,,,,,,,,,1.290972,-4.567039,,,84.107285,64.187103,0.360237,0.354870,,,,-0.091071,-0.764000,1.405383,,,,,,
280957,,,,,,,,,1.236037,-3.262171,,,84.381439,64.353340,0.358593,0.354005,,,,-0.091346,-0.752227,1.362257,,,,,,
280963,-0.090456,-0.751960,1.367947,-0.014700,-0.705027,1.436469,1.038534,-3.710558,,,90.557655,73.398056,,,,,0.061233,-0.064747,0.068522,,,,,,,,,
280967,,,,,,,,,1.153634,-3.914605,,,84.612114,65.582298,0.364327,0.393877,,,,-0.090920,-0.740286,1.316483,,,,,,
280976,,,,,,,,,1.290972,-1.957303,,,84.806198,65.527260,0.363537,0.396002,,,,-0.089634,-0.728637,1.271337,,,,,,
280986,,,,,,,,,1.153634,0.000000,,,82.791328,66.570038,0.385238,0.386939,,,,-0.088179,-0.717057,1.230639,,,,,,
280997,,,,,,,,,1.318439,-3.914604,,,83.818741,67.447426,0.376312,0.379356,,,,-0.086311,-0.705080,1.190005,,,,,,
281006,,,,,,,,,1.181102,-3.262171,,,84.138657,67.641121,0.374397,0.378570,,,,-0.083575,-0.692833,1.150173,,,,,,
281013,-0.082744,-0.693044,1.154800,-0.003420,-0.653617,1.276819,1.048656,-3.389546,,,90.038261,78.386192,,,,,0.068119,-0.056626,0.122019,,,,,,,,,
281016,,,,,,,,,1.290972,-3.262171,,,84.952377,68.348640,0.362083,0.423384,,,,-0.080478,-0.680999,1.110912,,,,,,
281027,,,,,,,,,1.181102,0.652433,,,82.914330,68.943947,0.383888,0.419319,,,,-0.077091,-0.669576,1.075284,,,,,,
281036,,,,,,,,,1.345906,-3.262171,,,83.377686,69.989380,0.380587,0.410544,,,,-0.072947,-0.657681,1.036727,,,,,,
281046,,,,,,,,,1.318439,-2.609739,,,84.312096,70.869003,0.372388,0.403251,,,,-0.068197,-0.645629,1.001802,,,,,,
281056,,,,,,,,,1.263504,-2.609736,,,85.098312,71.609123,0.365514,0.397206,,,,-0.062995,-0.634368,0.973521,,,,,,
281063,-0.062182,-0.634601,0.977824,0.015518,-0.603977,1.140413,1.058772,-2.979835,,,87.875420,81.435173,,,,,0.068817,-0.047321,0.162589,,,,,,,,,
281067,,,,,,,,,1.373374,-1.304869,,,85.759834,73.320946,0.337693,0.412200,,,,-0.057709,-0.623234,0.939468,,,,,,
281076,,,,,,,,,1.236036,-0.652434,,,85.227348,73.672180,0.343547,0.410240,,,,-0.051742,-0.612013,0.911516,,,,,,
281086,,,,,,,,,1.181102,0.652433,,,83.145691,72.878624,0.365310,0.419887,,,,-0.044726,-0.600533,0.883624,,,,,,
281096,,,,,,,,,1.373374,-2.609737,,,83.572357,74.389099,0.361904,0.406192,,,,-0.037781,-0.589691,0.859295,,,,,,
281106,,,,,,,,,1.318439,-1.304869,,,84.475891,75.115471,0.353549,0.400192,,,,-0.030422,-0.579268,0.841118,,,,,,
281113,-0.029825,-0.579444,0.847145,0.040563,-0.556635,1.033569,1.067865,-2.454869,,,84.344864,82.655685,,,,,0.063698,-0.037646,0.186424,,,,,,,,,
281117,,,,,,,,,1.345907,-1.957305,,,84.691582,75.726639,0.316017,0.407671,,,,-0.022875,-0.569112,0.823017,,,,,,
281126,,,,,,,,,1.126167,-0.652435,,,82.694893,75.151794,0.336314,0.414920,,,,-0.014607,-0.558671,0.804794,,,,,,
281137,,,,,,,,,1.318439,0.000000,,,83.193054,76.301750,0.331562,0.404692,,,,-0.006000,-0.548205,0.789820,,,,,,
281147,,,,,,,,,1.345907,-0.652434,,,83.612206,77.269318,0.327517,0.396093,,,,0.002656,-0.538431,0.777898,,,,,,
281157,,,,,,,,,1.400841,0.652435,,,83.964882,78.083427,0.324067,0.388866,,,,0.011452,-0.528680,0.768934,,,,,,
281163,0.011845,-0.528504,0.778245,0.069890,-0.511473,0.962701,1.075036,-1.796908,,,80.026611,82.050438,,,,,0.053293,-0.028620,0.184456,,,,,,,,,
281167,,,,,,,,,1.345907,-0.652434,,,83.717079,79.312965,0.282624,0.371066,,,,0.020573,-0.518935,0.763071,,,,,,
281177,,,,,,,,,1.263504,0.000000,,,83.508575,79.802956,0.284013,0.366616,,,,0.029871,-0.509284,0.759987,,,,,,
281186,,,,,,,,,1.208569,1.304866,,,81.699509,78.581604,0.301769,0.379523,,,,0.039654,-0.499603,0.753982,,,,,,
281197,,,,,,,,,1.318439,0.000000,,,81.810989,79.732132,0.300297,0.368481,,,,0.049289,-0.490141,0.751045,,,,,,
281207,,,,,,,,,1.263504,0.000000,,,81.360245,80.155640,0.304538,0.364625,,,,0.058648,-0.480638,0.753937,,,,,,
281213,0.058503,-0.480940,0.755982,0.101501,-0.467811,0.932653,1.078588,-1.021290,,,74.735832,80.653130,,,,,0.040292,-0.019944,0.176671,,,,,,,,,
281216,,,,,,,,,1.373374,1.304869,,,80.980995,81.056526,0.254173,0.341563,,,,0.068134,-0.470700,0.759876,,,,,,
281227,,,,,,,,,1.098699,-1.304869,,,80.117348,79.091812,0.261734,0.361522,,,,0.077359,-0.461417,0.765779,,,,,,
281237,,,,,,,,,1.290972,3.262171,,,79.390678,80.161423,0.268069,0.350924,,,,0.086865,-0.452040,0.771760,,,,,,
281247,,,,,,,,,1.345907,0.652434,,,79.323799,80.516846,0.267821,0.347397,,,,0.096074,-0.442505,0.780706,,,,,,
281256,,,,,,,,,1.208569,0.000000,,,78.722984,80.815903,0.273031,0.344374,,,,0.105355,-0.433167,0.792702,,,,,,
281263,0.105102,-0.433687,0.789630,0.133344,-0.424620,0.945543,1.076676,-0.173391,,,69.289055,78.469795,,,,,0.026323,-0.013670,0.155913,,,,,,,,,
281267,,,,,,,,,1.318439,2.609739,,,78.217461,81.612068,0.221833,0.313951,,,,0.114528,-0.423753,0.807775,,,,,,
281277,,,,,,,,,1.263504,1.304869,,,77.247566,81.737419,0.229940,0.312044,,,,0.123586,-0.414364,0.825889,,,,,,
281286,,,,,,,,,1.098699,0.000000,,,75.886955,80.209259,0.242227,0.326977,,,,0.132162,-0.404916,0.844001,,,,,,
281296,,,,,,,,,1.181102,3.262171,,,75.286682,80.557098,0.247030,0.323082,,,,0.140590,-0.395303,0.865331,,,,,,
281307,,,,,,,,,1.263504,2.609736,,,74.781616,80.849770,0.250982,0.319679,,,,0.149007,-0.385720,0.889777,,,,,,
281313,0.148811,-0.385754,0.892317,0.163408,-0.380799,1.000201,1.068803,0.685140,,,64.776054,75.370537,,,,,0.013019,-0.008254,0.107884,,,,,,,,,
281317,,,,,,,,,1.153634,1.304868,,,73.812103,81.640564,0.213740,0.279524,,,,0.157353,-0.375641,0.914238,,,,,,
281326,,,,,,,,,1.181102,1.957302,,,72.451813,80.127769,0.225808,0.293701,,,,0.165195,-0.365778,0.941990,,,,,,
281336,,,,,,,,,1.153634,2.609736,,,71.307266,79.943985,0.235947,0.294624,,,,0.172884,-0.355566,0.960566,,,,,,
281347,,,,,,,,,1.126167,1.957302,,,70.344246,78.700264,0.244464,0.306395,,,,0.180104,-0.345646,0.982464,,,,,,
281357,,,,,,,,,1.126167,1.957302,,,69.533958,78.198341,0.251615,0.310849,,,,0.187073,-0.335194,1.007521,,,,,,
281363,0.186639,-0.335614,1.006061,0.189838,-0.335442,1.091992,1.056741,1.485642,,,59.595768,73.054260,,,,,0.001857,-0.002610,0.085931,,,,,,,,,
281366,,,,,,,,,1.126167,1.957302,,,68.852188,77.776024,0.204778,0.290965,,,,0.193699,-0.324501,1.029783,,,,,,
281377,,,,,,,,,1.098699,2.609736,,,67.734001,77.420685,0.214333,0.293645,,,,0.200002,-0.314111,1.048991,,,,,,
281386,,,,,,,,,1.098699,2.609736,,,66.248611,76.577164,0.227856,0.301376,,,,0.206137,-0.303368,1.071695,,,,,,
281396,,,,,,,,,1.071232,1.957303,,,66.087891,76.411964,0.228165,0.302356,,,,0.211720,-0.293169,1.091114,,,,,,
281406,,,,,,,,,1.016297,1.957302,,,65.408119,75.728424,0.233800,0.308657,,,,0.216712,-0.283595,1.117107,,,,,,
281413,0.216288,-0.284249,1.115999,0.211024,-0.288048,1.213159,1.044069,2.159765,,,54.405113,72.267746,,,,,-0.005725,0.003060,0.097160,,,,,,,,,
281416,,,,,,,,,1.098699,2.609736,,,64.836159,75.697838,0.185527,0.300411,,,,0.221672,-0.274070,1.143421,,,,,,
281427,,,,,,,,,1.153634,2.609736,,,64.354912,75.672104,0.188349,0.299988,,,,0.226090,-0.264511,1.166420,,,,,,
281436,,,,,,,,,1.016297,1.957302,,,63.405449,75.105904,0.196044,0.305082,,,,0.230247,-0.254773,1.186352,,,,,,
281446,,,,,,,,,0.988829,3.914606,,,62.062027,74.629509,0.207947,0.309374,,,,0.234081,-0.244967,1.216441,,,,,,
281456,,,,,,,,,1.126167,3.262170,,,61.476215,74.228668,0.212391,0.312990,,,,0.237696,-0.235198,1.247020,,,,,,
281463,0.237634,-0.234919,1.249706,0.225693,-0.238617,1.353993,1.034566,2.653946,,,51.712509,72.811935,,,,,-0.007278,0.010164,0.104287,,,,,,,,,
281467,,,,,,,,,1.016297,3.262172,,,60.438770,74.435944,0.194094,0.316034,,,,0.241233,-0.225361,1.278015,,,,,,
281477,,,,,,,,,1.043764,3.914604,,,59.565865,74.610344,0.201252,0.313931,,,,0.244395,-0.215616,1.312711,,,,,,
281486,,,,,,,,,0.961362,4.567040,,,58.286858,74.212540,0.212727,0.317629,,,,0.247104,-0.205712,1.344357,,,,,,
281496,,,,,,,,,1.016297,1.957302,,,57.755245,73.877831,0.216835,0.320763,,,,0.249354,-0.196020,1.379922,,,,,,
281506,,,,,,,,,1.016297,3.262172,,,57.307945,73.051659,0.220189,0.328976,,,,0.251431,-0.186255,1.419797,,,,,,
281513,0.251283,-0.186196,1.419205,0.232980,-0.187622,1.504483,1.030627,2.945649,,,52.192848,73.819633,,,,,-0.004174,0.017878,0.085278,,,,,,,,,
281517,,,,,,,,,1.016297,4.567039,,,56.931587,73.445602,0.227808,0.335189,,,,0.253129,-0.176587,1.452834,,,,,,
281521,,,,,,,,,,,,,,,,,,,,0.253129,-0.176587,1.452834,,,,,,
281526,,,,,,,,,1.016297,3.262172,,,56.614922,73.232529,0.230090,0.337437,,,,0.254572,-0.166932,1.493961,,,,,,
281536,,,,,,,,,1.016297,3.262172,,,55.803936,73.597794,0.237478,0.333829,,,,0.255368,-0.157539,1.532006,,,,,,
281546,,,,,,,,,0.961362,1.957303,,,55.666115,72.271492,0.238162,0.347401,,,,,,,,,,,,
281557,,,,,,,,,0.988829,5.219473,,,56.094696,73.878258,0.233095,0.331322,,,,,,,,,,,,
281563,0.255161,-0.155797,1.544431,0.232485,-0.135868,1.655400,1.032777,3.043202,,,57.589619,81.583344,,,,,0.019324,0.023193,0.110969,,,,,,,,,
281566,,,,,,,,,1.043764,3.914604,,,54.821674,73.052017,0.300347,0.418928,,,,0.256425,-0.129947,1.651296,,,,,,
281576,,,,,,,,,1.071232,4.567039,,,54.839642,73.445908,0.300717,0.416616,,,,0.256006,-0.119898,1.692334,,,,,,
281586,,,,,,,,,1.043764,2.609737,,,54.854759,73.777328,0.301113,0.414863,,,,0.255517,-0.109734,1.732531,,,,,,
281596,,,,,,,,,1.071232,5.871908,,,54.867477,74.600731,0.301530,0.408026,,,,0.254684,-0.099353,1.775770,,,,,,
281607,,,,,,,,,0.961362,0.652434,,,55.967266,73.115364,0.290857,0.424573,,,,0.253149,-0.088808,1.814655,,,,,,
281613,0.253284,-0.090395,1.794721,0.224306,-0.084267,1.798304,1.040273,2.965572,,,60.144348,76.869408,,,,,0.012410,0.026894,0.003583,,,,,,,,,
281617,,,,,,,,,1.153634,3.914605,,,55.803543,74.043747,0.318910,0.368715,,,,0.251301,-0.078494,1.859969,,,,,,
281626,,,,,,,,,1.071232,4.567039,,,56.210327,74.824890,0.315628,0.361312,,,,0.248900,-0.068103,1.901031,,,,,,
281637,,,,,,,,,1.153634,2.609736,,,57.097141,75.482147,0.307370,0.355017,,,,0.246033,-0.057778,1.941646,,,,,,
281646,,,,,,,,,1.126167,3.262170,,,57.843304,75.490616,0.300368,0.355208,,,,0.242895,-0.047363,1.978372,,,,,,
281656,,,,,,,,,1.153634,2.609736,,,59.015671,76.042290,0.288870,0.349857,,,,0.239036,-0.037272,2.014562,,,,,,
281665,0.238820,-0.037099,2.007056,0.209041,-0.033614,1.925057,1.051868,2.723463,0.741622,-1.957302,65.078773,74.817741,57.279381,71.605576,0.357137,0.374350,0.015742,0.025517,-0.081999,,,,,,,,,
281668,,,,,,,,,,,,,,,,,,,,0.235075,-0.026961,2.050433,,,,,,
281677,,,,,,,,,1.126167,4.567039,,,58.541183,72.773415,0.345827,0.363080,,,,0.230641,-0.016829,2.082543,,,,,,
281686,,,,,,,,,1.181102,1.957302,,,59.602863,73.211494,0.336305,0.359021,,,,0.225876,-0.006636,2.111321,,,,,,
281697,,,,,,,,,1.098699,1.304869,,,61.040707,74.124634,0.322735,0.350028,,,,0.220305,0.003234,2.133543,,,,,,
281706,,,,,,,,,1.236037,1.957302,,,62.250507,74.892952,0.311202,0.342330,,,,0.214676,0.012594,2.158844,,,,,,
281713,0.214265,0.013002,2.154310,0.187761,0.015609,2.027807,1.065895,2.320224,,,68.598106,73.011917,,,,,0.016778,0.020682,-0.126503,,,,,,,,,
281716,,,,,,,,,1.153634,1.304868,,,63.268433,74.994873,0.337282,0.322856,,,,0.208633,0.022198,2.180687,,,,,,
281727,,,,,,,,,1.153634,1.304868,,,64.124916,74.536087,0.329612,0.327139,,,,0.202162,0.032119,2.196221,,,,,,
281736,,,,,,,,,1.126167,0.652435,,,65.390106,75.239143,0.317602,0.319663,,,,0.195262,0.041700,2.211611,,,,,,
281747,,,,,,,,,1.208569,0.000000,,,66.454636,74.741615,0.307385,0.324292,,,,0.188265,0.051059,2.223870,,,,,,
281756,,,,,,,,,1.126167,1.957302,,,66.805786,74.322990,0.304232,0.328216,,,,0.181290,0.060118,2.230188,,,,,,
281765,0.181270,0.059980,2.232029,0.161942,0.063344,2.099642,1.079876,1.766474,0.769089,-1.304867,70.614586,71.358681,65.467613,70.703499,0.338808,0.348010,0.014524,0.013189,-0.132387,,,,,,,,,
281768,,,,,,,,,,,,,,,,,,,,0.174091,0.069481,2.236390,,,,,,
281776,,,,,,,,,1.181102,-0.652433,,,65.975304,70.925323,0.334659,0.345878,,,,0.166558,0.078775,2.239346,,,,,,
281786,,,,,,,,,1.208569,1.304866,,,66.947021,71.656509,0.325675,0.338507,,,,0.159195,0.087882,2.242507,,,,,,
281796,,,,,,,,,1.263504,-1.304869,,,68.309166,72.271729,0.312515,0.332172,,,,0.151684,0.096853,2.245530,,,,,,
281807,,,,,,,,,1.208569,0.000000,,,69.999817,72.789375,0.295731,0.326709,,,,0.144193,0.105663,2.242697,,,,,,
281813,0.144187,0.105829,2.241806,0.133380,0.109942,2.135378,1.090498,1.089495,,,71.255630,69.877136,,,,,0.009941,0.005907,-0.106428,,,,,,,,,
281816,,,,,,,,,1.208569,0.000000,,,70.333244,72.680382,0.298992,0.312423,,,,0.136121,0.115290,2.236315,,,,,,
281827,,,,,,,,,1.126167,-1.957302,,,71.158333,71.499588,0.290761,0.323907,,,,0.128554,0.124438,2.236357,,,,,,
281836,,,,,,,,,1.098699,-1.304869,,,71.852562,71.595154,0.283699,0.322607,,,,0.120701,0.133845,2.236269,,,,,,
281847,,,,,,,,,1.236036,0.652434,,,72.436684,72.220100,0.277621,0.315889,,,,0.113088,0.143349,2.233278,,,,,,
281857,,,,,,,,,1.208569,0.000000,,,72.383621,72.745934,0.277927,0.310057,,,,0.105411,0.152505,2.230203,,,,,,
281863,0.105515,0.152563,2.231182,0.104063,0.156062,2.132028,1.094497,0.329917,,,71.668091,66.527687,,,,,0.003654,-0.001000,-0.099154,,,,,,,,,
281867,,,,,,,,,1.153634,0.000000,,,72.883522,73.188370,0.276809,0.270806,,,,0.097919,0.161635,2.227208,,,,,,
281877,,,,,,,,,1.126167,-0.652435,,,73.304138,72.471550,0.272276,0.276786,,,,0.090491,0.170601,2.224125,,,,,,
281887,,,,,,,,,1.098699,0.000000,,,72.024414,71.868416,0.285002,0.281749,,,,0.082823,0.179657,2.221042,,,,,,
281897,,,,,,,,,1.208569,0.000000,,,72.581284,71.905487,0.279250,0.280303,,,,0.075295,0.189048,2.217885,,,,,,
281907,,,,,,,,,1.098699,-1.304869,,,72.505287,71.392128,0.279843,0.284463,,,,0.067210,0.198997,2.211499,,,,,,
281913,0.067704,0.198821,2.207688,0.076045,0.202484,2.089002,1.090060,-0.465941,,,72.536781,61.628143,,,,,-0.002016,-0.008884,-0.118686,,,,,,,,,
281917,,,,,,,,,1.181102,-0.652433,,,72.985886,70.960190,0.283634,0.237921,,,,0.059694,0.208319,2.201966,,,,,,
281927,,,,,,,,,1.043764,0.000000,,,71.756638,70.052216,0.296082,0.245316,,,,0.052038,0.217957,2.189268,,,,,,
281937,,,,,,,,,1.071232,-3.262170,,,72.355972,68.743706,0.290125,0.256978,,,,0.044776,0.227576,2.182997,,,,,,
281947,,,,,,,,,1.098699,0.000000,,,72.315712,68.731812,0.290572,0.255676,,,,0.037463,0.237176,2.163827,,,,,,
281956,,,,,,,,,1.153634,-2.609736,,,72.826378,67.632713,0.285408,0.265466,,,,0.030461,0.246452,2.144653,,,,,,
281963,0.030945,0.246511,2.139012,0.051310,0.249887,2.008288,1.077868,-1.248523,,,72.554504,56.465363,,,,,-0.008114,-0.018981,-0.130725,,,,,,,,,
281967,,,,,,,,,1.098699,-2.609736,,,73.256058,66.707932,0.281148,0.221038,,,,0.023107,0.256205,2.118309,,,,,,
281977,,,,,,,,,1.043764,-2.609737,,,73.617584,65.385277,0.277320,0.232480,,,,0.016601,0.265780,2.096466,,,,,,
281986,,,,,,,,,1.071232,-1.957303,,,72.832687,64.272400,0.285113,0.242047,,,,0.010100,0.275675,2.066884,,,,,,
281996,,,,,,,,,1.071232,-3.262170,,,73.261360,63.880566,0.280685,0.244483,,,,0.004184,0.285455,2.037751,,,,,,
282007,,,,,,,,,1.043764,-3.914604,,,73.622047,63.006332,0.276865,0.251917,,,,-0.001786,0.295504,2.001228,,,,,,
282013,-0.001043,0.295287,1.996388,0.031645,0.298659,1.894558,1.061035,-1.964336,,,72.135674,53.943027,,,,,-0.010424,-0.031164,-0.101830,,,,,,,,,
282016,,,,,,,,,1.071232,-3.262170,,,73.380989,62.270756,0.274838,0.232384,,,,-0.007073,0.305363,1.967296,,,,,,
282026,,,,,,,,,1.016297,-1.957302,,,73.178162,61.107296,0.276658,0.242586,,,,-0.011640,0.315064,1.931278,,,,,,
282036,,,,,,,,,0.988829,-3.914606,,,73.552048,60.128361,0.272635,0.251138,,,,-0.015945,0.324656,1.894284,,,,,,
282046,,,,,,,,,1.126167,-3.262170,,,73.322090,59.849228,0.274698,0.252748,,,,-0.020038,0.334472,1.856877,,,,,,
282057,,,,,,,,,1.016297,-4.567039,,,74.217690,59.069824,0.265325,0.259517,,,,-0.023981,0.344499,1.818387,,,,,,
282063,-0.023379,0.344423,1.814183,0.018538,0.348764,1.754750,1.043890,-2.561305,,,72.856773,54.086899,,,,,-0.005888,-0.041728,-0.059433,,,,,,,,,
282067,,,,,,,,,1.098699,-2.609736,,,74.426704,58.958576,0.270132,0.261093,,,,-0.027106,0.354281,1.779962,,,,,,
282076,,,,,,,,,0.988829,-3.914606,,,74.058029,58.320431,0.273579,0.266628,,,,-0.029874,0.364408,1.743440,,,,,,
282087,,,,,,,,,1.098699,-2.609736,,,74.292366,58.328037,0.270948,0.265704,,,,-0.032504,0.374147,1.707962,,,,,,
282096,,,,,,,,,0.961362,-3.262171,,,73.944992,57.789894,0.274204,0.270345,,,,-0.034579,0.384052,1.674855,,,,,,
282107,,,,,,,,,1.098699,-3.914604,,,74.197258,57.881645,0.271414,0.268668,,,,-0.036333,0.393747,1.637963,,,,,,
282113,-0.035922,0.394168,1.636346,0.013102,0.399712,1.596878,1.030265,-3.003799,,,74.983131,55.005295,,,,,0.002321,-0.049282,-0.039468,,,,,,,,,
282116,,,,,,,,,0.988829,-2.609737,,,73.864975,57.414299,0.296224,0.282044,,,,-0.037685,0.403461,1.603908,,,,,,
282126,,,,,,,,,1.071232,-4.567039,,,74.129929,57.021076,0.293745,0.285573,,,,-0.038702,0.413043,1.569555,,,,,,
282136,,,,,,,,,1.071232,-1.957303,,,74.352859,57.234760,0.291641,0.282990,,,,-0.039457,0.422668,1.539780,,,,,,
282147,,,,,,,,,1.098699,-3.914604,,,74.540436,57.414555,0.289854,0.280710,,,,-0.039840,0.431973,1.509361,,,,,,
282157,,,,,,,,,1.016297,-3.262172,,,74.153725,57.021290,0.293887,0.284240,,,,-0.040170,0.442290,1.479185,,,,,,
282163,-0.039748,0.442515,1.478702,0.016029,0.450623,1.428705,1.022383,-3.284959,,,78.673714,56.391090,,,,,0.013203,-0.054795,-0.049997,,,,,,,,,
282166,,,,,,,,,0.933894,-2.609737,,,73.283798,56.690395,0.340570,0.301347,,,,-0.039961,0.452462,1.449420,,,,,,
282177,,,,,,,,,1.098699,-3.914604,,,74.185471,56.956528,0.332451,0.298572,,,,-0.039587,0.462826,1.416462,,,,,,
282186,,,,,,,,,1.071232,-1.957303,,,72.765968,57.180450,0.347828,0.296175,,,,-0.038646,0.473163,1.383722,,,,,,
282196,,,,,,,,,1.071232,-3.262170,,,73.749771,57.368858,0.338975,0.294096,,,,-0.037576,0.483194,1.351917,,,,,,
282207,,,,,,,,,1.043764,-3.914604,,,74.032997,56.982841,0.337070,0.297838,,,,-0.036205,0.493621,1.316550,,,,,,
282213,-0.035688,0.493635,1.313753,0.027572,0.500393,1.257244,1.020994,-3.418961,,,81.846909,58.296135,,,,,0.022618,-0.059463,-0.056509,,,,,,,,,
282217,,,,,,,,,1.043764,-2.609737,,,74.271301,57.202591,0.367934,0.314909,,,,-0.034583,0.504348,1.278286,,,,,,
282227,,,,,,,,,1.098699,-5.219474,,,75.016357,57.387486,0.361850,0.313242,,,,-0.032658,0.515100,1.237098,,,,,,
282236,,,,,,,,,1.071232,-3.262170,,,75.643250,57.543056,0.356822,0.311837,,,,-0.030026,0.525857,1.193081,,,,,,
282246,,,,,,,,,1.071232,-1.957303,,,74.537086,57.129410,0.369345,0.316207,,,,-0.026978,0.535913,1.149986,,,,,,
282256,,,,,,,,,1.153634,-5.219473,,,75.784531,57.870457,0.358083,0.308881,,,,-0.023800,0.546263,1.107539,,,,,,
282263,-0.022989,0.546337,1.102976,0.047557,0.547895,1.089437,1.026319,-3.416751,,,83.915230,63.039391,,,,,0.033203,-0.062263,-0.013539,,,,,,,,,
282267,,,,,,,,,1.126167,-4.567039,,,76.834129,58.493973,0.369687,0.350988,,,,-0.019891,0.556734,1.065572,,,,,,
282276,,,,,,,,,1.126167,-3.262170,,,77.717262,58.474056,0.362095,0.352100,,,,-0.015710,0.567082,1.020834,,,,,,
282287,,,,,,,,,1.181102,-4.567039,,,79.004875,59.546383,0.350201,0.342075,,,,-0.010986,0.577178,0.976877,,,,,,
282297,,,,,,,,,1.181102,-3.262171,,,79.543732,59.904095,0.345687,0.339125,,,,-0.006122,0.587132,0.926993,,,,,,
282306,,,,,,,,,1.016297,-1.957302,,,77.818947,60.205074,0.364154,0.336682,,,,-0.000448,0.597496,0.883994,,,,,,
282313,-0.000199,0.596891,0.894178,0.075404,0.592203,0.933000,1.038650,-3.269751,,,85.498238,68.807419,,,,,0.043684,-0.061883,0.038822,,,,,,,,,
282316,,,,,,,,,1.208569,-2.609737,,,79.090431,61.002861,0.368551,0.387946,,,,0.005517,0.607522,0.838141,,,,,,
282327,,,,,,,,,1.181102,-3.262171,,,79.615715,61.674122,0.364474,0.382660,,,,0.011834,0.617040,0.792977,,,,,,
282336,,,,,,,,,1.236037,-3.262171,,,80.602234,62.783463,0.355588,0.372771,,,,0.018639,0.626382,0.754282,,,,,,
282346,,,,,,,,,1.126167,-0.652435,,,79.254120,63.716862,0.370318,0.364455,,,,0.025773,0.635215,0.712634,,,,,,
282357,,,,,,,,,1.236037,-4.567040,,,80.297989,64.502220,0.360920,0.357463,,,,0.033784,0.644254,0.674384,,,,,,
282363,0.034615,0.643931,0.673705,0.110172,0.632784,0.796304,1.057813,-2.959354,,,84.903465,75.633682,,,,,0.052094,-0.055851,0.122599,,,,,,,,,
282366,,,,,,,,,1.318439,-2.609739,,,80.631752,65.163025,0.352489,0.421212,,,,0.041913,0.652958,0.636430,,,,,,
282376,,,,,,,,,1.181102,-1.957302,,,81.457123,66.263565,0.344924,0.412080,,,,0.050045,0.661350,0.598651,,,,,,
282386,,,,,,,,,1.263504,-2.609736,,,82.151596,67.734108,0.338530,0.398955,,,,0.058984,0.669555,0.563824,,,,,,
282396,,,,,,,,,1.263504,-2.609736,,,82.735924,68.426880,0.333120,0.393468,,,,,,,,,,,,
282399,,,,,,,,,,,,,,,,,,,,0.068504,0.677525,0.526560,,,,,,
282407,,,,,,,,,1.126167,0.652435,,,80.504860,68.465233,0.356311,0.394518,,,,0.078139,0.685342,0.497926,,,,,,
282413,0.078179,0.684817,0.515434,0.150598,0.669620,0.687223,1.081893,-2.481776,,,83.764000,80.711777,,,,,0.055520,-0.048919,0.171789,,,,,,,,,
282417,,,,,,,,,1.290972,-1.957303,,,80.805817,69.586586,0.342498,0.436311,,,,0.088167,0.692658,0.469370,,,,,,
282427,,,,,,,,,1.263504,-1.304869,,,81.603584,70.530098,0.334952,0.428912,,,,0.098149,0.699437,0.440967,,,,,,
282436,,,,,,,,,1.263504,0.000000,,,81.730286,71.868507,0.334092,0.417297,,,,0.108761,0.705759,0.421085,,,,,,
282446,,,,,,,,,1.290972,-1.957303,,,82.381432,72.994644,0.327857,0.407579,,,,,,,,,,,,
282449,,,,,,,,,,,,,,,,,,,,0.119733,0.712014,0.398643,,,,,,
282456,,,,,,,,,1.263504,0.000000,,,81.840218,73.942177,0.333654,0.399457,,,,,,,,,,,,
282463,0.131256,0.717879,0.395485,0.195155,0.703245,0.611967,1.106498,-1.860729,,,80.598244,84.483170,,,,,0.053329,-0.038122,0.216482,0.131054,0.718105,0.384481,,,,,,
282467,,,,,,,,,1.098699,-1.304869,,,80.295753,73.650345,0.317502,0.442256,,,,0.142378,0.723868,0.373103,,,,,,
282476,,,,,,,,,1.345907,-0.652434,,,80.629875,73.949341,0.314154,0.441373,,,,0.153943,0.729104,0.364657,,,,,,
282487,,,,,,,,,1.345907,1.957305,,,80.911003,75.834549,0.311280,0.424251,,,,0.165761,0.734321,0.356216,,,,,,
282496,,,,,,,,,1.290972,-0.652435,,,80.602997,76.876213,0.314359,0.415355,,,,0.178192,0.739320,0.356122,,,,,,
282506,,,,,,,,,1.098699,2.609736,,,78.165672,76.119041,0.339219,0.424600,,,,0.190383,0.744156,0.361841,,,,,,
282512,0.189577,0.743948,0.375607,0.242105,0.734684,0.574851,1.125396,-1.135408,,,78.183220,85.283684,,,,,0.045467,-0.027887,0.199244,,,,,,,,,
282517,,,,,,,,,1.318439,0.000000,,,78.837624,78.749214,0.308218,0.407610,,,,0.202976,0.748979,0.364560,,,,,,
282526,,,,,,,,,1.345907,1.957305,,,78.858459,79.328613,0.307875,0.403007,,,,0.214946,0.753846,0.373009,,,,,,
282537,,,,,,,,,1.400841,0.652435,,,79.420532,80.360664,0.302007,0.393671,,,,0.227607,0.759121,0.381550,,,,,,
282546,,,,,,,,,1.318439,2.609739,,,79.348915,81.773575,0.302490,0.380244,,,,0.239972,0.764254,0.392829,,,,,,
282557,,,,,,,,,1.400841,0.652435,,,79.833206,82.962402,0.297317,0.368820,,,,0.252023,0.769592,0.410017,,,,,,
282574,0.247529,0.767748,0.409867,0.289553,0.765321,0.578889,1.132471,-0.339417,0.192272,0.652434,,,69.349823,72.527267,0.403917,0.475723,,,,,,,,,,,,
282577,,,,,,,,,0.521882,-0.652434,75.556381,85.122032,63.796364,65.925323,0.435536,0.543965,0.037577,-0.018972,0.169022,0.276224,0.780353,0.444060,,,,,,
282587,,,,,,,,,1.757919,2.609739,,,68.925461,73.439484,0.385571,0.471160,,,,0.288640,0.785913,0.457994,,,,,,
282596,,,,,,,,,1.400841,3.262171,,,71.607452,76.494637,0.359541,0.442334,,,,0.300850,0.791707,0.475167,,,,,,
282607,,,,,,,,,1.455776,0.652433,,,73.864082,79.609787,0.337313,0.412285,,,,0.313327,0.798101,0.492223,,,,,,
282613,0.313357,0.798100,0.488050,0.335534,0.796701,0.626396,1.124039,0.508726,,,68.879135,80.932266,,,,,0.018932,-0.011634,0.138345,,,,,,,,,
282617,,,,,,,,,1.455776,1.957302,,,75.762810,81.686333,0.250176,0.349471,,,,0.326205,0.804881,0.512160,,,,,,
282627,,,,,,,,,1.181102,0.652433,,,75.182228,80.710823,0.254722,0.359270,,,,0.338267,0.811601,0.532098,,,,,,
282636,,,,,,,,,1.318439,2.609739,,,75.238266,82.068199,0.252889,0.345469,,,,0.350374,0.818744,0.549564,,,,,,
282646,,,,,,,,,1.290972,1.957303,,,75.285416,83.754837,0.251137,0.328039,,,,0.362679,0.825885,0.575687,,,,,,
282656,,,,,,,,,1.318439,2.609739,,,75.325089,84.629433,0.249451,0.318553,,,,0.374698,0.833242,0.595485,,,,,,
282665,0.374263,0.833191,0.597410,0.378083,0.830313,0.718702,1.100715,1.396587,,,60.921059,76.523582,71.002121,79.919884,0.211084,0.320883,0.001540,-0.004529,0.121292,,,,,,,,,
282668,,,,,,,,,0.878959,2.609737,,,,,,,,,,0.386610,0.840926,0.624440,,,,,,
282676,,,,,,,,,1.208569,2.609737,,,70.632042,80.858162,0.212842,0.310633,,,,0.398304,0.849054,0.647503,,,,,,
282686,,,,,,,,,1.236037,3.262171,,,70.320656,81.103081,0.214076,0.307268,,,,0.409771,0.857609,0.676653,,,,,,
282697,,,,,,,,,1.181102,1.957302,,,70.058655,81.853699,0.214869,0.298696,,,,0.420999,0.866284,0.705853,,,,,,
282706,,,,,,,,,1.181102,3.262171,,,69.293663,81.940727,0.220844,0.296742,,,,0.431529,0.875016,0.735426,,,,,,
282712,0.430586,0.874610,0.737519,0.415338,0.867372,0.854347,1.068188,2.291904,,,51.718998,71.808121,,,,,-0.016153,0.004896,0.116828,,,,,,,,,
282716,,,,,,,,,1.126167,4.567039,,,68.105453,82.013954,0.137428,0.246814,,,,,,,,,,,,
282719,,,,,,,,,,,,,,,,,,,,0.441892,0.884449,0.770681,,,,,,
282726,,,,,,,,,1.126167,1.957302,,,67.105698,80.441940,0.144348,0.260807,,,,0.451764,0.893302,0.798282,,,,,,
282736,,,,,,,,,1.071232,4.567039,,,65.175415,79.663788,0.160960,0.267018,,,,0.459870,0.900694,0.828573,,,,,,
282746,,,,,,,,,1.098699,3.914604,,,64.095818,80.098137,0.169281,0.261016,,,,0.467980,0.908530,0.861788,,,,,,
282756,,,,,,,,,1.043764,3.914604,,,62.642902,79.374512,0.181625,0.266739,,,,0.475737,0.916656,0.901662,,,,,,
282763,0.474895,0.916367,0.904296,0.445633,0.908631,1.026142,1.036390,3.110491,,,45.035946,69.955910,,,,,-0.024171,0.018217,0.121846,,,,,,,,,
282767,,,,,,,,,0.933894,3.914605,,,60.875877,78.221115,0.129297,0.258098,,,,0.483278,0.925649,0.941814,,,,,,
282776,,,,,,,,,1.016297,3.262172,,,59.389103,77.250641,0.141294,0.266344,,,,,,,,,,,,
282784,,,,,,,,,,,,,,,,,,,,0.490329,0.934532,0.979318,,,,,,
282787,,,,,,,,,0.906427,3.262171,,,57.593590,75.345001,0.156737,0.284322,,,,0.496840,0.943446,1.017134,,,,,,
282796,,,,,,,,,0.961362,4.567040,,,56.082844,74.830681,0.169635,0.288490,,,,0.502595,0.951894,1.058902,,,,,,
282807,,,,,,,,,0.933894,5.219474,,,54.811703,74.397934,0.180392,0.291930,,,,0.508002,0.960251,1.101072,,,,,,
282813,0.507243,0.959927,1.106442,0.467611,0.954262,1.219969,1.016505,3.713054,,,42.772205,70.639977,,,,,-0.022814,0.032898,0.113527,,,,,,,,,
282816,,,,,,,,,0.933894,5.219474,,,53.197620,74.033821,0.171810,0.301733,,,,0.513126,0.968670,1.147120,,,,,,
282827,,,,,,,,,0.988829,3.914606,,,52.384075,73.182915,0.178023,0.309733,,,,0.517414,0.976942,1.200036,,,,,,
282836,,,,,,,,,0.906427,5.871908,,,51.155018,73.011505,0.188637,0.310973,,,,,,,,,,,,
282839,,,,,,,,,,,,,,,,,,,,0.521175,0.985612,1.244266,,,,,,
282847,,,,,,,,,0.961362,4.567040,,,50.665428,73.411819,0.191954,0.306415,,,,0.524493,0.993775,1.298959,,,,,,
282856,,,,,,,,,0.988829,5.219473,,,49.708946,73.204102,0.200132,0.307980,,,,0.527293,1.002689,1.348068,,,,,,
282863,0.526976,1.003018,1.349676,0.480304,1.003773,1.418569,1.016037,3.979581,,,47.267132,74.092712,,,,,-0.009500,0.045702,0.068893,,,,,,,,,
282866,,,,,,,,,0.933894,5.219474,,,48.904163,73.029327,0.252802,0.344467,,,,0.529540,1.011031,1.401632,,,,,,
282876,,,,,,,,,0.933894,3.914605,,,48.771561,72.882271,0.253827,0.346180,,,,0.531428,1.019795,1.452894,,,,,,
282887,,,,,,,,,0.988829,6.524340,,,48.659988,73.303085,0.254664,0.342130,,,,0.532888,1.027943,1.505280,,,,,,
282896,,,,,,,,,1.043764,3.914604,,,49.110657,73.657158,0.249788,0.338676,,,,0.534064,1.036319,1.555197,,,,,,
282906,,,,,,,,,0.933894,3.914605,,,49.489849,73.410530,0.245552,0.341279,,,,0.534866,1.044275,1.605408,,,,,,
282913,0.534668,1.044704,1.600363,0.483215,1.056032,1.608828,1.034469,3.919244,,,56.840878,79.687782,,,,,0.012844,0.051095,0.008464,,,,,,,,,
282916,,,,,,,,,1.016297,5.871907,,,49.264359,73.747559,0.345060,0.395047,,,,0.535081,1.053357,1.651200,,,,,,
282927,,,,,,,,,1.043764,2.609737,,,50.163715,72.942047,0.337402,0.404452,,,,0.534837,1.063693,1.695269,,,,,,
282936,,,,,,,,,0.988829,2.609737,,,50.920433,73.353378,0.331018,0.401605,,,,0.534714,1.073018,1.743130,,,,,,
282946,,,,,,,,,1.071232,5.871908,,,51.557137,73.699471,0.325708,0.399342,,,,0.533522,1.083091,1.782302,,,,,,
282956,,,,,,,,,1.153634,1.304868,,,53.726490,73.990677,0.304637,0.397569,,,,0.532306,1.092573,1.824970,,,,,,
282963,0.532144,1.093384,1.811591,0.476353,1.109339,1.785972,1.062898,3.675608,,,64.852150,84.166275,,,,,0.028800,0.050376,-0.025620,,,,,,,,,
282966,,,,,,,,,1.126167,3.262170,,,55.007240,75.324783,0.373912,0.430781,,,,0.530295,1.102597,1.863002,,,,,,
282976,,,,,,,,,1.098699,2.609736,,,56.084862,75.358215,0.364889,0.432209,,,,0.528268,1.113041,1.900599,,,,,,
282986,,,,,,,,,1.153634,2.609736,,,57.536118,75.930885,0.351840,0.428129,,,,0.525574,1.123530,1.937673,,,,,,
282996,,,,,,,,,1.126167,1.957302,,,58.212658,76.412727,0.346402,0.424861,,,,0.522459,1.133852,1.974454,,,,,,
283006,,,,,,,,,1.208569,3.914605,,,59.870987,77.362694,0.330815,0.416723,,,,0.518723,1.144010,2.004239,,,,,,
283013,0.518166,1.144545,2.004481,0.460243,1.161556,1.952652,1.087970,3.419933,,,71.094818,87.092941,,,,,0.039776,0.045413,-0.051829,,,,,,,,,
283016,,,,,,,,,1.208569,2.609737,,,61.266304,78.161995,0.381254,0.439782,,,,0.514575,1.154172,2.037117,,,,,,
283027,,,,,,,,,1.071232,-0.652434,,,62.440323,76.656357,0.371245,0.456926,,,,0.510057,1.164444,2.066234,,,,,,
283037,,,,,,,,,1.290972,3.262171,,,63.972687,78.112228,0.357346,0.444164,,,,0.505147,1.174933,2.095114,,,,,,
283046,,,,,,,,,1.208569,2.609737,,,64.717476,79.337196,0.351173,0.433465,,,,0.499891,1.185270,2.126972,,,,,,
283057,,,,,,,,,1.345907,1.957305,,,66.977768,80.367889,0.329394,0.424503,,,,0.494262,1.195428,2.155476,,,,,,
283063,0.493627,1.196150,2.151005,0.435880,1.210326,2.116126,1.096998,3.272406,,,72.654137,88.863129,,,,,0.043513,0.040525,-0.034879,,,,,,,,,
283066,,,,,,,,,1.236037,1.957302,,,67.790497,81.235115,0.337832,0.435058,,,,0.488127,1.205847,2.186810,,,,,,
283076,,,,,,,,,1.318439,3.914604,,,68.474319,81.964798,0.331830,0.429141,,,,0.481472,1.216455,2.217842,,,,,,
283086,,,,,,,,,1.181102,0.652433,,,69.049690,80.945122,0.326797,0.440921,,,,0.474442,1.226904,2.248525,,,,,,
283091,,,,,,,,,,,,,,,,,,,,0.474442,1.226904,2.248525,,,,,,
283097,,,,,,,,,1.290972,3.262171,,,69.533806,82.809883,0.322580,0.423485,,,,0.467141,1.237091,2.279099,,,,,,
283106,,,,,,,,,1.208569,2.609737,,,69.941147,83.289803,0.319049,0.419800,,,,0.459500,1.246901,2.309559,,,,,,
283113,0.459305,1.246687,2.307190,0.404650,1.253267,2.286158,1.081742,3.299626,,,70.709160,87.868935,,,,,0.041583,0.036074,-0.021032,,,,,,,,,
283117,,,,,,,,,1.345907,1.957305,,,70.283882,84.238152,0.296257,0.401101,,,,0.451170,1.256808,2.342663,,,,,,
283126,,,,,,,,,1.263504,3.914606,,,70.572258,85.036095,0.293401,0.393688,,,,0.442655,1.266412,2.375589,,,,,,
283137,,,,,,,,,1.345907,4.567038,,,70.814896,86.252022,0.290953,0.381852,,,,0.433816,1.275938,2.408364,,,,,,
283147,,,,,,,,,1.181102,0.652433,,,71.019051,84.007851,0.288850,0.405066,,,,0.424463,1.284910,2.440756,,,,,,
283156,,,,,,,,,1.290972,3.262171,,,71.190826,85.386864,0.287036,0.391772,,,,0.415257,1.293688,2.479080,,,,,,
283163,0.414999,1.293445,2.478325,0.368229,1.288198,2.473748,1.040438,3.538587,,,64.781830,84.184731,,,,,0.033623,0.032931,-0.004577,,,,,,,,,
283166,,,,,,,,,1.208569,3.914605,,,70.790817,86.002617,0.230561,0.348409,,,,0.405544,1.302042,2.514133,,,,,,
283176,,,,,,,,,1.290972,3.262171,,,70.454247,86.520714,0.232792,0.342761,,,,0.395677,1.310243,2.551877,,,,,,
283187,,,,,,,,,1.153634,2.609736,,,69.626518,84.778465,0.240100,0.360065,,,,0.385308,1.317959,2.589335,,,,,,
283197,,,,,,,,,1.153634,3.914605,,,68.930061,84.946167,0.246235,0.358235,,,,0.374859,1.325234,2.629561,,,,,,
283206,,,,,,,,,1.290972,4.567039,,,67.799522,85.631821,0.256937,0.351089,,,,0.363923,1.332348,2.669353,,,,,,
283213,0.363598,1.331925,2.672459,0.328428,1.313378,2.689281,0.978627,4.001602,,,56.069817,79.170311,,,,,0.022985,0.032444,0.016822,,,,,,,,,
283217,,,,,,,,,1.236037,4.567040,,,67.937370,86.208725,0.166065,0.293768,,,,0.352697,1.338827,2.711822,,,,,,
283226,,,,,,,,,1.126167,3.262170,,,66.964272,85.605049,0.173617,0.298518,,,,0.341404,1.344760,2.756923,,,,,,
283236,,,,,,,,,1.098699,6.524342,,,65.056419,85.097115,0.190898,0.302412,,,,0.329971,1.350222,2.801809,,,,,,
283247,,,,,,,,,1.043764,1.304868,,,63.995697,82.491562,0.199920,0.327803,,,,0.318522,1.355269,2.852207,,,,,,
283256,,,,,,,,,1.071232,5.871908,,,62.558662,82.477425,0.212993,0.327283,,,,0.306743,1.359651,2.899390,,,,,,
283263,0.307259,1.358772,2.904957,0.287075,1.327651,2.937177,0.908898,4.637468,,,46.614361,73.872086,,,,,0.012326,0.034985,0.032220,,,,,,,,,
283266,,,,,,,,,1.043764,3.914604,,,61.349541,81.920990,0.127583,0.278256,,,,0.295035,1.363370,2.946471,,,,,,
283276,,,,,,,,,1.098699,6.524342,,,59.787643,81.997345,0.140567,0.275867,,,,0.283197,1.366736,2.996391,,,,,,
283286,,,,,,,,,1.016297,4.567039,,,57.928921,81.517052,0.156891,0.279141,,,,0.271430,1.369227,3.048793,,,,,,
283296,,,,,,,,,0.933894,5.219474,,,56.364990,80.023842,0.170580,0.292843,,,,0.259705,1.370894,3.095419,,,,,,
283306,,,,,,,,,0.878959,2.609737,,,54.504559,77.133827,0.187607,0.321091,,,,0.249154,1.372232,-3.135237,,,,,,
283313,0.250390,1.371700,3.138496,0.245865,1.330585,-3.075433,0.848667,5.248053,,,37.937092,70.365768,,,,,0.004398,0.041129,0.069256,,,,,,,,,
283316,,,,,,,,,1.016297,7.176775,,,53.483734,77.424889,0.107933,0.281705,,,,0.239102,1.373471,-3.079457,,,,,,
283327,,,,,,,,,0.961362,4.567040,,,52.080269,77.125244,0.119139,0.283350,,,,0.229493,1.373924,-3.026478,,,,,,
283336,,,,,,,,,0.961362,7.176775,,,50.354851,76.873123,0.133910,0.284569,,,,0.220000,1.373729,-2.968069,,,,,,
283347,,,,,,,,,0.796557,4.567040,,,48.903084,75.027359,0.146234,0.302095,,,,0.210368,1.373274,-2.909348,,,,,,
283356,,,,,,,,,0.878959,7.829209,,,46.592480,75.107964,0.167609,0.300340,,,,0.201283,1.372386,-2.847788,,,,,,
283363,0.201779,1.371650,-2.839880,0.206260,1.322501,-2.808030,0.814331,5.483375,,,37.906742,69.641541,,,,,0.010326,0.048261,0.031850,,,,,,,,,
283366,,,,,,,,,0.933894,6.524341,,,45.737423,74.631241,0.174290,0.296867,,,,0.192011,1.370817,-2.783320,,,,,,
283376,,,,,,,,,0.851492,5.871908,,,44.473438,74.230125,0.185616,0.299961,,,,0.183183,1.368524,-2.718407,,,,,,
283386,,,,,,,,,0.933894,5.219474,,,43.954464,73.892624,0.189597,0.302485,,,,0.174712,1.365562,-2.652995,,,,,,
283396,,,,,,,,,0.878959,6.524343,,,43.517799,73.608650,0.192841,0.304532,,,,,,,,,,,,
283399,,,,,,,,,,,,,,,,,,,,0.166816,1.362585,-2.587017,,,,,,
283406,,,,,,,,,0.906427,5.871908,,,42.605846,73.369720,0.201021,0.306175,,,,0.158995,1.359071,-2.523307,,,,,,
283413,0.159161,1.358472,-2.525257,0.169422,1.304445,-2.571661,0.812444,5.112545,,,44.247715,70.055603,,,,,0.022857,0.050018,-0.046405,,,,,,,,,
283417,,,,,,,,,0.933894,7.829209,,,42.383072,73.713226,0.267031,0.306149,,,,0.151681,1.355334,-2.458918,,,,,,
283426,,,,,,,,,0.878959,5.219473,,,42.195629,73.457710,0.269316,0.308024,,,,0.144832,1.350829,-2.396896,,,,,,
283436,,,,,,,,,0.961362,4.567040,,,42.582458,72.698174,0.265781,0.315091,,,,0.138498,1.346500,-2.339982,,,,,,
283447,,,,,,,,,0.878959,3.914604,,,43.452480,72.059097,0.257240,0.321081,,,,0.132472,1.341902,-2.282331,,,,,,
283456,,,,,,,,,0.988829,3.914606,,,44.184517,72.065926,0.249932,0.320611,,,,0.126301,1.336384,-2.233151,,,,,,
283465,0.125943,1.335497,-2.241256,0.136178,1.278098,-2.379966,0.834896,4.296208,0.741622,0.652433,54.305012,70.775490,44.800453,67.170776,0.346246,0.377482,0.038615,0.043684,-0.138710,,,,,,,,,
283468,,,,,,,,,,,,,,,,,,,,0.120020,1.329780,-2.186911,,,,,,
283477,,,,,,,,,0.961362,3.262171,,,45.318699,67.952888,0.342861,0.370225,,,,0.114126,1.323427,-2.139833,,,,,,
283486,,,,,,,,,0.933894,3.914605,,,46.299294,68.066414,0.334656,0.369632,,,,0.108624,1.316172,-2.098608,,,,,,
283496,,,,,,,,,0.988829,1.304868,,,48.213455,68.161934,0.316733,0.369200,,,,0.103602,1.309155,-2.056720,,,,,,
283506,,,,,,,,,1.126167,1.957302,,,50.368572,68.786850,0.295969,0.363348,,,,0.098672,1.301211,-2.020975,,,,,,
283513,0.098245,1.300221,-2.031258,0.106997,1.245586,-2.231755,0.864024,3.379017,,,61.695797,69.487526,,,,,0.045056,0.032118,-0.200497,,,,,,,,,
283517,,,,,,,,,0.988829,3.914606,,,51.092800,68.768112,0.364755,0.350800,,,,0.093927,1.292927,-1.984832,,,,,,
283527,,,,,,,,,1.016297,0.652434,,,52.791252,68.752342,0.349552,0.351104,,,,0.089226,1.284197,-1.955094,,,,,,
283536,,,,,,,,,1.016297,0.652434,,,53.675789,68.739075,0.342310,0.351387,,,,0.085083,1.275301,-1.924870,,,,,,
283546,,,,,,,,,1.043764,2.609737,,,54.964581,69.272453,0.330769,0.346096,,,,0.081013,1.266195,-1.901214,,,,,,
283557,,,,,,,,,1.071232,0.652434,,,56.048969,69.176697,0.321054,0.347116,,,,0.077415,1.256520,-1.880749,,,,,,
283565,0.077269,1.256111,-1.890644,0.082056,1.209304,-2.119454,0.881852,2.576480,0.851492,0.652435,65.020973,66.484749,54.783199,66.373413,0.369011,0.345143,0.042928,0.019262,-0.228810,,,,,,,,,
283568,,,,,,,,,,,,,,,,,,,,0.074121,1.246989,-1.863464,,,,,,
283576,,,,,,,,,1.043764,0.000000,,,56.985439,66.737442,0.348596,0.341452,,,,0.071247,1.236713,-1.853135,,,,,,
283586,,,,,,,,,1.153634,1.304868,,,58.838406,67.043739,0.331303,0.338278,,,,0.068183,1.226514,-1.842697,,,,,,
283596,,,,,,,,,1.071232,0.652434,,,59.852947,67.846001,0.322191,0.329983,,,,0.065267,1.216235,-1.832251,,,,,,
283606,,,,,,,,,1.098699,-1.304869,,,61.795670,67.976479,0.303409,0.328380,,,,0.062585,1.205378,-1.828796,,,,,,
283613,0.062269,1.205293,-1.839450,0.061268,1.171667,-2.034837,0.875652,1.943975,,,63.022335,62.736843,,,,,0.032685,0.007961,-0.195386,,,,,,,,,
283616,,,,,,,,,1.181102,0.652433,,,62.885731,68.086266,0.272549,0.288733,,,,0.060095,1.194643,-1.825331,,,,,,
283626,,,,,,,,,1.016297,-0.652434,,,63.802910,68.178642,0.263221,0.286721,,,,0.057505,1.183844,-1.821836,,,,,,
283636,,,,,,,,,1.098699,1.304869,,,64.574623,68.256363,0.255194,0.284840,,,,0.054880,1.172446,-1.821886,,,,,,
283646,,,,,,,,,1.043764,0.000000,,,64.679398,67.777214,0.253815,0.288623,,,,0.052379,1.161639,-1.821886,,,,,,
283657,,,,,,,,,1.098699,-1.304869,,,65.312103,67.918602,0.247030,0.286173,,,,0.049844,1.150521,-1.821907,,,,,,
283665,0.049548,1.150706,-1.828840,0.044375,1.134946,-1.971238,0.839396,1.462731,,,56.513870,56.662807,62.577198,65.314850,0.208081,0.249739,0.016559,-0.000980,-0.142398,,,,,,,,,
283668,,,,,,,,,1.153634,1.304868,,,,,,,,,,0.047471,1.139627,-1.821901,,,,,,
283676,,,,,,,,,0.988829,0.000000,,,65.721481,68.569489,0.174797,0.214812,,,,0.044888,1.129053,-1.821905,,,,,,
283687,,,,,,,,,0.988829,0.000000,,,65.644363,67.496140,0.173742,0.223379,,,,0.042260,1.118227,-1.821899,,,,,,
283696,,,,,,,,,1.016297,0.652434,,,64.490395,67.137566,0.183686,0.224869,,,,0.039707,1.107715,-1.818408,,,,,,
283706,,,,,,,,,0.988829,1.304868,,,64.063988,65.746773,0.186440,0.236961,,,,0.037244,1.096892,-1.818414,,,,,,
283713,0.037332,1.097368,-1.813813,0.031000,1.101064,-1.923650,0.772950,1.097803,,,47.310379,47.565300,,,,,-0.002064,-0.007035,-0.109837,,,,,,,,,
283716,,,,,,,,,0.906427,0.652435,,,62.616123,65.665649,0.105823,0.143177,,,,0.034641,1.086123,-1.811233,,,,,,
283726,,,,,,,,,0.933894,0.000000,,,61.397888,63.963760,0.115188,0.156916,,,,0.032196,1.075149,-1.803990,,,,,,
283736,,,,,,,,,0.769089,1.304867,,,59.283779,61.987247,0.133934,0.173797,,,,0.029865,1.064284,-1.799838,,,,,,
283746,,,,,,,,,0.796557,0.652434,,,57.504967,60.324211,0.149683,0.187875,,,,0.027771,1.053685,-1.795086,,,,,,
283757,,,,,,,,,0.714155,0.000000,,,54.919189,58.380386,0.174019,0.205150,,,,0.025989,1.045005,-1.784554,,,,,,
283763,0.026226,1.046489,-1.787006,0.020702,1.071468,-1.888400,0.680839,0.818213,,,35.944122,35.666794,,,,,-0.023212,-0.010754,-0.101394,,,,,,,,,
283766,,,,,,,,,0.741622,0.652433,,,53.288059,56.744854,0.073199,0.098305,,,,,,,,,,,,
283769,,,,,,,,,,,,,,,,,,,,0.024503,1.037380,-1.774708,,,,,,
283776,,,,,,,,,0.796557,0.652434,,,52.460171,55.368717,0.078175,0.108126,,,,0.023096,1.028967,-1.775120,,,,,,
283787,,,,,,,,,0.686687,0.652435,,,51.219044,54.210835,0.087531,0.115996,,,,0.021650,1.021421,-1.768301,,,,,,
283796,,,,,,,,,0.631752,0.652435,,,49.085670,52.147507,0.106237,0.133333,,,,0.020209,1.013455,-1.764342,,,,,,
283806,,,,,,,,,0.631752,0.652435,,,47.290653,50.411423,0.121918,0.147745,,,,0.018869,1.005854,-1.753348,,,,,,
283813,0.018960,1.006666,-1.753433,0.013037,1.047088,-1.862813,0.570633,0.600874,,,25.078680,24.069857,,,,,-0.038674,-0.013166,-0.109380,,,,,,,,,
283817,,,,,,,,,0.631752,0.652435,,,45.780323,48.950684,0.024226,0.041407,,,,0.017536,0.999114,-1.749131,,,,,,
283826,,,,,,,,,0.521882,0.652434,,,43.420448,46.632530,0.044157,0.060076,,,,0.016626,0.993256,-1.742863,,,,,,
283836,,,,,,,,,0.521882,0.652434,,,41.434849,44.682037,0.060741,0.075458,,,,0.015574,0.986702,-1.738789,,,,,,
283847,,,,,,,,,0.494415,0.000000,,,39.764164,42.496349,0.074511,0.093630,,,,0.014615,0.981278,-1.731461,,,,,,
283857,,,,,,,,,0.439480,1.304869,,,37.269363,40.112770,0.097021,0.114257,,,,0.013807,0.976485,-1.727922,,,,,,
283863,0.013958,0.977196,-1.724588,0.007558,1.028240,-1.844800,0.451439,0.429813,,,14.779568,13.421048,,,,,-0.049461,-0.014144,-0.120212,,,,,,,,,
283866,,,,,,,,,0.466947,-0.652434,,,35.714783,38.651768,0.005389,0.017333,,,,0.013039,0.971913,-1.724204,,,,,,
283877,,,,,,,,,0.357077,0.652434,,,33.862217,36.333393,0.020098,0.035934,,,,0.012513,0.967730,-1.720540,,,,,,
283886,,,,,,,,,0.329610,0.000000,,,31.758924,33.838173,0.037735,0.056803,,,,0.012068,0.963730,-1.720818,,,,,,
283896,,,,,,,,,0.274675,0.000000,,,29.444672,31.194151,0.057944,0.079689,,,,0.011594,0.959809,-1.720322,,,,,,
283907,,,,,,,,,0.274675,0.000000,,,27.497459,28.969471,0.074873,0.098826,,,,0.011139,0.956825,-1.716926,,,,,,
283913,0.011200,0.957395,-1.717569,0.003901,1.014922,-1.832883,0.332751,0.294373,,,5.470031,4.437154,,,,,-0.055841,-0.015633,-0.115314,,,,,,,,,
283917,,,,,,,,,0.274675,0.000000,,,25.859074,27.097626,-0.005916,0.023173,,,,0.010771,0.954109,-1.716748,,,,,,
283927,,,,,,,,,0.219740,0.000000,,,23.935993,24.978111,0.009621,0.040260,,,,0.010495,0.951751,-1.713476,,,,,,
283936,,,,,,,,,0.192272,0.652434,,,21.773371,23.194752,0.027987,0.054342,,,,0.010181,0.949478,-1.713502,,,,,,
283946,,,,,,,,,0.137337,-0.652434,,,19.953741,20.605148,0.043286,0.077005,,,,0.010073,0.947090,-1.712999,,,,,,
283956,,,,,,,,,0.137337,0.652434,,,17.878162,18.970798,0.061560,0.090441,,,,0.009789,0.945621,-1.709285,,,,,,
283963,0.009831,0.946038,-1.707242,0.001663,1.006456,-1.825625,0.223227,0.187888,,,-2.272477,-3.063597,,,,,-0.058745,-0.016311,-0.118382,,,,,,,,,
283966,,,,,,,,,0.137337,0.652434,,,16.131769,17.595657,-0.002082,0.025054,,,,0.009622,0.944479,-1.706022,,,,,,
283977,,,,,,,,,0.109870,0.000000,,,14.662354,15.894070,0.009226,0.038278,,,,0.009537,0.943710,-1.702652,,,,,,
283986,,,,,,,,,0.082402,0.652434,,,12.881446,14.462355,0.024004,0.049090,,,,0.009417,0.942818,-1.698830,,,,,,
283996,,,,,,,,,0.054935,0.000000,,,11.382990,12.713166,0.036257,0.063426,,,,0.009327,0.941902,-1.698853,,,,,,
284006,,,,,,,,,0.027467,0.652434,,,9.577646,11.241400,0.051941,0.075283,,,,0.009226,0.940905,-1.694621,,,,,,
284013,0.009263,0.941221,-1.692942,0.000499,1.001951,-1.821857,0.130292,0.106338,,,-8.294753,-8.859142,,,,,-0.059209,-0.016098,-0.128915,,,,,,,,,
284016,,,,,,,,,-0.000000,0.000000,,,8.058630,9.458512,0.003638,0.031493,,,,0.009133,0.940449,-1.694342,,,,,,
284026,,,,,,,,,-0.000000,0.000000,,,6.780530,7.958391,0.013403,0.043131,,,,,,,,,,,,
284029,,,,,,,,,,,,,,,,,,,,0.009091,0.940689,-1.687343,,,,,,
284036,,,,,,,,,-0.000000,0.000000,,,5.705137,6.696189,0.021357,0.052642,,,,0.009116,0.941007,-1.683888,,,,,,
284047,,,,,,,,,-0.000000,0.000000,,,4.800302,5.634173,0.027787,0.060363,,,,0.009173,0.941420,-1.687590,,,,,,
284056,,,,,,,,,-0.000000,0.000000,,,4.038973,4.740592,0.032933,0.066579,,,,0.009279,0.941903,-1.687832,,,,,,
284063,0.009277,0.941846,-1.688261,0.000061,1.000240,-1.820443,0.059594,0.047859,,,-12.177105,-12.451349,,,,,-0.056912,-0.015996,-0.132182,,,,,,,,,
284067,,,,,,,,,-0.000000,0.000000,,,3.398391,3.988734,-0.002600,0.034887,,,,0.009357,0.942464,-1.687914,,,,,,
284077,,,,,,,,,-0.000000,0.000000,,,2.859406,3.356120,-0.000217,0.038052,,,,0.009478,0.943159,-1.692074,,,,,,
284086,,,,,,,,,-0.000000,0.000000,,,2.405904,2.823839,0.001401,0.040320,,,,0.009526,0.943914,-1.692248,,,,,,
284096,,,,,,,,,-0.000000,0.000000,,,2.024327,2.375978,0.002377,0.041833,,,,,,,,,,,,
284099,,,,,,,,,,,,,,,,,,,,0.009568,0.944705,-1.688655,,,,,,
284107,,,,,,,,,-0.000000,0.000000,,,1.703269,1.999147,0.002811,0.042711,,,,0.009630,0.945523,-1.688701,,,,,,
284113,0.009601,0.945214,-1.688664,0.000000,1.000000,-1.820245,0.015251,0.012174,,,-14.004135,-14.074123,,,,,-0.053277,-0.015977,-0.131581,,,,,,,,,
284117,,,,,,,,,-0.000000,0.000000,,,1.433130,1.682082,-0.015845,0.026503,,,,0.009717,0.946558,-1.685038,,,,,,
284126,,,,,,,,,-0.000000,0.000000,,,1.205835,1.415304,-0.016614,0.026073,,,,0.009704,0.947525,-1.684918,,,,,,
284137,,,,,,,,,-0.000000,0.000000,,,1.014590,1.190837,-0.017705,0.025264,,,,0.009728,0.947432,-1.684986,,,,,,
284146,,,,,,,,,-0.000000,0.000000,,,0.853676,1.001970,-0.019068,0.024138,,,,0.009749,0.947318,-1.685011,,,,,,
284156,,,,,,,,,-0.000000,0.000000,,,0.718283,0.843057,-0.020658,0.022744,,,,0.009770,0.947270,-1.688744,,,,,,
284162,0.009756,0.947097,-1.688737,0.000000,1.000000,-1.820245,0.015251,0.012174,,,-13.472788,-13.542677,,,,,-0.051387,-0.015913,-0.131508,,,,,,,,,
284167,,,,,,,,,-0.000000,0.000000,,,0.604363,0.709348,-0.017021,0.026545,,,,0.009777,0.947417,-1.685038,,,,,,
284177,,,,,,,,,-0.000000,0.000000,,,0.508511,0.596846,-0.018859,0.024842,,,,0.009742,0.947727,-1.685008,,,,,,
284186,,,,,,,,,,,,,,,-0.020832,0.022979,,,,,,,,,,,,
