ts,x,y,yaw,x_des,y_des,yaw_des,v_ff,w_ff,v_actual,w_actual,omega_l_cmd,omega_r_cmd,omega_l_meas,omega_r_meas,duty_l,duty_r,x_err,y_err,yaw_err,x_raw,y_raw,yaw_raw,acc_x,acc_y,acc_z,gyro_x,gyro_y,gyro_z
329766,,,,,,,,,-0.000000,0.000000,,,0.000000,0.000000,0.000000,0.000000,,,,,,,,,,,,
329769,,,,,,,,,,,,,,,,,,,,0.004038,-1.033924,-1.617230,,,,,,
329776,,,,,,,,,-0.000000,0.000000,,,0.000000,0.000000,0.000000,0.000000,,,,,,,,,,,,
329779,,,,,,,,,,,,,,,,,,,,0.004040,-1.033935,-1.617230,,,,,,
329786,,,,,,,,,-0.000000,0.000000,,,0.000000,0.000000,0.000000,0.000000,,,,,,,,,,,,
329790,,,,,,,,,,,,,,,,,,,,0.004037,-1.033917,-1.617230,,,,,,
329796,,,,,,,,,-0.000000,0.000000,,,0.000000,0.000000,0.000000,0.000000,,,,,,,,,,,,
329801,,,,,,,,,,,,,,,,,,,,0.004046,-1.033890,-1.617230,,,,,,
329806,,,,,,,,,-0.000000,0.000000,,,0.000000,0.000000,0.000000,0.000000,,,,,,,,,,,,
329811,,,,,,,,,,,,,,,,,,,,0.004034,-1.033904,-1.617235,,,,,,
329815,0.004034,-1.033904,-1.617235,0.001110,-1.002185,-1.100233,0.018589,0.008938,-0.000000,0.000000,-8.175509,-7.550823,0.000000,0.000000,-0.083390,-0.077018,-0.031549,-0.004393,0.517003,,,,,,,,,
329826,,,,,,,,,-0.027467,0.652434,,,-0.544543,0.000000,-0.079471,-0.078529,,,,0.004037,-1.033906,-1.617230,,,,,,
329836,,,,,,,,,-0.000000,0.000000,,,-0.458179,0.000000,-0.081878,-0.080039,,,,,,,,,,,,
329846,,,,,,,,,-0.000000,0.000000,,,-0.385511,0.000000,-0.084163,-0.081549,,,,,,,,,,,,
329850,,,,,,,,,,,,,,,,,,,,0.004041,-1.033911,-1.617235,,,,,,
329856,,,,,,,,,-0.000000,0.000000,,,-0.324369,0.000000,-0.086344,-0.083059,,,,,,,,,,,,
329860,,,,,,,,,,,,,,,,,,,,0.004031,-1.033828,-1.613398,,,,,,
329865,0.004031,-1.033834,-1.613718,0.003684,-1.007228,-1.097477,0.072641,0.035112,-0.000000,0.000000,-4.746368,-2.300656,-0.272924,0.000000,-0.053462,-0.031018,-0.026567,-0.001488,0.516241,,,,,,,,,
329870,,,,,,,,,,,,,,,,,,,,0.004021,-1.033746,-1.613386,,,,,,
329876,,,,,,,,,-0.000000,0.000000,,,-0.229638,0.000000,-0.054798,-0.031478,,,,,,,,,,,,
329886,,,,,,,,,-0.000000,0.000000,,,-0.193218,0.000000,-0.056073,-0.031938,,,,,,,,,,,,
329896,,,,,,,,,-0.000000,0.000000,,,-0.162573,0.000000,-0.057296,-0.032398,,,,,,,,,,,,
329902,,,,,,,,,,,,,,,,,,,,0.004032,-1.033715,-1.613386,,,,,,
329906,,,,,,,,,-0.000000,0.000000,,,-0.136789,0.000000,-0.058476,-0.032858,,,,,,,,,,,,
329909,,,,,,,,,,,,,,,,,,,,0.004036,-1.033700,-1.613386,,,,,,
329915,0.004036,-1.033711,-1.613414,0.008576,-1.016719,-1.092169,0.158836,0.077881,-0.000000,0.000000,1.067912,6.491664,-0.115094,0.000000,-0.000314,0.056363,-0.017170,0.003812,0.521245,,,,,,,,,
329920,,,,,,,,,,,,,,,,,,,,0.004044,-1.033739,-1.617229,,,,,,
329926,,,,,,,,,-0.000000,0.000000,,,-0.096840,0.000000,-0.000263,0.057662,,,,,,,,,,,,
329931,,,,,,,,,,,,,,,,,,,,0.004034,-1.033705,-1.613386,,,,,,
329936,,,,,,,,,-0.000000,0.000000,,,-0.081482,0.000000,-0.000187,0.058960,,,,,,,,,,,,
329946,,,,,,,,,-0.000000,0.000000,,,-0.068559,0.000000,-0.000089,0.060258,,,,0.004049,-1.033743,-1.617229,,,,,,
329951,,,,,,,,,,,,,,,,,,,,0.004036,-1.033726,-1.617216,,,,,,
329956,,,,,,,,,-0.000000,0.000000,,,-0.057685,0.000000,0.000027,0.061557,,,,,,,,,,,,
329962,,,,,,,,,,,,,,,,,,,,0.004033,-1.033716,-1.613386,,,,,,
329965,0.004034,-1.033715,-1.613388,0.016425,-1.031687,-1.083463,0.272347,0.137231,-0.000000,0.000000,9.208074,18.729383,-0.048536,0.000000,0.083189,0.187680,-0.002554,0.012294,0.529925,,,,,,,,,
329969,,,,,,,,,,,,,,,,,,,,0.004036,-1.033714,-1.613386,,,,,,
329976,,,,,,,,,-0.000000,0.000000,,,-0.040838,0.000000,0.084962,0.191426,,,,,,,,,,,,
329980,,,,,,,,,,,,,,,,,,,,0.004032,-1.033720,-1.613386,,,,,,
329986,,,,,,,,,0.054935,0.000000,,,0.510182,0.544543,0.081191,0.189617,,,,,,,,,,,,
329990,,,,,,,,,,,,,,,,,,,,0.004055,-1.033754,-1.613398,,,,,,
329996,,,,,,,,,0.027467,0.652434,,,0.429267,1.002722,0.083756,0.188581,,,,,,,,,,,,
330005,,,,,,,,,0.027467,0.652434,,,0.361185,1.388233,0.086206,0.188194,,,,0.004049,-1.033845,-1.609562,,,,,,
330011,,,,,,,,,,,,,,,,,,,,0.004020,-1.034066,-1.605705,,,,,,
330015,0.004018,-1.034152,-1.603613,0.027771,-1.052766,-1.070437,0.406428,0.214064,0.054935,1.304868,19.647013,34.131268,0.303901,2.257146,0.195037,0.339899,0.017825,0.024351,0.533176,,,,,,,,,
330021,,,,,,,,,,,,,,,,,,,,0.003949,-1.034465,-1.594130,,,,,,
330026,,,,,,,,,0.137337,1.957303,,,0.800246,4.077335,0.193843,0.327707,,,,,,,,,,,,
330036,,,,,,,,,0.219740,2.609737,,,1.762413,6.153385,0.187798,0.312542,,,,,,,,,,,,
330046,,,,,,,,,0.247207,3.262171,,,2.571980,9.533803,0.183118,0.283658,,,,,,,,,,,,
330050,,,,,,,,,,,,,,,,,,,,0.003808,-1.036472,-1.559123,,,,,,
330056,,,,,,,,,0.247207,3.262171,,,3.253150,11.833543,0.179585,0.265120,,,,,,,,,,,,
330060,,,,,,,,,,,,,,,,,,,,0.003820,-1.038053,-1.547483,,,,,,
330067,0.003878,-1.038762,-1.538506,0.043043,-1.080105,-1.052024,0.552327,0.310504,0.274675,2.609737,33.192757,51.792957,4.370830,13.768543,0.309630,0.429992,0.042586,0.037809,0.486482,,,,,,,,,
330071,,,,,,,,,,,,,,,,,,,,0.003800,-1.039910,-1.535909,,,,,,
330076,,,,,,,,,0.274675,2.609737,,,5.311245,15.396653,0.305802,0.420990,,,,,,,,,,,,
330086,,,,,,,,,0.466947,3.262170,,,7.736141,18.944717,0.286644,0.392079,,,,,,,,,,,,
330096,,,,,,,,,0.631752,3.262170,,,10.865534,23.019146,0.259816,0.357089,,,,,,,,,,,,
330099,,,,,,,,,,,,,,,,,,,,0.003937,-1.046965,-1.479001,,,,,,
330106,,,,,,,,,0.604285,3.914605,,,14.043148,26.991911,0.231869,0.322322,,,,,,,,,,,,
330109,,,,,,,,,,,,,,,,,,,,0.004082,-1.050131,-1.460324,,,,,,
330115,0.004371,-1.051694,-1.450461,0.062527,-1.113278,-1.026915,0.699567,0.430324,0.576817,3.262172,48.251503,69.784904,15.627706,29.790052,0.373136,0.482259,0.068120,0.050342,0.423546,,,,,,,,,
330120,,,,,,,,,,,,,,,,,,,,0.004264,-1.053691,-1.441828,,,,,,
330126,,,,,,,,,0.576817,3.262172,,,18.050037,32.688950,0.354953,0.460689,,,,,,,,,,,,
330131,,,,,,,,,,,,,,,,,,,,0.004556,-1.057665,-1.423507,,,,,,
330136,,,,,,,,,0.796557,3.262171,,,21.721817,36.761711,0.323541,0.426566,,,,,,,,,,,,
330141,,,,,,,,,,,,,,,,,,,,0.004937,-1.061887,-1.401655,,,,,,
330146,,,,,,,,,0.824024,3.914605,,,24.811253,40.188534,0.297335,0.398217,,,,,,,,,,,,
330151,,,,,,,,,,,,,,,,,,,,0.005562,-1.066555,-1.379996,,,,,,
330156,,,,,,,,,0.851492,1.957303,,,27.955246,43.616405,0.269954,0.369172,,,,,,,,,,,,
330161,,,,,,,,,,,,,,,,,,,,0.006278,-1.071632,-1.358560,,,,,,
330165,0.006718,-1.073481,-1.358063,0.086343,-1.151248,-0.993420,0.836602,0.579593,0.824024,3.914605,63.200562,86.713432,30.600603,45.956074,0.399511,0.523212,0.092826,0.061411,0.364644,,,,,,,,,
330172,,,,,,,,,,,,,,,,,,,,0.007198,-1.077328,-1.337320,,,,,,
330176,,,,,,,,,0.878959,2.609737,,,32.826405,49.013756,0.383328,0.500175,,,,,,,,,,,,
330179,,,,,,,,,,,,,,,,,,,,0.008206,-1.083005,-1.312743,,,,,,
330186,,,,,,,,,0.933894,2.609737,,,35.788280,51.041946,0.359192,0.487028,,,,,,,,,,,,
330189,,,,,,,,,,,,,,,,,,,,0.009580,-1.089424,-1.288429,,,,,,
330196,,,,,,,,,1.016297,3.262172,,,39.369488,54.926636,0.328146,0.454538,,,,,,,,,,,,
330200,,,,,,,,,,,,,,,,,,,,0.011060,-1.095774,-1.264285,,,,,,
330206,,,,,,,,,1.043764,3.914604,,,41.838173,58.195213,0.307732,0.427556,,,,,,,,,,,,
330210,,,,,,,,,,,,,,,,,,,,0.012744,-1.102579,-1.240329,,,,,,
330215,0.013551,-1.104315,-1.233793,0.114420,-1.192397,-0.949265,0.951825,0.767687,1.043764,3.914604,78.408356,101.306496,43.915325,60.400852,0.445937,0.559611,0.116481,0.066070,0.284528,,,,,,,,,
330221,,,,,,,,,,,,,,,,,,,,0.014595,-1.109877,-1.213304,,,,,,
330226,,,,,,,,,1.071232,1.957303,,,46.207584,62.256676,0.429454,0.548863,,,,,,,,,,,,
330236,,,,,,,,,1.098699,2.609736,,,49.225376,64.907249,0.405113,0.529637,,,,,,,,,,,,
330246,,,,,,,,,1.263504,3.914606,,,52.309090,68.771072,0.379496,0.497506,,,,,,,,,,,,
330249,,,,,,,,,,,,,,,,,,,,0.022439,-1.133339,-1.123687,,,,,,
330256,,,,,,,,,1.290972,3.262171,,,55.448269,72.022095,0.352696,0.470853,,,,,,,,,,,,
330260,,,,,,,,,,,,,,,,,,,,0.025413,-1.141708,-1.094373,,,,,,
330265,0.026609,-1.143523,-1.092403,0.146463,-1.234600,-0.891288,1.034848,1.008905,1.290972,3.262171,91.396759,111.867287,54.822315,70.945702,0.496154,0.595409,0.136027,0.064471,0.201115,,,,,,,,,
330270,,,,,,,,,,,,,,,,,,,,0.028881,-1.150336,-1.058844,,,,,,
330276,,,,,,,,,1.263504,2.609736,,,60.830154,77.119087,0.442189,0.540625,,,,,,,,,,,,
330286,,,,,,,,,1.153634,1.304868,,,62.073349,76.867943,0.435622,0.550136,,,,,,,,,,,,
330296,,,,,,,,,1.510711,3.262170,,,65.842087,80.468430,0.403045,0.520411,,,,,,,,,,,,
330299,,,,,,,,,,,,,,,,,,,,0.041171,-1.177477,-0.951494,,,,,,
330306,,,,,,,,,1.345907,1.957305,,,67.924019,82.408791,0.386921,0.506899,,,,,,,,,,,,
330310,,,,,,,,,,,,,,,,,,,,0.046171,-1.186975,-0.911206,,,,,,
330315,0.047401,-1.188191,-0.918223,0.181936,-1.275383,-0.814979,1.077910,1.324995,1.483244,3.914604,101.558769,117.382896,70.220299,85.130501,0.471846,0.541289,0.150970,0.053945,0.103244,,,,,,,,,
330320,,,,,,,,,,,,,,,,,,,,0.051458,-1.196345,-0.871301,,,,,,
330326,,,,,,,,,1.428309,2.609736,,,72.152390,86.875999,0.458406,0.529935,,,,,,,,,,,,
330336,,,,,,,,,1.428309,1.304868,,,74.322594,88.344666,0.442151,0.521056,,,,,,,,,,,,
330346,,,,,,,,,1.208569,0.000000,,,74.514969,86.313141,0.445636,0.547585,,,,,,,,,,,,
330352,,,,,,,,,,,,,,,,,,,,0.070127,-1.225628,-0.741880,,,,,,
330356,,,,,,,,,1.565646,1.957302,,,77.399551,88.960159,0.421622,0.526799,,,,,,,,,,,,
330359,,,,,,,,,,,,,,,,,,,,0.077430,-1.235310,-0.694574,,,,,,
330365,0.079196,-1.236335,-0.705172,0.220044,-1.312124,-0.713813,1.077275,1.748843,1.593114,2.609737,106.430115,116.187737,79.826637,91.187363,0.451386,0.497576,0.156380,0.033579,-0.008641,,,,,,,,,
330370,,,,,,,,,,,,,,,,,,,,0.084967,-1.245127,-0.650555,,,,,,
330376,,,,,,,,,1.428309,1.304868,,,80.779701,91.972244,0.446985,0.494570,,,,,,,,,,,,
330386,,,,,,,,,1.538179,1.304869,,,82.670692,93.177185,0.432827,0.487123,,,,,,,,,,,,
330396,,,,,,,,,1.593114,1.304868,,,84.261772,94.735565,0.421350,0.475830,,,,,,,,,,,,
330406,,,,,,,,,1.236037,1.957302,,,77.432365,92.779526,0.495443,0.500072,,,,0.110692,-1.272403,-0.508974,,,,,,
330412,,,,,,,,,,,,,,,,,,,,0.120469,-1.281581,-0.463518,,,,,,
330415,0.121148,-1.280905,-0.475631,0.259733,-1.342316,-0.578448,1.034438,2.328709,1.565646,1.957302,103.950600,109.790215,84.755135,94.400978,0.401260,0.422960,0.151323,0.008863,-0.102817,,,,,,,,,
330419,,,,,,,,,,,,,,,,,,,,0.130228,-1.290125,-0.415205,,,,,,
330426,,,,,,,,,1.565646,0.652435,,,86.560165,94.676178,0.386687,0.423230,,,,,,,,,,,,
330430,,,,,,,,,,,,,,,,,,,,0.140616,-1.298364,-0.370106,,,,,,
330436,,,,,,,,,1.400841,0.652435,,,86.989838,94.363190,0.385783,0.429446,,,,,,,,,,,,
330440,,,,,,,,,,,,,,,,,,,,0.151605,-1.306268,-0.328019,,,,,,
330446,,,,,,,,,1.428309,1.304868,,,86.806816,94.099838,0.391042,0.435217,,,,,,,,,,,,
330450,,,,,,,,,,,,,,,,,,,,0.162479,-1.313353,-0.288743,,,,,,
330456,,,,,,,,,1.483244,2.609737,,,86.652824,94.967346,0.396041,0.429507,,,,,,,,,,,,
330467,0.164727,-1.313093,-0.293541,0.299708,-1.363820,-0.396363,0.957031,3.128195,1.126167,-0.652435,94.980347,104.952103,84.345085,90.796379,0.331543,0.425667,0.143885,-0.009502,-0.102822,0.173575,-1.319884,-0.249513,,,,,,
330472,,,,,,,,,,,,,,,,,,,,0.185349,-1.326595,-0.213337,,,,,,
330476,,,,,,,,,1.208569,1.304866,,,81.858810,88.376015,0.359030,0.453185,,,,,,,,,,,,
330479,,,,,,,,,,,,,,,,,,,,0.197548,-1.332739,-0.180093,,,,,,
330486,,,,,,,,,1.373374,2.609737,,,81.945030,89.062233,0.360775,0.449501,,,,,,,,,,,,
330490,,,,,,,,,,,,,,,,,,,,0.209576,-1.338229,-0.143941,,,,,,
330496,,,,,,,,,1.400841,3.262171,,,81.473030,90.184158,0.368197,0.441236,,,,,,,,,,,,
330500,,,,,,,,,,,,,,,,,,,,0.222208,-1.342891,-0.113422,,,,,,
330506,,,,,,,,,1.373374,1.304869,,,81.620438,90.583603,0.369395,0.440115,,,,,,,,,,,,
330511,,,,,,,,,,,,,,,,,,,,0.234586,-1.347314,-0.077437,,,,,,
330515,0.234307,-1.345868,-0.090167,0.338467,-1.375101,-0.154271,0.859247,4.202590,1.400841,3.262171,74.456642,92.561378,81.199921,91.464241,0.167014,0.307621,0.106369,-0.019735,-0.064103,,,,,,,,,
330525,,,,,,,,,1.126167,0.652435,,,79.212463,87.848862,0.185937,0.344717,,,,0.247297,-1.351050,-0.041479,,,,,,
330536,,,,,,,,,1.181102,4.567039,,,76.451134,87.529602,0.213152,0.348916,,,,,,,,,,,,
330546,,,,,,,,,1.181102,4.567039,,,74.127754,87.260979,0.236451,0.352662,,,,,,,,,,,,
330549,,,,,,,,,,,,,,,,,,,,0.286135,-1.358722,0.072081,,,,,,
330556,,,,,,,,,1.153634,5.219473,,,71.628319,87.034958,0.262011,0.356028,,,,,,,,,,,,
330560,,,,,,,,,,,,,,,,,,,,0.298668,-1.360126,0.113558,,,,,,
330565,0.298104,-1.358759,0.118300,0.374365,-1.375415,0.152029,0.761264,5.501726,1.181102,3.262171,53.317417,83.277527,70.614380,86.844780,0.057299,0.264377,0.073762,-0.025540,0.033729,,,,,,,,,
330570,,,,,,,,,,,,,,,,,,,,0.311554,-1.360818,0.157814,,,,,,
330576,,,,,,,,,1.071232,5.871908,,,67.583076,86.140221,0.084759,0.270851,,,,,,,,,,,,
330586,,,,,,,,,0.906427,4.567039,,,63.943455,82.824692,0.119030,0.304096,,,,,,,,,,,,
330596,,,,,,,,,0.906427,7.176775,,,59.791988,82.213181,0.159250,0.310424,,,,,,,,,,,,
330599,,,,,,,,,,,,,,,,,,,,0.348295,-1.359316,0.307972,,,,,,
330606,,,,,,,,,0.961362,7.176775,,,56.843491,81.698654,0.188030,0.315885,,,,,,,,,,,,
330609,,,,,,,,,,,,,,,,,,,,0.360391,-1.357575,0.363759,,,,,,
330615,0.359031,-1.356527,0.373222,0.405699,-1.364914,0.501984,0.685912,6.682049,0.961362,5.871906,33.781975,73.970581,54.907169,80.721184,0.007813,0.231241,0.040397,-0.024825,0.128762,,,,,,,,,
330620,,,,,,,,,,,,,,,,,,,,0.372092,-1.355127,0.422611,,,,,,
330626,,,,,,,,,0.906427,8.481643,,,51.644318,79.898743,0.036869,0.238279,,,,,,,,,,,,
330630,,,,,,,,,,,,,,,,,,,,0.383556,-1.351945,0.490854,,,,,,
330636,,,,,,,,,0.741622,8.481645,,,47.265324,78.117653,0.077963,0.255261,,,,,,,,,,,,
330641,,,,,,,,,,,,,,,,,,,,0.393771,-1.348361,0.553745,,,,,,
330646,,,,,,,,,0.686687,8.481645,,,42.491753,76.619049,0.123956,0.269717,,,,,,,,,,,,
330651,,,,,,,,,,,,,,,,,,,,0.402751,-1.345329,0.617331,,,,,,
330656,,,,,,,,,0.769089,9.134080,,,40.108902,75.358124,0.146520,0.282049,,,,,,,,,,,,
330661,,,,,,,,,,,,,,,,,,,,0.411393,-1.342166,0.687873,,,,,,
330665,0.409681,-1.341576,0.699751,0.430805,-1.344626,0.853892,0.649928,7.162419,0.796557,7.176775,22.298124,65.964653,38.648514,74.841721,0.043015,0.205378,0.014196,-0.015938,0.154141,,,,,,,,,
330672,,,,,,,,,,,,,,,,,,,,0.419292,-1.338658,0.755721,,,,,,
330676,,,,,,,,,0.714154,7.829210,,,36.330658,73.318138,0.063387,0.219143,,,,,,,,,,,,
330679,,,,,,,,,,,,,,,,,,,,0.427045,-1.334588,0.827988,,,,,,
330686,,,,,,,,,0.659220,7.829210,,,33.835869,70.947105,0.086027,0.241857,,,,,,,,,,,,
330690,,,,,,,,,,,,,,,,,,,,0.434378,-1.330272,0.901187,,,,,,
330696,,,,,,,,,0.604285,7.829210,,,31.192211,69.496666,0.110685,0.255655,,,,,,,,,,,,
330700,,,,,,,,,,,,,,,,,,,,0.441210,-1.325517,0.979039,,,,,,
330706,,,,,,,,,0.714154,7.829210,,,29.512383,68.276260,0.126040,0.267397,,,,,,,,,,,,
330711,,,,,,,,,,,,,,,,,,,,0.447255,-1.320318,1.052450,,,,,,
330715,0.445983,-1.319769,1.055666,0.448181,-1.316350,1.177649,0.653600,6.808008,0.659220,7.829210,21.265451,62.110226,28.098974,67.249413,0.128481,0.238093,0.004058,-0.000228,0.121983,,,,,,,,,
330721,,,,,,,,,,,,,,,,,,,,0.452426,-1.315506,1.126718,,,,,,
330726,,,,,,,,,0.659220,6.524342,,,27.454275,66.385422,0.133690,0.245878,,,,,,,,,,,,
330736,,,,,,,,,0.631752,7.176776,,,26.911825,64.569374,0.137986,0.263547,,,,,,,,,,,,
330746,,,,,,,,,0.631752,7.176776,,,25.910866,64.130440,0.147066,0.267532,,,,,,,,,,,,
330749,,,,,,,,,,,,,,,,,,,,0.464673,-1.300457,1.355580,,,,,,
330756,,,,,,,,,0.631752,7.176776,,,25.068659,63.216579,0.154727,0.276449,,,,,,,,,,,,
330760,,,,,,,,,,,,,,,,,,,,0.467459,-1.295300,1.431163,,,,,,
330765,0.466527,-1.294850,1.429740,0.456602,-1.282421,1.470138,0.682542,6.139090,0.686687,7.176776,28.543839,62.841003,24.360025,62.992199,0.235434,0.285971,0.010910,0.011574,0.040398,,,,,,,,,
330770,,,,,,,,,,,,,,,,,,,,0.469528,-1.290184,1.501694,,,,,,
330776,,,,,,,,,0.659220,6.524342,,,24.852867,62.258862,0.231244,0.293421,,,,,,,,,,,,
330786,,,,,,,,,0.686687,5.871908,,,25.267544,61.641834,0.227753,0.299831,,,,,,,,,,,,
330796,,,,,,,,,0.714154,6.524342,,,25.616453,61.122665,0.224849,0.305366,,,,,,,,,,,,
330806,,,,,,,,,0.741622,3.262171,,,27.543655,60.685837,0.205777,0.310165,,,,0.472953,-1.275630,1.707071,,,,,,
330809,,,,,,,,,,,,,,,,,,,,0.472897,-1.269259,1.768575,,,,,,
330815,0.472506,-1.268298,1.753815,0.455226,-1.245420,1.739995,0.721600,5.595091,0.659220,5.219473,37.753807,66.860489,27.531574,59.773746,0.300042,0.360898,0.025641,0.012827,-0.013820,,,,,,,,,
330819,,,,,,,,,,,,,,,,,,,,0.472914,-1.262763,1.832096,,,,,,
330826,,,,,,,,,0.714154,5.219474,,,28.065952,59.550858,0.296636,0.364589,,,,,,,,,,,,
330830,,,,,,,,,,,,,,,,,,,,0.472258,-1.256463,1.887394,,,,,,
330836,,,,,,,,,0.741622,4.567040,,,29.060120,59.363319,0.288433,0.367964,,,,,,,,,,,,
330840,,,,,,,,,,,,,,,,,,,,0.470957,-1.249965,1.941488,,,,,,
330846,,,,,,,,,0.824024,3.914605,,,30.985699,59.750069,0.270531,0.365519,,,,,,,,,,,,
330851,,,,,,,,,,,,,,,,,,,,0.469418,-1.243800,1.998162,,,,,,
330856,,,,,,,,,0.796557,3.262171,,,32.605881,59.530933,0.255358,0.369176,,,,,,,,,,,,
330867,0.468783,-1.242635,1.991335,0.443692,-1.207836,1.991168,0.764550,5.213987,0.741622,4.567040,45.779564,73.420105,32.880016,59.346554,0.335455,0.439431,0.042011,0.008698,-0.000166,0.467127,-1.236917,2.046983,,,,,,
330872,,,,,,,,,,,,,,,,,,,,0.464491,-1.230216,2.098488,,,,,,
330876,,,,,,,,,0.906427,4.567039,,,34.744305,60.825047,0.319019,0.427165,,,,,,,,,,,,
330886,,,,,,,,,0.988829,5.219473,,,36.857456,62.613594,0.299672,0.411440,,,,,,,,,,,,
330890,,,,,,,,,,,,,,,,,,,,0.457789,-1.216658,2.195979,,,,,,
330896,,,,,,,,,0.878959,3.914604,,,38.090919,63.573933,0.288875,0.403806,,,,,,,,,,,,
330900,,,,,,,,,,,,,,,,,,,,0.453702,-1.209592,2.242448,,,,,,
330906,,,,,,,,,0.906427,4.567039,,,39.128757,64.381966,0.279827,0.397534,,,,,,,,,,,,
330910,,,,,,,,,,,,,,,,,,,,0.449134,-1.202600,2.294358,,,,,,
330915,0.448826,-1.202698,2.288080,0.422170,-1.171725,2.217644,0.813675,4.811158,0.933894,5.219474,51.373608,73.069046,40.001995,65.061844,0.329309,0.388826,0.040863,-0.000272,-0.070436,,,,,,,,,
330921,,,,,,,,,,,,,,,,,,,,0.444009,-1.195788,2.339595,,,,,,
330926,,,,,,,,,0.961362,3.262171,,,41.825821,66.178436,0.312980,0.379038,,,,,,,,,,,,
330936,,,,,,,,,0.961362,3.262171,,,43.360390,66.573395,0.299237,0.376387,,,,,,,,,,,,
330946,,,,,,,,,1.016297,4.567039,,,44.651573,67.450256,0.287670,0.368743,,,,,,,,,,,,
330949,,,,,,,,,,,,,,,,,,,,0.426334,-1.175903,2.479122,,,,,,
330956,,,,,,,,,0.961362,3.262171,,,45.737976,68.188042,0.277933,0.362341,,,,,,,,,,,,
330959,,,,,,,,,,,,,,,,,,,,0.419481,-1.169821,2.519998,,,,,,
330965,0.419039,-1.169781,2.514213,0.391389,-1.138461,2.407749,0.873407,4.206012,1.016297,4.567039,57.734749,73.756248,46.652073,68.808815,0.334620,0.363995,0.040770,-0.009125,-0.106464,,,,,,,,,
330970,,,,,,,,,,,,,,,,,,,,0.412288,-1.163814,2.563402,,,,,,
330976,,,,,,,,,1.016297,3.262172,,,47.965740,69.331139,0.323437,0.359657,,,,,,,,,,,,
330986,,,,,,,,,0.933894,1.304869,,,49.071060,68.681534,0.314117,0.367168,,,,0.404649,-1.157778,2.603647,,,,,,
330991,,,,,,,,,,,,,,,,,,,,0.396409,-1.152219,2.640761,,,,,,
330996,,,,,,,,,1.098699,2.609736,,,50.545620,69.224045,0.300809,0.362649,,,,,,,,,,,,
331001,,,,,,,,,,,,,,,,,,,,0.388400,-1.146993,2.677878,,,,,,
331006,,,,,,,,,1.016297,3.262172,,,51.786312,69.680511,0.289592,0.358899,,,,,,,,,,,,
331011,,,,,,,,,,,,,,,,,,,,0.379571,-1.142105,2.709000,,,,,,
331015,0.379233,-1.142222,2.706330,0.352614,-1.108561,2.551696,0.943469,3.364355,1.071232,3.262170,65.066856,73.020393,52.830231,70.609123,0.354921,0.342737,0.038330,-0.019299,-0.154634,,,,,,,,,
331019,,,,,,,,,,,,,,,,,,,,0.370586,-1.137287,2.745942,,,,,,
331026,,,,,,,,,1.043764,1.304868,,,54.253128,70.845917,0.342854,0.340804,,,,,,,,,,,,
331029,,,,,,,,,,,,,,,,,,,,0.360985,-1.132613,2.771001,,,,,,
331036,,,,,,,,,1.071232,1.957303,,,55.450352,71.045151,0.332806,0.339207,,,,,,,,,,,,
331040,,,,,,,,,,,,,,,,,,,,0.351464,-1.128709,2.799147,,,,,,
331046,,,,,,,,,1.126167,3.262170,,,56.457695,71.757332,0.324454,0.332337,,,,,,,,,,,,
331050,,,,,,,,,,,,,,,,,,,,0.342064,-1.125065,2.824594,,,,,,
331056,,,,,,,,,1.098699,0.000000,,,58.394360,71.812019,0.306422,0.332032,,,,,,,,,,,,
331061,,,,,,,,,,,,,,,,,,,,0.332040,-1.121464,2.841425,,,,,,
331065,0.331799,-1.121306,2.830090,0.307583,-1.081665,2.645149,1.016318,2.379782,1.098699,1.304869,72.462341,72.211227,59.479328,71.858032,0.372124,0.323551,0.035200,-0.030311,-0.184941,,,,,,,,,
331071,,,,,,,,,,,,,,,,,,,,0.321684,-1.118252,2.861061,,,,,,
331076,,,,,,,,,1.153634,1.304868,,,60.392220,71.896744,0.365409,0.323227,,,,,,,,,,,,
331087,,,,,,,,,0.494415,0.000000,,,56.259438,65.939346,0.409977,0.384055,,,,,,,,,,,,
331096,,,,,,,,,1.428309,0.000000,,,61.494808,69.639481,0.359817,0.347568,,,,,,,,,,,,
331099,,,,,,,,,,,,,,,,,,,,0.289265,-1.109330,2.891739,,,,,,
331106,,,,,,,,,1.290972,-0.652435,,,64.266220,70.574600,0.333742,0.338544,,,,,,,,,,,,
331110,,,,,,,,,,,,,,,,,,,,0.278589,-1.106895,2.894548,,,,,,
331115,0.277912,-1.106399,2.886413,0.258411,-1.056639,2.687822,1.079951,1.358413,1.126167,0.652435,78.900223,71.120010,65.508995,70.816864,0.388371,0.325270,0.031430,-0.043227,-0.198591,,,,,,,,,
331120,,,,,,,,,,,,,,,,,,,,0.267192,-1.104275,2.891771,,,,,,
331126,,,,,,,,,1.126167,0.652435,,,66.010124,71.020706,0.385938,0.323252,,,,,,,,,,,,
331136,,,,,,,,,1.236037,-1.957302,,,68.609947,71.192223,0.361998,0.321522,,,,,,,,,,,,
331146,,,,,,,,,1.236037,-1.957302,,,70.252892,71.336533,0.347298,0.320035,,,,,,,,,,,,
331149,,,,,,,,,,,,,,,,,,,,0.232666,-1.096515,2.869437,,,,,,
331156,,,,,,,,,1.181102,-0.652433,,,71.635269,71.457954,0.334927,0.318754,,,,,,,,,,,,
331160,,,,,,,,,,,,,,,,,,,,0.221272,-1.093900,2.858353,,,,,,
331165,0.221250,-1.093622,2.857983,0.207454,-1.031822,2.680789,1.123069,0.352533,1.181102,-3.262171,83.988152,71.375061,73.342941,71.015579,0.370859,0.325800,0.030538,-0.055471,-0.177194,,,,,,,,,
331170,,,,,,,,,,,,,,,,,,,,0.209009,-1.090856,2.838634,,,,,,
331176,,,,,,,,,1.208569,-1.304866,,,74.235237,71.187904,0.363886,0.324114,,,,,,,,,,,,
331186,,,,,,,,,1.290972,-3.262171,,,76.075096,71.332901,0.347070,0.322672,,,,,,,,,,,,
331196,,,,,,,,,1.236037,-1.957302,,,77.078613,71.454903,0.338417,0.321436,,,,,,,,,,,,
331205,,,,,,,,,0.988829,-1.304868,,,75.744797,69.379379,0.353404,0.342591,,,,0.173361,-1.081076,2.782614,,,,,,
331212,,,,,,,,,,,,,,,,,,,,0.161524,-1.077321,2.757067,,,,,,
331215,0.162596,-1.077388,2.760071,0.157170,-1.005350,2.625154,1.139441,-0.630398,1.290972,-3.262171,87.192368,71.863510,77.345245,69.811211,0.371411,0.343567,0.031858,-0.064838,-0.134917,,,,,,,,,
331219,,,,,,,,,,,,,,,,,,,,0.150025,-1.073264,2.734465,,,,,,
331226,,,,,,,,,1.290972,-1.957303,,,78.691856,70.174553,0.359645,0.340272,,,,,,,,,,,,
331230,,,,,,,,,,,,,,,,,,,,0.138228,-1.069155,2.712016,,,,,,
331236,,,,,,,,,1.236037,-3.262171,,,79.824898,70.480270,0.349788,0.337491,,,,,,,,,,,,
331240,,,,,,,,,,,,,,,,,,,,0.126572,-1.064753,2.686616,,,,,,
331246,,,,,,,,,1.126167,-0.652435,,,78.600067,70.192955,0.363755,0.340699,,,,,,,,,,,,
331251,,,,,,,,,,,,,,,,,,,,0.114558,-1.059888,2.660847,,,,,,
331256,,,,,,,,,1.263504,-2.609736,,,79.747665,69.951210,0.353768,0.343498,,,,,,,,,,,,
331261,,,,,,,,,,,,,,,,,,,,0.103004,-1.054737,2.635209,,,,,,
331265,0.103222,-1.054350,2.634758,0.109957,-0.975506,2.522669,1.130104,-1.589969,1.318439,-2.609739,88.759338,69.833138,77.445999,67.569633,0.394717,0.347463,0.032384,-0.072201,-0.112089,,,,,,,,,
331271,,,,,,,,,,,,,,,,,,,,0.091410,-1.049327,2.609438,,,,,,
331276,,,,,,,,,1.236037,-1.957302,,,82.588440,72.100288,0.344527,0.301703,,,,,,,,,,,,
331286,,,,,,,,,1.345906,-3.262171,,,83.648026,72.100578,0.334953,0.301247,,,,,,,,,,,,
331296,,,,,,,,,1.208569,-2.609737,,,83.995018,72.100822,0.332436,0.300791,,,,,,,,,,,,
331300,,,,,,,,,,,,,,,,,,,,0.056908,-1.030951,2.525691,,,,,,
331306,,,,,,,,,1.126167,-3.262170,,,82.653343,70.467400,0.347074,0.316998,,,,,,,,,,,,
331310,,,,,,,,,,,,,,,,,,,,0.045476,-1.024405,2.493644,,,,,,
331315,0.046386,-1.024303,2.491824,0.068006,-0.941043,2.377927,1.103091,-2.495022,1.236037,-1.957302,89.727890,65.916313,83.158089,70.726669,0.353026,0.274275,0.033158,-0.079374,-0.113897,,,,,,,,,
331321,,,,,,,,,,,,,,,,,,,,0.034461,-1.017356,2.464330,,,,,,
331326,,,,,,,,,1.318439,-3.914604,,,84.671867,70.944817,0.338899,0.271088,,,,,,,,,,,,
331336,,,,,,,,,1.236037,-3.262171,,,84.856476,70.583824,0.338028,0.273764,,,,,,,,,,,,
331340,,,,,,,,,,,,,,,,,,,,0.013064,-1.002634,2.393562,,,,,,
331346,,,,,,,,,1.263504,-3.914606,,,85.556351,69.735542,0.331863,0.281483,,,,,,,,,,,,
331350,,,,,,,,,,,,,,,,,,,,0.003108,-0.994982,2.363498,,,,,,
331356,,,,,,,,,1.236037,-5.871907,,,86.145226,69.021797,0.326691,0.288000,,,,,,,,,,,,
331361,,,,,,,,,,,,,,,,,,,,-0.006830,-0.986340,2.321501,,,,,,
331367,-0.006028,-0.985854,2.311199,0.033170,-0.901405,2.200601,1.070690,-3.262368,1.071232,-0.652434,90.373032,62.837894,83.917992,68.421249,0.356706,0.262104,0.035898,-0.085904,-0.110599,,,,,,,,,
331371,,,,,,,,,,,,,,,,,,,,-0.016279,-0.977940,2.282203,,,,,,
331376,,,,,,,,,1.181102,-8.481645,,,85.311256,65.737778,0.343785,0.288359,,,,,,,,,,,,
331379,,,,,,,,,,,,,,,,,,,,-0.025639,-0.969294,2.239284,,,,,,
331386,,,,,,,,,1.236037,-4.567040,,,85.939003,65.658081,0.338395,0.288592,,,,,,,,,,,,
331392,,,,,,,,,,,,,,,,,,,,-0.034239,-0.960158,2.199111,,,,,,
331396,,,,,,,,,1.290972,-3.262171,,,86.467194,66.135567,0.333894,0.283158,,,,,,,,,,,,
331400,,,,,,,,,,,,,,,,,,,,-0.042510,-0.951074,2.155529,,,,,,
331406,,,,,,,,,1.208569,-3.914605,,,86.911606,66.537323,0.330142,0.278400,,,,,,,,,,,,
331410,,,,,,,,,,,,,,,,,,,,-0.050627,-0.941849,2.108099,,,,,,
331415,-0.049922,-0.941481,2.108754,0.006862,-0.856819,2.005006,1.044701,-3.781378,1.263504,-5.219473,92.093384,62.322159,87.285538,66.330818,0.344568,0.274506,0.043609,-0.092143,-0.103747,,,,,,,,,
331421,,,,,,,,,,,,,,,,,,,,-0.058160,-0.931975,2.063347,,,,,,
331426,,,,,,,,,1.071232,-0.652434,,,84.877449,65.612518,0.370092,0.281031,,,,,,,,,,,,
331436,,,,,,,,,1.181102,-5.871908,,,85.573997,65.008141,0.364430,0.286538,,,,,,,,,,,,
331446,,,,,,,,,1.236037,-4.567040,,,86.160072,65.044159,0.359756,0.285633,,,,,,,,,,,,
331449,,,,,,,,,,,,,,,,,,,,-0.078878,-0.900322,1.917805,,,,,,
331456,,,,,,,,,1.208569,-5.219474,,,86.653198,64.529922,0.355913,0.290334,,,,,,,,,,,,
331460,,,,,,,,,,,,,,,,,,,,-0.084617,-0.889828,1.870141,,,,,,
331465,-0.083725,-0.889511,1.868309,-0.010024,-0.808228,1.805948,1.031671,-3.991328,1.263504,-6.524341,94.202263,66.066231,87.612656,64.097244,0.368725,0.332495,0.056107,-0.094291,-0.062360,,,,,,,,,
331470,,,,,,,,,,,,,,,,,,,,-0.089876,-0.878553,1.814659,,,,,,
331476,,,,,,,,,1.236037,-3.262171,,,87.875404,64.277733,0.367363,0.331048,,,,,,,,,,,,
331486,,,,,,,,,1.153634,-3.914605,,,85.918304,64.429596,0.388591,0.329857,,,,,,,,,,,,
331496,,,,,,,,,1.236037,-4.567040,,,86.994316,64.557373,0.379272,0.328881,,,,,,,,,,,,
331501,,,,,,,,,,,,,,,,,,,,-0.102554,-0.844661,1.658765,,,,,,
331506,,,,,,,,,1.263504,-3.914606,,,87.899673,65.209427,0.371479,0.322532,,,,,,,,,,,,
331511,,,,,,,,,,,,,,,,,,,,-0.105783,-0.832771,1.605658,,,,,,
331515,-0.104959,-0.832332,1.611318,-0.017142,-0.757077,1.614315,1.031212,-3.934575,1.263504,-3.914606,96.331299,72.864525,88.116898,65.213524,0.392240,0.392004,0.071635,-0.090793,0.002997,,,,,,,,,
331522,,,,,,,,,,,,,,,,,,,,-0.108746,-0.820783,1.551566,,,,,,
331526,,,,,,,,,1.236037,-4.567040,,,88.299667,65.761513,0.392019,0.387945,,,,,,,,,,,,
331536,,,,,,,,,1.318439,-3.914604,,,88.997993,66.767136,0.386502,0.379108,,,,,,,,,,,,
331546,,,,,,,,,1.236036,-0.652434,,,87.407394,67.613266,0.404193,0.371697,,,,,,,,,,,,
331550,,,,,,,,,,,,,,,,,,,,-0.113828,-0.784186,1.391091,,,,,,
331556,,,,,,,,,1.345907,-4.567038,,,88.791779,68.869743,0.391857,0.359931,,,,,,,,,,,,
331560,,,,,,,,,,,,,,,,,,,,-0.114183,-0.771439,1.340894,,,,,,
331565,-0.112979,-0.770918,1.344486,-0.014700,-0.705027,1.436469,1.038534,-3.710558,1.290972,-3.262171,96.974625,80.816162,88.867516,69.382401,0.399154,0.436608,0.086263,-0.080988,0.091983,,,,,,,,,
331570,,,,,,,,,,,,,,,,,,,,-0.114315,-0.759037,1.288493,,,,,,
331576,,,,,,,,,1.345906,-3.262171,,,89.475784,69.813751,0.394572,0.434494,,,,,,,,,,,,
331586,,,,,,,,,1.400841,-1.957302,,,89.987579,71.810318,0.390851,0.416330,,,,,,,,,,,,
331596,,,,,,,,,1.400841,-1.957302,,,90.418205,73.490227,0.387856,0.400996,,,,,,,,,,,,
331599,,,,,,,,,,,,,,,,,,,,-0.111387,-0.721789,1.140475,,,,,,
331606,,,,,,,,,1.153634,-2.609736,,,88.602356,72.725533,0.407689,0.410261,,,,,,,,,,,,
331609,,,,,,,,,,,,,,,,,,,,-0.109180,-0.708970,1.091315,,,,,,
331615,-0.108066,-0.709545,1.101665,-0.003420,-0.653617,1.276819,1.048656,-3.389546,1.400841,-3.262171,96.150307,87.599335,89.797218,73.715744,0.388768,0.470967,0.097197,-0.068054,0.175153,,,,,,,,,
331620,,,,,,,,,,,,,,,,,,,,-0.106511,-0.696638,1.046472,,,,,,
331626,,,,,,,,,1.400841,-0.652435,,,89.713493,75.638000,0.390892,0.454137,,,,,,,,,,,,
331630,,,,,,,,,,,,,,,,,,,,-0.103187,-0.684159,1.001966,,,,,,
331636,,,,,,,,,1.428309,-1.304868,,,90.187584,77.255386,0.387344,0.440032,,,,,,,,,,,,
331641,,,,,,,,,,,,,,,,,,,,-0.099273,-0.672144,0.954934,,,,,,
331646,,,,,,,,,1.455776,-0.652433,,,90.586487,79.160797,0.384468,0.422666,,,,,,,,,,,,
331651,,,,,,,,,,,,,,,,,,,,-0.095086,-0.660097,0.914594,,,,,,
331656,,,,,,,,,1.455776,-0.652433,,,90.922127,80.764008,0.382157,0.408001,,,,,,,,,,,,
331666,-0.093264,-0.658876,0.927614,0.015518,-0.603977,1.140413,1.058772,-2.979835,1.071232,1.957303,97.069893,93.700081,,,,,0.109171,-0.054121,0.212799,,,,,,,,,
331669,,,,,,,,,,,,,86.303642,79.390236,0.439691,0.485608,,,,-0.090498,-0.647657,0.877700,,,,,,
331672,,,,,,,,,,,,,,,,,,,,-0.085011,-0.635592,0.835060,,,,,,
331676,,,,,,,,,1.236037,-1.957302,,,85.140366,77.689796,0.453710,0.505814,,,,,,,,,,,,
331679,,,,,,,,,,,,,,,,,,,,-0.079318,-0.624211,0.804999,,,,,,
331686,,,,,,,,,1.483244,0.000000,,,86.884300,80.070854,0.438307,0.484730,,,,,,,,,,,,
331690,,,,,,,,,,,,,,,,,,,,-0.072771,-0.612763,0.772043,,,,,,
331696,,,,,,,,,1.483244,-1.304866,,,88.351646,82.074272,0.425378,0.467020,,,,,,,,,,,,
331700,,,,,,,,,,,,,,,,,,,,-0.065921,-0.601573,0.739174,,,,,,
331706,,,,,,,,,1.318439,-1.304869,,,87.408104,81.581772,0.436745,0.474369,,,,,,,,,,,,
331711,,,,,,,,,,,,,,,,,,,,-0.058438,-0.590389,0.706678,,,,,,
331715,-0.057852,-0.591859,0.719814,0.040563,-0.556635,1.033569,1.067865,-2.454869,1.593114,0.000000,87.527176,94.126732,89.336922,83.890099,0.321668,0.457600,0.097222,-0.038393,0.313755,,,,,,,,,
331721,,,,,,,,,,,,,,,,,,,,-0.050842,-0.579920,0.677327,,,,,,
331726,,,,,,,,,1.428309,1.304868,,,89.326195,85.287781,0.321416,0.445391,,,,,,,,,,,,
331736,,,,,,,,,1.428309,-1.304868,,,89.317169,85.919250,0.321148,0.440717,,,,,,,,,,,,
331746,,,,,,,,,1.428309,2.609736,,,88.765038,86.995110,0.326422,0.431385,,,,,,,,,,,,
331749,,,,,,,,,,,,,,,,,,,,-0.024304,-0.547935,0.592752,,,,,,
331756,,,,,,,,,1.428309,-1.304868,,,88.845016,87.355797,0.325358,0.429133,,,,,,,,,,,,
331760,,,,,,,,,,,,,,,,,,,,-0.014537,-0.538268,0.578183,,,,,,
331767,-0.013519,-0.538988,0.584660,0.069890,-0.511473,0.962701,1.075036,-1.796908,1.153634,1.304868,78.869911,93.687614,85.645050,84.936562,0.269430,0.450684,0.084741,-0.023090,0.378041,,,,,,,,,
331770,,,,,,,,,,,,,,,,,,,,-0.004658,-0.529011,0.566706,,,,,,
331776,,,,,,,,,1.043764,1.304868,,,82.408058,82.901016,0.301093,0.473197,,,,,,,,,,,,
331786,,,,,,,,,1.428309,2.609736,,,81.862625,84.455574,0.305948,0.459498,,,,,,,,,,,,
331796,,,,,,,,,1.345907,1.957305,,,81.948242,85.763573,0.304476,0.448002,,,,,,,,,,,,
331802,,,,,,,,,,,,,,,,,,,,0.027823,-0.503571,0.566704,,,,,,
331806,,,,,,,,,1.455776,1.957302,,,82.564819,86.864128,0.297572,0.438361,,,,,,,,,,,,
331809,,,,,,,,,,,,,,,,,,,,0.038943,-0.495670,0.572628,,,,,,
331815,0.039493,-0.495729,0.581872,0.101501,-0.467811,0.932653,1.078588,-1.021290,1.345907,1.957305,73.359337,91.024246,81.994522,87.790131,0.246442,0.403115,0.067147,-0.010755,0.350781,,,,,,,,,
331820,,,,,,,,,,,,,,,,,,,,0.050457,-0.487714,0.592802,,,,,,
331826,,,,,,,,,1.263504,0.000000,,,81.514671,86.391098,0.249609,0.418032,,,,,,,,,,,,
331830,,,,,,,,,,,,,,,,,,,,0.061762,-0.479820,0.618728,,,,,,
331836,,,,,,,,,1.400841,3.262171,,,80.566383,87.936668,0.257651,0.403193,,,,,,,,,,,,
331841,,,,,,,,,,,,,,,,,,,,0.073504,-0.471297,0.644769,,,,,,
331846,,,,,,,,,1.318439,5.219473,,,79.223953,88.692566,0.269902,0.396101,,,,,,,,,,,,
331851,,,,,,,,,,,,,,,,,,,,0.084943,-0.462847,0.673935,,,,,,
331856,,,,,,,,,1.345906,3.262171,,,78.638977,89.873123,0.274696,0.384525,,,,,,,,,,,,
331861,,,,,,,,,,,,,,,,,,,,0.095844,-0.454396,0.709227,,,,,,
331865,0.095575,-0.454400,0.712219,0.133344,-0.424620,0.945543,1.076676,-0.173391,1.318439,3.914604,71.615204,86.350555,77.602234,90.321899,0.266425,0.332506,0.048050,-0.002142,0.233324,,,,,,,,,
331872,,,,,,,,,,,,,,,,,,,,0.106543,-0.445604,0.747743,,,,,,
331876,,,,,,,,,1.345906,3.262171,,,77.274460,90.699501,0.268571,0.327861,,,,,,,,,,,,
331879,,,,,,,,,,,,,,,,,,,,0.117011,-0.436495,0.786558,,,,,,
331886,,,,,,,,,1.236036,0.652434,,,76.454132,88.839043,0.275806,0.345968,,,,,,,,,,,,
331890,,,,,,,,,,,,,,,,,,,,0.126942,-0.427307,0.831719,,,,,,
331896,,,,,,,,,1.290972,4.567039,,,75.763908,88.907280,0.281879,0.344774,,,,,,,,,,,,
331900,,,,,,,,,,,,,,,,,,,,0.136393,-0.418194,0.874301,,,,,,
331906,,,,,,,,,1.318439,2.609739,,,75.727692,89.509239,0.281418,0.338123,,,,,,,,,,,,
331911,,,,,,,,,,,,,,,,,,,,0.145561,-0.408327,0.911118,,,,,,
331915,0.145289,-0.408292,0.905366,0.163408,-0.380799,1.000201,1.068803,0.685140,1.318439,2.609739,70.684700,80.773361,75.152679,89.471184,0.276970,0.280992,0.032814,0.002720,0.094835,,,,,,,,,
331921,,,,,,,,,,,,,,,,,,,,0.154605,-0.398250,0.948374,,,,,,
331927,,,,,,,,,0.659220,1.304869,,,74.668861,87.805534,0.281011,0.296242,,,,,,,,,,,,
331936,,,,,,,,,1.675516,3.262171,,,73.172691,86.404060,0.295475,0.309130,,,,,,,,,,,,
331946,,,,,,,,,1.263504,2.609736,,,73.002899,85.769402,0.296709,0.314478,,,,,,,,,,,,
331949,,,,,,,,,,,,,,,,,,,,0.177675,-0.367165,1.042866,,,,,,
331956,,,,,,,,,1.263504,1.304869,,,73.404579,85.235397,0.292149,0.318925,,,,,,,,,,,,
331960,,,,,,,,,,,,,,,,,,,,0.184459,-0.356624,1.065327,,,,,,
331965,0.184276,-0.356662,1.057372,0.189838,-0.335442,1.091992,1.056741,1.485642,1.236037,1.957302,66.816612,77.130745,73.198013,84.786087,0.254257,0.285461,0.021216,0.005578,0.034620,,,,,,,,,
331970,,,,,,,,,,,,,,,,,,,,0.190910,-0.345592,1.084626,,,,,,
331976,,,,,,,,,1.208569,0.000000,,,73.568748,83.863495,0.249199,0.293340,,,,,,,,,,,,
331986,,,,,,,,,1.126167,0.652435,,,72.791595,81.998138,0.255776,0.311021,,,,,,,,,,,,
331996,,,,,,,,,1.208569,1.304866,,,72.137703,81.517715,0.261251,0.314947,,,,,,,,,,,,
332002,,,,,,,,,,,,,,,,,,,,0.208159,-0.313157,1.133674,,,,,,
332006,,,,,,,,,1.236037,1.957302,,,72.132065,81.113487,0.260244,0.318193,,,,,,,,,,,,
332009,,,,,,,,,,,,,,,,,,,,0.213387,-0.301941,1.143586,,,,,,
332015,0.213272,-0.301898,1.144558,0.211024,-0.288048,1.213159,1.044069,2.159765,1.181102,1.957302,60.315556,76.457069,72.127319,80.773369,0.192919,0.313994,0.011682,0.007773,0.068601,,,,,,,,,
332019,,,,,,,,,,,,,,,,,,,,0.218488,-0.290617,1.156621,,,,,,
332026,,,,,,,,,1.153634,1.304868,,,71.034241,80.487198,0.201706,0.316050,,,,,,,,,,,,
332030,,,,,,,,,,,,,,,,,,,,0.223356,-0.279562,1.173242,,,,,,
332036,,,,,,,,,1.126167,1.957302,,,70.114525,79.701866,0.208943,0.323254,,,,,,,,,,,,
332040,,,,,,,,,,,,,,,,,,,,0.227990,-0.268605,1.189851,,,,,,
332046,,,,,,,,,1.126167,1.957302,,,69.340675,78.496552,0.214876,0.334900,,,,,,,,,,,,
332051,,,,,,,,,,,,,,,,,,,,0.232331,-0.257504,1.213487,,,,,,
332056,,,,,,,,,1.071232,3.262170,,,68.145012,78.571480,0.225267,0.333727,,,,,,,,,,,,
332061,,,,,,,,,,,,,,,,,,,,0.236595,-0.246199,1.236916,,,,,,
332065,0.236180,-0.246651,1.242844,0.225693,-0.238617,1.353993,1.034566,2.653946,1.181102,4.567039,54.639465,76.261497,67.138985,79.179070,0.176067,0.325112,0.004228,0.012516,0.111150,,,,,,,,,
332072,,,,,,,,,,,,,,,,,,,,0.240737,-0.235050,1.264220,,,,,,
332076,,,,,,,,,1.071232,3.262170,,,65.747971,79.145752,0.187755,0.324869,,,,,,,,,,,,
332079,,,,,,,,,,,,,,,,,,,,0.244526,-0.223870,1.298684,,,,,,
332086,,,,,,,,,1.126167,4.567039,,,64.577568,79.662262,0.197471,0.319023,,,,,,,,,,,,
332090,,,,,,,,,,,,,,,,,,,,0.247820,-0.212719,1.333678,,,,,,
332096,,,,,,,,,1.098699,3.914604,,,63.592793,79.552307,0.205529,0.319465,,,,,,,,,,,,
332100,,,,,,,,,,,,,,,,,,,,0.250722,-0.201478,1.372703,,,,,,
332106,,,,,,,,,0.988829,2.609737,,,62.219658,77.826164,0.217744,0.336413,,,,,,,,,,,,
332110,,,,,,,,,,,,,,,,,,,,0.253233,-0.190234,1.412388,,,,,,
332115,0.252868,-0.190958,1.409104,0.232980,-0.187622,1.504483,1.030627,2.945649,1.098699,5.219474,52.969097,75.325035,61.064304,78.007416,0.210975,0.324700,0.000091,0.020166,0.095379,,,,,,,,,
332121,,,,,,,,,,,,,,,,,,,,0.255524,-0.179206,1.456536,,,,,,
332126,,,,,,,,,1.071232,4.567039,,,60.092190,78.704468,0.219271,0.317053,,,,,,,,,,,,
332136,,,,,,,,,1.071232,4.567039,,,59.274250,78.746422,0.226190,0.315949,,,,,,,,,,,,
332146,,,,,,,,,1.071232,3.262170,,,58.586037,78.237183,0.231948,0.320459,,,,,,,,,,,,
332150,,,,,,,,,,,,,,,,,,,,0.259131,-0.146139,1.599711,,,,,,
332156,,,,,,,,,1.071232,4.567039,,,58.006973,78.353249,0.236731,0.318693,,,,,,,,,,,,
332160,,,,,,,,,,,,,,,,,,,,0.259398,-0.135531,1.645704,,,,,,
332167,0.259062,-0.135693,1.644998,0.232485,-0.135868,1.655400,1.032777,3.043202,0.878959,2.609737,56.271011,73.828949,56.975208,75.728188,0.279927,0.329603,0.001795,0.026516,0.010402,,,,,,,,,
332171,,,,,,,,,,,,,,,,,,,,0.259064,-0.125236,1.694407,,,,,,
332176,,,,,,,,,1.153634,3.914605,,,57.740711,76.786728,0.271978,0.318426,,,,,,,,,,,,
332186,,,,,,,,,1.098699,3.914604,,,57.840263,77.132835,0.270669,0.314304,,,,,,,,,,,,
332196,,,,,,,,,1.071232,3.262170,,,57.924026,76.879509,0.269501,0.316227,,,,,,,,,,,,
332202,,,,,,,,,,,,,,,,,,,,0.256047,-0.094539,1.824755,,,,,,
332206,,,,,,,,,1.126167,4.567039,,,57.994503,77.210899,0.268451,0.312237,,,,,,,,,,,,
332212,,,,,,,,,,,,,,,,,,,,0.254458,-0.084798,1.866691,,,,,,
332215,0.253963,-0.084426,1.867232,0.224306,-0.084267,1.798304,1.040273,2.965572,1.071232,3.262170,61.336075,73.348022,58.053802,77.489731,0.319165,0.303811,0.008816,0.028317,-0.068928,,,,,,,,,
332220,,,,,,,,,,,,,,,,,,,,0.251968,-0.074988,1.901168,,,,,,
332226,,,,,,,,,1.098699,1.304869,,,58.648239,76.635254,0.313759,0.311698,,,,,,,,,,,,
332231,,,,,,,,,,,,,,,,,,,,0.249162,-0.064874,1.934969,,,,,,
332236,,,,,,,,,1.098699,2.609736,,,59.148399,75.916298,0.309194,0.318374,,,,,,,,,,,,
332241,,,,,,,,,,,,,,,,,,,,0.246094,-0.054485,1.965122,,,,,,
332246,,,,,,,,,1.043764,1.304868,,,59.569233,75.311371,0.305340,0.324031,,,,,,,,,,,,
332251,,,,,,,,,,,,,,,,,,,,0.242301,-0.044379,1.991382,,,,,,
332256,,,,,,,,,1.098699,2.609736,,,60.467865,75.346924,0.296527,0.323276,,,,,,,,,,,,
332261,,,,,,,,,,,,,,,,,,,,0.238286,-0.034799,2.014519,,,,,,
332265,0.237966,-0.034654,2.013099,0.209041,-0.033614,1.925057,1.051868,2.723463,1.126167,1.957302,64.560936,73.905937,57.956715,71.565041,0.355208,0.367142,0.013320,0.025696,-0.088042,,,,,,,,,
332272,,,,,,,,,,,,,,,,,,,,0.233999,-0.025168,2.034143,,,,,,
332276,,,,,,,,,1.098699,0.000000,,,62.378353,74.917480,0.311428,0.333415,,,,,,,,,,,,
332286,,,,,,,,,1.043764,0.000000,,,63.376003,73.381882,0.301688,0.348876,,,,,,,,,,,,
332290,,,,,,,,,,,,,,,,,,,,0.224372,-0.005167,2.066542,,,,,,
332296,,,,,,,,,1.126167,1.957302,,,63.670883,73.723457,0.298918,0.345497,,,,,,,,,,,,
332300,,,,,,,,,,,,,,,,,,,,0.219147,0.004503,2.079374,,,,,,
332306,,,,,,,,,1.153634,0.000000,,,64.463539,73.466316,0.291011,0.348156,,,,,,,,,,,,
332311,,,,,,,,,,,,,,,,,,,,0.213617,0.014292,2.095448,,,,,,
332315,0.213560,0.014546,2.088540,0.187761,0.015609,2.027807,1.065895,2.320224,1.153634,2.609736,65.915741,74.777206,65.130478,73.794502,0.298046,0.353783,0.013692,0.021892,-0.060733,,,,,,,,,
332326,,,,,,,,,1.098699,1.304869,,,65.147095,72.981552,0.298034,0.362272,,,,0.207906,0.024149,2.104918,,,,,,
332336,,,,,,,,,1.098699,0.000000,,,65.705620,73.386620,0.292491,0.358499,,,,,,,,,,,,
332340,,,,,,,,,,,,,,,,,,,,0.195755,0.043869,2.127061,,,,,,
332346,,,,,,,,,1.181102,1.957302,,,66.175560,73.727440,0.287739,0.355301,,,,,,,,,,,,
332350,,,,,,,,,,,,,,,,,,,,0.189580,0.053322,2.139689,,,,,,
332356,,,,,,,,,1.153634,1.304868,,,66.570969,74.558754,0.283654,0.347032,,,,,,,,,,,,
332361,,,,,,,,,,,,,,,,,,,,0.183420,0.062774,2.152463,,,,,,
332365,0.183418,0.062853,2.152576,0.161942,0.063344,2.099642,1.079876,1.766474,1.153634,1.304868,67.686913,73.977493,66.903671,74.713676,0.298195,0.337338,0.012212,0.017673,-0.052934,,,,,,,,,
332371,,,,,,,,,,,,,,,,,,,,0.176971,0.072591,2.164980,,,,,,
332376,,,,,,,,,1.208569,1.304866,,,67.728149,74.844025,0.289942,0.335861,,,,,,,,,,,,
332386,,,,,,,,,1.071232,-0.652434,,,67.877319,73.320076,0.288413,0.351232,,,,,,,,,,,,
332396,,,,,,,,,1.153634,1.304868,,,68.002831,73.671455,0.287094,0.347780,,,,,,,,,,,,
332399,,,,,,,,,,,,,,,,,,,,0.156616,0.101593,2.211660,,,,,,
332406,,,,,,,,,1.181102,0.652433,,,68.652977,74.511642,0.280400,0.339271,,,,,,,,,,,,
332410,,,,,,,,,,,,,,,,,,,,0.149653,0.110831,2.227184,,,,,,
332415,0.149683,0.110891,2.223663,0.133380,0.109942,2.135378,1.090498,1.089495,1.236037,1.957302,70.400345,70.527748,68.655472,75.218582,0.307858,0.296766,0.009150,0.013527,-0.088284,,,,,,,,,
332420,,,,,,,,,,,,,,,,,,,,0.142303,0.120336,2.242540,,,,,,
332426,,,,,,,,,1.153634,1.304868,,,69.202110,75.268852,0.302631,0.295315,,,,,,,,,,,,
332431,,,,,,,,,,,,,,,,,,,,0.134872,0.129584,2.257874,,,,,,
332436,,,,,,,,,1.126167,0.652435,,,69.117508,74.766609,0.303734,0.299490,,,,,,,,,,,,
332445,,,,,,,,,1.071232,-0.652434,,,68.501785,73.799477,0.310271,0.308507,,,,0.127358,0.138776,2.273188,,,,,,
332451,,,,,,,,,,,,,,,,,,,,0.119666,0.147732,2.285406,,,,,,
332456,,,,,,,,,1.181102,0.652433,,,69.617340,74.074821,0.299272,0.305044,,,,,,,,,,,,
332461,,,,,,,,,,,,,,,,,,,,0.111833,0.156677,2.291513,,,,,,
332465,0.111925,0.156713,2.288561,0.104063,0.156062,2.132028,1.094497,0.329917,1.208569,0.000000,73.295654,64.476288,70.011429,74.306496,0.324941,0.240246,0.004680,0.006350,-0.156533,,,,,,,,,
332472,,,,,,,,,,,,,,,,,,,,0.103955,0.165532,2.297553,,,,,,
332476,,,,,,,,,1.208569,0.000000,,,70.887558,73.956886,0.316661,0.241846,,,,,,,,,,,,
332479,,,,,,,,,,,,,,,,,,,,0.095925,0.174172,2.303616,,,,,,
332486,,,,,,,,,1.098699,0.000000,,,71.080193,73.118179,0.315178,0.248505,,,,,,,,,,,,
332490,,,,,,,,,,,,,,,,,,,,0.087817,0.182930,2.300646,,,,,,
332496,,,,,,,,,1.126167,-1.957302,,,71.786812,72.412491,0.308414,0.253975,,,,,,,,,,,,
332500,,,,,,,,,,,,,,,,,,,,0.079442,0.191701,2.291345,,,,,,
332506,,,,,,,,,1.153634,-1.304868,,,72.381363,71.274178,0.302651,0.263998,,,,,,,,,,,,
332511,,,,,,,,,,,,,,,,,,,,0.071012,0.200521,2.278986,,,,,,
332515,0.071366,0.200579,2.274328,0.076045,0.202484,2.089002,1.090060,-0.465941,1.181102,-3.262171,74.170242,58.868526,73.426163,70.316406,0.301098,0.215209,-0.001574,-0.004801,-0.185327,,,,,,,,,
332521,,,,,,,,,,,,,,,,,,,,0.062433,0.209575,2.260494,,,,,,
332526,,,,,,,,,1.043764,-2.609737,,,73.760712,68.965996,0.297834,0.226693,,,,,,,,,,,,
332536,,,,,,,,,1.126167,-3.262170,,,74.586746,67.829758,0.289490,0.236264,,,,,,,,,,,,
332546,,,,,,,,,1.098699,-2.609736,,,74.737228,66.873726,0.287872,0.244223,,,,,,,,,,,,
332549,,,,,,,,,,,,,,,,,,,,0.038825,0.236497,2.179446,,,,,,
332556,,,,,,,,,1.126167,-3.262170,,,75.408386,65.524780,0.280913,0.256381,,,,,,,,,,,,
332560,,,,,,,,,,,,,,,,,,,,0.031515,0.245264,2.148027,,,,,,
332566,0.032094,0.245346,2.144961,0.051310,0.249887,2.008288,1.077868,-1.248523,0.906427,-1.957303,73.114296,56.636814,73.250381,63.845234,0.291906,0.249418,-0.006624,-0.018601,-0.136673,,,,,,,,,
332570,,,,,,,,,,,,,,,,,,,,0.024238,0.254602,2.112868,,,,,,
332576,,,,,,,,,0.961362,-3.262171,,,71.979179,61.887520,0.304845,0.267945,,,,,,,,,,,,
332581,,,,,,,,,,,,,,,,,,,,0.017626,0.264081,2.074524,,,,,,
332586,,,,,,,,,1.126167,-3.262170,,,73.087769,61.329388,0.293765,0.272588,,,,,,,,,,,,
332591,,,,,,,,,,,,,,,,,,,,0.011419,0.273763,2.035284,,,,,,
332596,,,,,,,,,1.098699,-3.914604,,,74.020531,61.404316,0.284256,0.270885,,,,,,,,,,,,
332601,,,,,,,,,,,,,,,,,,,,0.005935,0.283352,1.996266,,,,,,
332606,,,,,,,,,1.098699,-3.914604,,,74.805359,60.922817,0.276069,0.274843,,,,,,,,,,,,
332612,,,,,,,,,,,,,,,,,,,,0.000331,0.293263,1.952908,,,,,,
332615,0.000880,0.293338,1.952622,0.031645,0.298659,1.894558,1.061035,-1.964336,1.071232,-3.262170,71.991959,56.743427,74.921165,60.517685,0.263102,0.279205,-0.006525,-0.030532,-0.058064,,,,,,,,,
332626,,,,,,,,,1.016297,0.652434,,,73.384979,60.721352,0.278185,0.276373,,,,-0.004560,0.303125,1.916195,,,,,,
332629,,,,,,,,,,,,,,,,,,,,-0.009164,0.313144,1.878799,,,,,,
332636,,,,,,,,,1.071232,-3.262170,,,73.726059,60.892715,0.274428,0.273829,,,,,,,,,,,,
332640,,,,,,,,,,,,,,,,,,,,-0.013326,0.322944,1.844503,,,,,,
332646,,,,,,,,,1.126167,-3.262170,,,74.013046,60.492359,0.271154,0.277083,,,,,,,,,,,,
332650,,,,,,,,,,,,,,,,,,,,-0.017194,0.333033,1.813263,,,,,,
332656,,,,,,,,,1.043764,-2.609737,,,74.254517,60.700043,0.268286,0.274215,,,,,,,,,,,,
332667,-0.017039,0.333864,1.814024,0.018538,0.348764,1.754750,1.043890,-2.561305,0.439480,-1.304869,76.106094,57.465672,67.378632,54.884811,0.379932,0.340106,0.005893,-0.038118,-0.059274,-0.020625,0.342960,1.781900,,,,,,
332671,,,,,,,,,,,,,,,,,,,,-0.023170,0.353033,1.753601,,,,,,
332676,,,,,,,,,1.455776,-1.957302,,,71.395035,59.793655,0.340710,0.290552,,,,,,,,,,,,
332686,,,,,,,,,1.181102,-3.262171,,,73.140808,60.112152,0.323846,0.286838,,,,,,,,,,,,
332696,,,,,,,,,1.071232,-3.262170,,,73.520615,60.380135,0.320565,0.283575,,,,,,,,,,,,
332699,,,,,,,,,,,,,,,,,,,,-0.030288,0.383369,1.673674,,,,,,
332706,,,,,,,,,1.043764,-2.609737,,,73.840187,60.061073,0.317822,0.286247,,,,,,,,,,,,
332710,,,,,,,,,,,,,,,,,,,,-0.032407,0.394709,1.643209,,,,,,
332715,-0.031880,0.393915,1.646609,0.013102,0.399712,1.596878,1.030265,-3.003799,1.126167,-4.567039,75.236870,54.721832,74.653618,59.792614,0.301112,0.260479,0.002373,-0.045292,-0.049730,,,,,,,,,
332720,,,,,,,,,,,,,,,,,,,,-0.033945,0.405740,1.612850,,,,,,
332726,,,,,,,,,1.043764,-1.304868,,,74.248955,60.111275,0.305356,0.256214,,,,,,,,,,,,
332736,,,,,,,,,1.126167,-3.262170,,,74.453011,59.834854,0.303473,0.257956,,,,,,,,,,,,
332746,,,,,,,,,1.043764,-3.914604,,,75.169243,59.602272,0.296324,0.259305,,,,,,,,,,,,
332752,,,,,,,,,,,,,,,,,,,,-0.036880,0.438923,1.513049,,,,,,
332756,,,,,,,,,1.071232,-3.262170,,,75.227341,59.406578,0.295745,0.260325,,,,,,,,,,,,
332762,,,,,,,,,,,,,,,,,,,,-0.037002,0.449292,1.475508,,,,,,
332765,-0.036544,0.449140,1.476198,0.016029,0.450623,1.428705,1.022383,-3.284959,1.098699,-3.914604,76.657425,54.620159,75.820770,59.241920,0.304183,0.260031,0.006442,-0.052198,-0.047493,,,,,,,,,
332769,,,,,,,,,,,,,,,,,,,,-0.037030,0.460130,1.438301,,,,,,
332776,,,,,,,,,1.071232,-3.262170,,,75.775536,59.103378,0.304812,0.260520,,,,,,,,,,,,
332780,,,,,,,,,,,,,,,,,,,,-0.036557,0.471122,1.398387,,,,,,
332786,,,,,,,,,1.043764,-3.914604,,,75.192932,58.442265,0.310931,0.266366,,,,,,,,,,,,
332791,,,,,,,,,,,,,,,,,,,,-0.035687,0.482193,1.358748,,,,,,
332796,,,,,,,,,1.071232,-3.262170,,,75.791817,58.430550,0.305115,0.265721,,,,,,,,,,,,
332801,,,,,,,,,,,,,,,,,,,,-0.034327,0.492971,1.323371,,,,,,
332806,,,,,,,,,1.071232,-3.262170,,,75.751175,58.420692,0.305703,0.265060,,,,,,,,,,,,
332811,,,,,,,,,,,,,,,,,,,,-0.032937,0.503991,1.281671,,,,,,
332815,-0.032443,0.503811,1.284329,0.027572,0.500393,1.257244,1.020994,-3.418961,1.098699,-5.219474,78.448685,56.823269,76.261520,57.867855,0.318950,0.292410,0.013679,-0.058535,-0.027085,,,,,,,,,
332827,,,,,,,,,0.549350,-1.304868,,,70.700951,53.590893,0.376105,0.335827,,,,-0.028417,0.525414,1.193188,,,,,,
332836,,,,,,,,,1.510711,-3.262170,,,75.824066,58.704948,0.325399,0.284310,,,,,,,,,,,,
332840,,,,,,,,,,,,,,,,,,,,-0.025489,0.535374,1.150019,,,,,,
332846,,,,,,,,,1.126167,-4.567039,,,76.867393,58.651569,0.315282,0.284478,,,,,,,,,,,,
332850,,,,,,,,,,,,,,,,,,,,-0.022374,0.545663,1.110916,,,,,,
332856,,,,,,,,,1.126167,-3.262170,,,77.200706,58.606659,0.312198,0.284570,,,,,,,,,,,,
332861,,,,,,,,,,,,,,,,,,,,-0.018812,0.555743,1.068927,,,,,,
332865,-0.018239,0.555787,1.073338,0.047557,0.547895,1.089437,1.026319,-3.416751,1.071232,-4.567039,80.483047,61.549931,77.481155,58.568871,0.330338,0.332811,0.024462,-0.061587,0.016098,,,,,,,,,
332871,,,,,,,,,,,,,,,,,,,,-0.014401,0.566457,1.017613,,,,,,
332876,,,,,,,,,1.098699,-3.914604,,,77.717125,58.537075,0.328531,0.333731,,,,,,,,,,,,
332886,,,,,,,,,1.126167,-1.957302,,,77.371132,59.054867,0.332613,0.329053,,,,,,,,,,,,
332896,,,,,,,,,1.098699,-3.914604,,,77.624550,59.490536,0.330651,0.325108,,,,,,,,,,,,
332899,,,,,,,,,,,,,,,,,,,,0.000737,0.595909,0.902221,,,,,,
332906,,,,,,,,,1.153634,-2.609736,,,77.837776,59.857105,0.329048,0.321781,,,,,,,,,,,,
332910,,,,,,,,,,,,,,,,,,,,0.006555,0.605525,0.862388,,,,,,
332915,0.007081,0.605430,0.869163,0.075404,0.592203,0.933000,1.038650,-3.269751,1.098699,-3.914604,81.852249,66.838074,78.017189,60.165539,0.341713,0.372912,0.033997,-0.060722,0.063837,,,,,,,,,
332920,,,,,,,,,,,,,,,,,,,,0.012833,0.614597,0.826142,,,,,,
332926,,,,,,,,,1.153634,-2.609736,,,78.168144,60.969597,0.340940,0.366045,,,,,,,,,,,,
332936,,,,,,,,,1.236037,-1.957302,,,78.839706,62.190674,0.334827,0.354764,,,,,,,,,,,,
332946,,,,,,,,,1.126167,-1.957302,,,78.315666,63.218090,0.340774,0.345214,,,,,,,,,,,,
332951,,,,,,,,,,,,,,,,,,,,0.033910,0.641254,0.721445,,,,,,
332956,,,,,,,,,1.181102,-3.262171,,,78.419281,63.538013,0.340425,0.342675,,,,,,,,,,,,
332962,,,,,,,,,,,,,,,,,,,,0.041883,0.649768,0.694947,,,,,,
332965,0.042461,0.649557,0.695905,0.110172,0.632784,0.796304,1.057813,-2.959354,1.208569,-1.304866,82.750633,71.992706,79.051010,64.351738,0.343831,0.387612,0.041213,-0.056281,0.100399,,,,,,,,,
332969,,,,,,,,,,,,,,,,,,,,0.049946,0.658133,0.665664,,,,,,
332976,,,,,,,,,1.181102,-1.957302,,,79.038002,65.036407,0.344704,0.382156,,,,,,,,,,,,
332980,,,,,,,,,,,,,,,,,,,,0.058590,0.666146,0.636334,,,,,,
332986,,,,,,,,,1.208569,-2.609737,,,79.027054,66.157036,0.345558,0.372117,,,,,,,,,,,,
332990,,,,,,,,,,,,,,,,,,,,0.067332,0.673822,0.612976,,,,,,
332996,,,,,,,,,1.181102,-1.957302,,,79.562393,66.555382,0.340842,0.369221,,,,,,,,,,,,
333005,,,,,,,,,1.126167,-0.652435,,,77.834648,66.890556,0.359103,0.366890,,,,0.076560,0.681463,0.584017,,,,,,
333011,,,,,,,,,,,,,,,,,,,,0.086063,0.689180,0.563871,,,,,,
333015,0.086102,0.688797,0.572227,0.150598,0.669620,0.687223,1.081893,-2.481776,1.236037,-1.957302,82.983322,76.018532,78.559097,67.717110,0.355070,0.400543,0.043837,-0.051047,0.114995,,,,,,,,,
333021,,,,,,,,,,,,,,,,,,,,0.095967,0.696596,0.546562,,,,,,
333026,,,,,,,,,1.236036,-0.652434,,,79.168648,68.412575,0.349738,0.395110,,,,,,,,,,,,
333029,,,,,,,,,,,,,,,,,,,,0.105935,0.703671,0.526529,,,,,,
333036,,,,,,,,,1.290972,-1.957303,,,80.226067,70.086823,0.339715,0.379553,,,,,,,,,,,,
333039,,,,,,,,,,,,,,,,,,,,0.115798,0.710311,0.509476,,,,,,
333046,,,,,,,,,1.290972,-1.957303,,,80.571236,70.950996,0.336746,0.371925,,,,,,,,,,,,
333050,,,,,,,,,,,,,,,,,,,,0.126453,0.717120,0.489434,,,,,,
333056,,,,,,,,,1.290972,-0.652435,,,80.861664,72.222649,0.334266,0.359968,,,,,,,,,,,,
333060,,,,,,,,,,,,,,,,,,,,0.137166,0.723712,0.472111,,,,,,
333067,0.137497,0.723617,0.477788,0.195155,0.703245,0.611967,1.106498,-1.860729,0.988829,0.000000,81.301582,79.298882,78.383316,70.569908,0.342816,0.411045,0.041834,-0.044603,0.134179,,,,,,,,,
333071,,,,,,,,,,,,,,,,,,,,0.148254,0.730060,0.457943,,,,,,
333076,,,,,,,,,1.043764,0.000000,,,76.298035,69.723831,0.364669,0.421420,,,,,,,,,,,,
333086,,,,,,,,,1.318439,-1.304869,,,77.810738,71.190117,0.350240,0.408379,,,,,,,,,,,,
333096,,,,,,,,,1.373374,0.000000,,,78.538979,72.968391,0.343510,0.391863,,,,,,,,,,,,
333100,,,,,,,,,,,,,,,,,,,,0.182990,0.748548,0.423724,,,,,,
333106,,,,,,,,,1.318439,0.000000,,,79.696266,74.464630,0.332259,0.377867,,,,,,,,,,,,
333110,,,,,,,,,,,,,,,,,,,,0.194609,0.754321,0.423864,,,,,,
333115,0.194740,0.754268,0.428394,0.242105,0.734684,0.574851,1.125396,-1.135408,1.290972,-0.652435,77.881805,80.945839,80.125465,75.723564,0.293320,0.382792,0.034950,-0.037491,0.146457,,,,,,,,,
333125,,,,,,,,,1.098699,0.000000,,,78.308418,74.604660,0.311405,0.395249,,,,0.206277,0.760160,0.418256,,,,,,
333136,,,,,,,,,1.345907,0.652434,,,78.957733,76.385933,0.304697,0.378348,,,,,,,,,,,,
333146,,,,,,,,,1.345907,-0.652434,,,79.504066,77.340149,0.298909,0.369527,,,,,,,,,,,,
333151,,,,,,,,,,,,,,,,,,,,0.242515,0.777214,0.415471,,,,,,
333156,,,,,,,,,1.318439,1.304869,,,79.963745,78.687569,0.293896,0.356505,,,,,,,,,,,,
333162,,,,,,,,,,,,,,,,,,,,0.254173,0.782778,0.415426,,,,,,
333165,0.254155,0.782816,0.421988,0.289553,0.765321,0.578889,1.132471,-0.339417,1.345907,1.957305,72.827301,81.126900,79.805977,79.821289,0.243533,0.347239,0.025127,-0.030459,0.156902,,,,,,,,,
333169,,,,,,,,,,,,,,,,,,,,0.266221,0.788577,0.421512,,,,,,
333176,,,,,,,,,1.290972,0.652435,,,79.673233,80.775200,0.243491,0.337770,,,,,,,,,,,,
333186,,,,,,,,,1.071232,1.957303,,,76.294281,78.855103,0.276587,0.357426,,,,0.278809,0.794514,0.423860,,,,,,
333191,,,,,,,,,,,,,,,,,,,,0.290940,0.800027,0.435353,,,,,,
333196,,,,,,,,,1.208569,1.304866,,,76.173950,79.417709,0.277121,0.352142,,,,,,,,,,,,
333201,,,,,,,,,,,,,,,,,,,,0.303159,0.805951,0.446479,,,,,,
333206,,,,,,,,,1.345907,1.957305,,,76.617241,80.435631,0.271930,0.342101,,,,,,,,,,,,
333211,,,,,,,,,,,,,,,,,,,,0.314833,0.811579,0.460629,,,,,,
333215,0.314785,0.811704,0.465592,0.335534,0.796701,0.626396,1.124039,0.508726,1.290972,1.957303,66.048203,79.284187,76.445686,81.292107,0.203775,0.314707,0.011805,-0.022721,0.160804,,,,,,,,,
333226,,,,,,,,,0.576817,0.652434,,,69.766823,74.933685,0.269820,0.379161,,,,0.326945,0.817750,0.480440,,,,,,
333229,,,,,,,,,,,,,,,,,,,,0.338362,0.823654,0.494745,,,,,,
333236,,,,,,,,,1.565646,1.957302,,,73.404465,79.385490,0.231973,0.334623,,,,,,,,,,,,
333240,,,,,,,,,,,,,,,,,,,,0.349920,0.829979,0.514784,,,,,,
333246,,,,,,,,,1.263504,2.609736,,,73.197914,80.408524,0.232608,0.324168,,,,,,,,,,,,
333250,,,,,,,,,,,,,,,,,,,,0.361344,0.836400,0.537524,,,,,,
333256,,,,,,,,,1.236037,3.262171,,,72.479576,81.269302,0.238505,0.315163,,,,,,,,,,,,
333260,,,,,,,,,,,,,,,,,,,,0.372573,0.843111,0.566261,,,,,,
333265,0.372166,0.843151,0.571489,0.378083,0.830313,0.718702,1.100715,1.396587,1.236037,3.262171,58.967934,76.026794,71.875168,81.449020,0.171165,0.279708,-0.001967,-0.013999,0.147213,,,,,,,,,
333271,,,,,,,,,,,,,,,,,,,,0.383368,0.849564,0.592184,,,,,,
333276,,,,,,,,,1.181102,3.262171,,,70.822075,81.600235,0.179325,0.277081,,,,,,,,,,,,
333286,,,,,,,,,0.988829,0.000000,,,69.391464,79.004745,0.191547,0.302440,,,,,,,,,,,,
333296,,,,,,,,,1.126167,3.262170,,,67.643204,78.999077,0.207294,0.301902,,,,,,,,,,,,
333299,,,,,,,,,,,,,,,,,,,,0.414911,0.871387,0.691093,,,,,,
333306,,,,,,,,,1.098699,5.219474,,,66.172218,78.994308,0.220563,0.301356,,,,,,,,,,,,
333310,,,,,,,,,,,,,,,,,,,,0.424744,0.879079,0.723461,,,,,,
333315,0.423877,0.879010,0.732587,0.415338,0.867372,0.854347,1.068188,2.291904,1.098699,2.609736,52.215168,72.370277,64.934532,78.990295,0.162869,0.263507,-0.014132,-0.002941,0.121760,,,,,,,,,
333320,,,,,,,,,,,,,,,,,,,,0.434385,0.887493,0.762285,,,,,,
333326,,,,,,,,,1.071232,4.567039,,,63.348598,78.442375,0.176501,0.267772,,,,,,,,,,,,
333336,,,,,,,,,0.988829,3.914606,,,62.014194,77.981354,0.187885,0.271260,,,,,,,,,,,,
333346,,,,,,,,,0.988829,1.304868,,,60.891426,75.959824,0.197378,0.290758,,,,,,,,,,,,
333351,,,,,,,,,,,,,,,,,,,,0.458858,0.910955,0.864952,,,,,,
333356,,,,,,,,,1.043764,5.219473,,,59.946728,75.892532,0.205279,0.290726,,,,,,,,,,,,
333361,,,,,,,,,,,,,,,,,,,,0.466126,0.918440,0.904826,,,,,,
333365,0.465451,0.918438,0.912252,0.445633,0.908631,1.026142,1.036390,3.110491,1.016297,3.262172,46.700569,70.823784,59.151859,75.835915,0.155591,0.274825,-0.019885,0.009672,0.113890,,,,,,,,,
333371,,,,,,,,,,,,,,,,,,,,0.472694,0.926229,0.944829,,,,,,
333376,,,,,,,,,0.988829,3.914606,,,57.938515,75.243736,0.165477,0.279863,,,,,,,,,,,,
333386,,,,,,,,,0.988829,3.914606,,,56.373062,74.745476,0.179197,0.284061,,,,,,,,,,,,
333396,,,,,,,,,0.906427,4.567039,,,55.055893,73.781700,0.190697,0.293107,,,,,,,,,,,,
333399,,,,,,,,,,,,,,,,,,,,0.490349,0.951196,1.065145,,,,,,
333417,0.490249,0.951689,1.071466,0.467611,0.954262,1.219969,1.016505,3.713054,-0.000000,0.000000,45.561394,75.276527,45.849701,60.481247,0.269524,0.474277,-0.008581,0.021106,0.148503,,,,,,,,,
333420,,,,,,,,,,,,,,,,,,,,0.499968,0.968343,1.146658,,,,,,
333426,,,,,,,,,1.208569,3.914605,,,44.023365,59.601604,0.288095,0.486208,,,,,,,,,,,,
333436,,,,,,,,,1.098699,5.219474,,,45.753944,63.217819,0.270751,0.452458,,,,,,,,,,,,
333446,,,,,,,,,1.071232,5.871908,,,46.665512,66.260498,0.261414,0.423835,,,,,,,,,,,,
333451,,,,,,,,,,,,,,,,,,,,0.511699,0.994906,1.288608,,,,,,
333456,,,,,,,,,1.126167,5.871908,,,47.977047,69.365158,0.247816,0.393970,,,,,,,,,,,,
333467,0.511557,0.995704,1.295006,0.480304,1.003773,1.418569,1.016037,3.979581,1.153634,3.914605,47.865410,77.751152,50.169659,71.432869,0.248469,0.399303,-0.000746,0.032270,0.123562,,,,,,,,,
333470,,,,,,,,,,,,,,,,,,,,0.517298,1.011945,1.401517,,,,,,
333476,,,,,,,,,0.769089,3.914606,,,48.202721,69.360840,0.268071,0.421701,,,,,,,,,,,,
333479,,,,,,,,,,,,,,,,,,,,0.519643,1.020150,1.460674,,,,,,
333486,,,,,,,,,1.208569,6.524341,,,49.270454,72.518326,0.257112,0.391173,,,,,,,,,,,,
333490,,,,,,,,,,,,,,,,,,,,0.521257,1.029758,1.517276,,,,,,
333496,,,,,,,,,1.153634,6.524343,,,50.168846,75.175034,0.247668,0.365121,,,,,,,,,,,,
333501,,,,,,,,,,,,,,,,,,,,0.523126,1.040276,1.574243,,,,,,
333506,,,,,,,,,1.016297,4.567039,,,50.924751,75.776756,0.239497,0.359499,,,,,,,,,,,,
333511,,,,,,,,,,,,,,,,,,,,0.524888,1.050586,1.635889,,,,,,
333515,0.524419,1.050195,1.626430,0.483215,1.056032,1.608828,1.034469,3.919244,1.043764,5.219473,56.523560,77.331940,50.471684,76.283043,0.331819,0.350454,0.008119,0.040816,-0.017602,,,,,,,,,
333526,,,,,,,,,1.043764,3.914604,,,51.179558,76.164490,0.325809,0.351873,,,,0.525571,1.061707,1.695166,,,,,,
333529,,,,,,,,,,,,,,,,,,,,0.525777,1.072142,1.757273,,,,,,
333536,,,,,,,,,1.126167,4.567039,,,52.319710,76.609283,0.315249,0.347569,,,,,,,,,,,,
333539,,,,,,,,,,,,,,,,,,,,0.525286,1.082792,1.813912,,,,,,
333546,,,,,,,,,1.043764,3.914604,,,53.279030,76.983536,0.306304,0.343896,,,,,,,,,,,,
333550,,,,,,,,,,,,,,,,,,,,0.524705,1.092805,1.866543,,,,,,
333556,,,,,,,,,1.098699,2.609736,,,54.630745,76.753883,0.293166,0.346309,,,,,,,,,,,,
333560,,,,,,,,,,,,,,,,,,,,0.523082,1.103196,1.917641,,,,,,
333567,0.522582,1.103318,1.904132,0.476353,1.109339,1.785972,1.062898,3.675608,0.988829,1.304868,65.407310,78.237465,55.223537,74.927025,0.378112,0.374294,0.020816,0.041715,-0.118160,,,,,,,,,
333571,,,,,,,,,,,,,,,,,,,,0.521011,1.113614,1.961260,,,,,,
333576,,,,,,,,,0.933894,2.609737,,,54.633224,73.389908,0.386170,0.390635,,,,,,,,,,,,
333586,,,,,,,,,1.126167,1.957302,,,56.314709,73.730209,0.371174,0.388134,,,,,,,,,,,,
333596,,,,,,,,,1.208569,1.304866,,,58.818596,74.561081,0.347453,0.380560,,,,,,,,,,,,
333602,,,,,,,,,,,,,,,,,,,,0.511489,1.144082,2.082249,,,,,,
333606,,,,,,,,,1.236037,1.957302,,,60.380821,75.260178,0.332836,0.374165,,,,,,,,,,,,
333612,,,,,,,,,,,,,,,,,,,,0.507416,1.153984,2.114228,,,,,,
333615,0.506714,1.154528,2.104788,0.460243,1.161556,1.952652,1.087970,3.419933,1.126167,1.957302,71.148262,79.984665,61.695278,75.848396,0.378991,0.386582,0.029702,0.036424,-0.152136,,,,,,,,,
333620,,,,,,,,,,,,,,,,,,,,0.502618,1.163764,2.145859,,,,,,
333626,,,,,,,,,1.071232,-0.652434,,,62.801262,74.165154,0.369601,0.404578,,,,,,,,,,,,
333630,,,,,,,,,,,,,,,,,,,,0.497641,1.173665,2.174276,,,,,,
333636,,,,,,,,,1.208569,1.304866,,,64.276382,74.927040,0.356224,0.397971,,,,,,,,,,,,
333646,,,,,,,,,1.345907,1.957305,,,64.973007,75.568092,0.350493,0.392443,,,,0.491834,1.183457,2.195973,,,,,,
333651,,,,,,,,,,,,,,,,,,,,0.485896,1.192863,2.217844,,,,,,
333656,,,,,,,,,1.181102,1.957302,,,67.192772,77.196564,0.329086,0.376716,,,,,,,,,,,,
333661,,,,,,,,,,,,,,,,,,,,0.479514,1.202043,2.239570,,,,,,
333665,0.479058,1.202186,2.236458,0.435880,1.210326,2.116126,1.096998,3.272406,1.208569,1.304866,72.413376,82.320633,67.971397,78.022217,0.334839,0.392679,0.033068,0.028932,-0.120332,,,,,,,,,
333672,,,,,,,,,,,,,,,,,,,,0.472499,1.211603,2.260994,,,,,,
333676,,,,,,,,,1.208569,1.304866,,,68.626534,78.172379,0.329045,0.392007,,,,,,,,,,,,
333679,,,,,,,,,,,,,,,,,,,,0.465120,1.221521,2.279158,,,,,,
333686,,,,,,,,,1.126167,-1.957302,,,69.177765,76.120552,0.324180,0.413766,,,,,,,,,,,,
333690,,,,,,,,,,,,,,,,,,,,0.457388,1.231073,2.297225,,,,,,
333696,,,,,,,,,1.208569,2.609737,,,69.641571,77.116859,0.320096,0.404843,,,,,,,,,,,,
333700,,,,,,,,,,,,,,,,,,,,0.449528,1.240342,2.315403,,,,,,
333706,,,,,,,,,1.290972,3.262171,,,70.031815,78.499695,0.316670,0.391779,,,,,,,,,,,,
333711,,,,,,,,,,,,,,,,,,,,0.441481,1.249185,2.336601,,,,,,
333715,0.440974,1.249233,2.341868,0.404650,1.253267,2.286158,1.081742,3.299626,1.208569,1.304866,68.260094,82.614426,70.360168,79.118668,0.271434,0.389226,0.028207,0.023239,-0.055710,,,,,,,,,
333721,,,,,,,,,,,,,,,,,,,,0.433025,1.258192,2.357606,,,,,,
333726,,,,,,,,,1.208569,0.000000,,,70.636444,78.550385,0.268196,0.395722,,,,,,,,,,,,
333736,,,,,,,,,1.208569,2.609737,,,70.868904,79.161324,0.265350,0.390303,,,,,,,,,,,,
333746,,,,,,,,,1.263504,2.609736,,,70.519951,80.219910,0.268387,0.380196,,,,,,,,,,,,
333749,,,,,,,,,,,,,,,,,,,,0.406634,1.284103,2.426238,,,,,,
333756,,,,,,,,,1.236037,3.262171,,,70.226341,81.110603,0.270930,0.371590,,,,,,,,,,,,
333760,,,,,,,,,,,,,,,,,,,,0.397435,1.292539,2.455701,,,,,,
333765,0.397197,1.292333,2.459821,0.368229,1.288198,2.473748,1.040438,3.538587,1.263504,3.914606,60.493233,80.735214,66.712036,78.048225,0.227161,0.383959,0.019887,0.021465,0.013927,,,,,,,,,
333770,,,,,,,,,,,,,,,,,,,,0.387698,1.300919,2.487852,,,,,,
333776,,,,,,,,,1.181102,4.567039,,,69.745079,83.639694,0.194980,0.327464,,,,,,,,,,,,
333781,,,,,,,,,,,,,,,,,,,,0.377954,1.308903,2.519865,,,,,,
333786,,,,,,,,,1.126167,1.957302,,,69.029823,81.809837,0.200425,0.345547,,,,,,,,,,,,
333791,,,,,,,,,,,,,,,,,,,,0.367912,1.316459,2.554648,,,,,,
333796,,,,,,,,,1.126167,4.567039,,,67.338921,81.903824,0.215965,0.344374,,,,,,,,,,,,
333801,,,,,,,,,,,,,,,,,,,,0.357739,1.323520,2.595039,,,,,,
333806,,,,,,,,,1.181102,3.262171,,,66.460739,82.527451,0.223553,0.337779,,,,,,,,,,,,
333812,,,,,,,,,,,,,,,,,,,,0.347422,1.330497,2.640746,,,,,,
333815,0.347506,1.330088,2.639238,0.328428,1.313378,2.689281,0.978627,4.001602,1.153634,5.219473,51.084438,75.970657,65.721832,83.052170,0.133927,0.283470,0.008675,0.023832,0.050043,,,,,,,,,
333819,,,,,,,,,,,,,,,,,,,,0.336892,1.336839,2.686321,,,,,,
333826,,,,,,,,,1.098699,5.219474,,,64.011032,82.949120,0.148450,0.283105,,,,,,,,,,,,
333830,,,,,,,,,,,,,,,,,,,,0.326325,1.342892,2.734387,,,,,,
333836,,,,,,,,,1.043764,5.219473,,,62.027023,82.317871,0.166101,0.288148,,,,,,,,,,,,
333840,,,,,,,,,,,,,,,,,,,,0.315568,1.348338,2.787898,,,,,,
333846,,,,,,,,,1.043764,5.219473,,,60.357677,81.242195,0.180940,0.297850,,,,,,,,,,,,
333851,,,,,,,,,,,,,,,,,,,,0.304600,1.353385,2.841109,,,,,,
333856,,,,,,,,,0.988829,5.219473,,,58.408546,80.881668,0.198967,0.300473,,,,,,,,,,,,
333861,,,,,,,,,,,,,,,,,,,,0.293453,1.357787,2.893792,,,,,,
333865,0.294125,1.356973,2.894311,0.287075,1.327651,2.937177,0.908898,4.637468,1.016297,4.567039,42.792969,70.522705,57.313091,80.033775,0.124102,0.252570,-0.000342,0.030156,0.042866,,,,,,,,,
333872,,,,,,,,,,,,,,,,,,,,0.282194,1.361480,2.946412,,,,,,
333876,,,,,,,,,0.988829,6.524340,,,55.302288,79.320358,0.141709,0.257945,,,,,,,,,,,,
333886,,,,,,,,,0.933894,5.219474,,,53.065857,78.175545,0.162018,0.267863,,,,,,,,,,,,
333890,,,,,,,,,,,,,,,,,,,,0.259599,1.366912,3.056935,,,,,,
333896,,,,,,,,,0.906427,5.871908,,,51.728668,77.212303,0.173603,0.276157,,,,,,,,,,,,
333900,,,,,,,,,,,,,,,,,,,,0.249029,1.368712,3.106229,,,,,,
333906,,,,,,,,,0.933894,5.219474,,,50.059013,76.401833,0.188846,0.283086,,,,,,,,,,,,
333910,,,,,,,,,,,,,,,,,,,,0.239726,1.370146,-3.121265,,,,,,
333915,0.240399,1.369496,-3.121842,0.245865,1.330585,-3.075433,0.848667,5.248053,0.933894,5.219474,36.088905,67.238510,49.743252,75.719902,0.122232,0.255367,-0.004696,0.039012,0.046410,,,,,,,,,
333921,,,,,,,,,,,,,,,,,,,,0.230339,1.371331,-3.068241,,,,,,
333926,,,,,,,,,0.878959,5.219473,,,48.388485,75.146126,0.133320,0.259523,,,,,,,,,,,,
333936,,,,,,,,,0.851492,5.871908,,,46.704041,74.118805,0.148042,0.268420,,,,,,,,,,,,
333946,,,,,,,,,0.878959,5.219473,,,45.286747,73.254417,0.160375,0.275861,,,,,,,,,,,,
333951,,,,,,,,,,,,,,,,,,,,0.203564,1.371176,-2.909454,,,,,,
333956,,,,,,,,,0.796557,5.871908,,,44.094238,71.982574,0.170699,0.287631,,,,,,,,,,,,
333967,0.203356,1.370502,-2.902659,0.206260,1.322501,-2.808030,0.814331,5.483375,0.878959,2.609737,35.603344,70.535469,44.724491,70.367905,0.157717,0.336781,0.008538,0.047325,0.094629,0.194656,1.370071,-2.853504,,,,,,
333972,,,,,,,,,,,,,,,,,,,,0.186283,1.368278,-2.797422,,,,,,
333976,,,,,,,,,0.851492,8.481643,,,42.532070,71.187492,0.178255,0.328454,,,,,,,,,,,,
333979,,,,,,,,,,,,,,,,,,,,0.178023,1.365926,-2.738126,,,,,,
333986,,,,,,,,,0.933894,6.524341,,,41.776455,71.332558,0.184577,0.326844,,,,,,,,,,,,
333990,,,,,,,,,,,,,,,,,,,,0.170281,1.363322,-2.684299,,,,,,
333996,,,,,,,,,0.796557,5.871908,,,41.140678,70.910065,0.189827,0.330994,,,,,,,,,,,,
334000,,,,,,,,,,,,,,,,,,,,0.162664,1.360386,-2.627091,,,,,,
334006,,,,,,,,,0.878959,6.524343,,,40.605736,71.099129,0.194176,0.328991,,,,,,,,,,,,
334011,,,,,,,,,,,,,,,,,,,,0.155381,1.356932,-2.563900,,,,,,
334015,0.156014,1.356625,-2.564971,0.169422,1.304445,-2.571661,0.812444,5.112545,0.878959,5.219473,41.680782,69.551964,40.155636,70.713661,0.259756,0.322778,0.017208,0.051053,-0.006690,,,,,,,,,
334026,,,,,,,,,0.906427,5.871908,,,40.321465,70.933876,0.258370,0.320300,,,,0.148673,1.353245,-2.502806,,,,,,
334036,,,,,,,,,0.933894,6.524341,,,41.005539,71.119164,0.251664,0.318133,,,,,,,,,,,,
334046,,,,,,,,,0.878959,3.914604,,,41.581116,70.730522,0.245928,0.321784,,,,,,,,,,,,
334049,,,,,,,,,,,,,,,,,,,,0.129791,1.340240,-2.324657,,,,,,
334056,,,,,,,,,0.906427,3.262171,,,42.065407,69.858971,0.241009,0.330438,,,,,,,,,,,,
334060,,,,,,,,,,,,,,,,,,,,0.123124,1.334358,-2.270137,,,,,,
334065,0.122899,1.333870,-2.281200,0.136178,1.278098,-2.379966,0.834896,4.296208,0.906427,5.871908,52.065495,70.699615,42.472889,69.670189,0.342699,0.344008,0.033621,0.046438,-0.098766,,,,,,,,,
334070,,,,,,,,,,,,,,,,,,,,0.116906,1.328569,-2.217818,,,,,,
334076,,,,,,,,,0.906427,3.262171,,,43.360287,69.511353,0.335566,0.345834,,,,,,,,,,,,
334086,,,,,,,,,0.988829,3.914606,,,44.651485,69.377708,0.324137,0.347435,,,,,,,,,,,,
334096,,,,,,,,,0.933894,2.609737,,,45.737900,69.265259,0.314539,0.348847,,,,,,,,,,,,
334102,,,,,,,,,,,,,,,,,,,,0.100175,1.308078,-2.082546,,,,,,
334106,,,,,,,,,0.988829,2.609737,,,47.196552,68.626099,0.300926,0.355653,,,,,,,,,,,,
334109,,,,,,,,,,,,,,,,,,,,0.095115,1.300403,-2.047051,,,,,,
334115,0.094978,1.299876,-2.055758,0.106997,1.245586,-2.231755,0.864024,3.379017,0.988829,2.609737,60.495285,69.704483,48.423862,68.632851,0.375365,0.345848,0.042427,0.035942,-0.175997,,,,,,,,,
334119,,,,,,,,,,,,,,,,,,,,0.090138,1.292300,-2.014556,,,,,,
334126,,,,,,,,,1.043764,1.304868,,,50.545609,68.638535,0.356137,0.346005,,,,,,,,,,,,
334130,,,,,,,,,,,,,,,,,,,,0.085561,1.283969,-1.981613,,,,,,
334136,,,,,,,,,1.043764,1.304868,,,51.786304,68.643318,0.345472,0.346169,,,,,,,,,,,,
334140,,,,,,,,,,,,,,,,,,,,0.081293,1.275191,-1.955094,,,,,,
334146,,,,,,,,,1.016297,0.652434,,,53.374767,68.647346,0.331012,0.346340,,,,,,,,,,,,
334151,,,,,,,,,,,,,,,,,,,,0.077209,1.266059,-1.934998,,,,,,
334156,,,,,,,,,1.016297,1.957302,,,54.711300,68.650734,0.318803,0.346517,,,,,,,,,,,,
334161,,,,,,,,,,,,,,,,,,,,0.073398,1.256688,-1.921526,,,,,,
334165,0.073419,1.256442,-1.924583,0.082056,1.209304,-2.119454,0.881852,2.576480,1.126167,0.652435,63.939754,67.395203,56.380402,68.653580,0.338069,0.323144,0.041226,0.024433,-0.194871,,,,,,,,,
334172,,,,,,,,,,,,,,,,,,,,0.069644,1.247284,-1.904590,,,,,,
334176,,,,,,,,,1.016297,0.652434,,,57.784782,68.655975,0.325256,0.322868,,,,,,,,,,,,
334179,,,,,,,,,,,,,,,,,,,,0.066270,1.237365,-1.894353,,,,,,
334186,,,,,,,,,1.126167,0.652435,,,59.510971,68.657990,0.308880,0.322595,,,,,,,,,,,,
334190,,,,,,,,,,,,,,,,,,,,0.062968,1.227543,-1.884072,,,,,,
334196,,,,,,,,,1.043764,0.000000,,,60.418842,68.659691,0.300505,0.322325,,,,,,,,,,,,
334200,,,,,,,,,,,,,,,,,,,,0.059795,1.217090,-1.884108,,,,,,
334206,,,,,,,,,1.098699,0.000000,,,61.182728,68.661118,0.293418,0.322058,,,,,,,,,,,,
334210,,,,,,,,,,,,,,,,,,,,0.056551,1.206694,-1.877283,,,,,,
334215,0.056385,1.206539,-1.881248,0.061268,1.171667,-2.034837,0.875652,1.943975,1.071232,0.652434,61.906506,64.100060,62.370003,68.662315,0.261120,0.288182,0.031713,0.015303,-0.153589,,,,,,,,,
334221,,,,,,,,,,,,,,,,,,,,0.053546,1.196477,-1.873822,,,,,,
334226,,,,,,,,,1.071232,0.652434,,,62.824432,68.663330,0.256392,0.287259,,,,,,,,,,,,
334236,,,,,,,,,1.098699,0.000000,,,63.751331,68.119637,0.246754,0.291892,,,,,,,,,,,,
334246,,,,,,,,,1.016297,-0.652434,,,63.986683,67.662170,0.243985,0.295755,,,,,,,,,,,,
334249,,,,,,,,,,,,,,,,,,,,0.044735,1.164618,-1.870470,,,,,,
334256,,,,,,,,,1.071232,1.957303,,,63.640163,67.821808,0.247103,0.293414,,,,,,,,,,,,
334260,,,,,,,,,,,,,,,,,,,,0.041719,1.153916,-1.867008,,,,,,
334265,0.041759,1.153998,-1.859991,0.044375,1.134946,-1.971238,0.839396,1.462731,1.098699,0.000000,56.052334,58.075623,61.170429,65.233406,0.212235,0.257622,0.017515,0.007940,-0.111247,,,,,,,,,
334270,,,,,,,,,,,,,,,,,,,,0.038586,1.143287,-1.867067,,,,,,
334276,,,,,,,,,0.988829,0.000000,,,64.537827,67.956413,0.176864,0.228416,,,,,,,,,,,,
334286,,,,,,,,,0.988829,0.000000,,,64.103897,66.980293,0.179593,0.236396,,,,,,,,,,,,
334296,,,,,,,,,0.961362,0.652434,,,63.194244,66.158989,0.187261,0.242992,,,,,,,,,,,,
334306,,,,,,,,,1.016297,1.957302,,,62.428864,66.012482,0.193640,0.242870,,,,0.029834,1.111851,-1.853266,,,,,,
334309,,,,,,,,,,,,,,,,,,,,0.026703,1.101317,-1.842861,,,,,,
334315,0.026925,1.101602,-1.836092,0.031000,1.101064,-1.923650,0.772950,1.097803,0.906427,0.652435,47.165791,48.773975,61.240330,65.344673,0.113845,0.153218,-0.000549,0.004073,-0.087558,,,,,,,,,
334320,,,,,,,,,,,,,,,,,,,,0.023900,1.090873,-1.832342,,,,,,
334326,,,,,,,,,0.906427,0.652435,,,60.240295,64.238235,0.121230,0.161189,,,,,,,,,,,,
334330,,,,,,,,,,,,,,,,,,,,0.021496,1.080158,-1.825186,,,,,,
334336,,,,,,,,,0.851492,0.652435,,,58.309780,62.762733,0.138306,0.173146,,,,,,,,,,,,
334341,,,,,,,,,,,,,,,,,,,,0.019154,1.069829,-1.814509,,,,,,
334346,,,,,,,,,0.824024,1.304869,,,56.685448,61.521248,0.152646,0.183012,,,,,,,,,,,,
334351,,,,,,,,,,,,,,,,,,,,0.016708,1.058993,-1.802344,,,,,,
334356,,,,,,,,,0.714154,1.304868,,,54.774189,59.387573,0.170237,0.202226,,,,,,,,,,,,
334366,0.016867,1.059655,-1.799701,0.020702,1.071468,-1.888400,0.680839,0.818213,,,38.644722,39.164623,54.255142,57.592300,0.087094,0.120399,-0.012375,0.001054,-0.088699,,,,,,,,,
334369,,,,,,,,,0.878959,0.000000,,,,,,,,,,0.014820,1.049669,-1.795001,,,,,,
334372,,,,,,,,,,,,,,,,,,,,0.013237,1.042349,-1.782318,,,,,,
334376,,,,,,,,,0.631752,0.652435,,,52.184788,55.537216,0.105090,0.137676,,,,,,,,,,,,
334379,,,,,,,,,,,,,,,,,,,,0.011326,1.034089,-1.774990,,,,,,
334386,,,,,,,,,0.741622,0.652433,,,50.987335,54.352612,0.114596,0.146484,,,,,,,,,,,,
334390,,,,,,,,,,,,,,,,,,,,0.009957,1.026397,-1.764552,,,,,,
334396,,,,,,,,,0.659220,0.000000,,,49.435257,52.811344,0.127959,0.159168,,,,,,,,,,,,
334400,,,,,,,,,,,,,,,,,,,,0.008573,1.018359,-1.756928,,,,,,
334406,,,,,,,,,0.686687,0.652435,,,47.584793,51.514519,0.144675,0.169666,,,,,,,,,,,,
334411,,,,,,,,,,,,,,,,,,,,0.007226,1.010903,-1.749725,,,,,,
334415,0.007431,1.012177,-1.751180,0.013037,1.047088,-1.862813,0.570633,0.600874,0.686687,1.957303,25.933136,25.067345,46.572357,50.423370,0.023556,0.034533,-0.035350,-0.000748,-0.111633,,,,,,,,,
334421,,,,,,,,,,,,,,,,,,,,0.006059,1.004120,-1.742570,,,,,,
334426,,,,,,,,,0.549350,0.000000,,,44.631409,48.416191,0.039226,0.049935,,,,,,,,,,,,
334436,,,,,,,,,0.549350,1.304868,,,42.453751,46.727352,0.057698,0.062492,,,,,,,,,,,,
334446,,,,,,,,,0.494415,0.000000,,,40.076927,43.672733,0.078638,0.089317,,,,,,,,,,,,
334449,,,,,,,,,,,,,,,,,,,,0.002848,0.984814,-1.720191,,,,,,
334456,,,,,,,,,0.384545,0.000000,,,38.077068,41.102577,0.096207,0.111811,,,,,,,,,,,,
334460,,,,,,,,,,,,,,,,,,,,0.002003,0.979632,-1.712806,,,,,,
334467,0.002174,0.980775,-1.716025,0.007558,1.028240,-1.844800,0.451439,0.429813,0.549350,0.000000,15.263672,13.842574,37.483471,40.029137,-0.008995,0.005061,-0.047745,-0.001541,-0.128775,,,,,,,,,
334470,,,,,,,,,,,,,,,,,,,,0.001253,0.974805,-1.709090,,,,,,
334476,,,,,,,,,0.302142,0.652434,,,34.261303,36.947769,0.019427,0.031253,,,,,,,,,,,,
334481,,,,,,,,,,,,,,,,,,,,0.000744,0.970522,-1.709387,,,,,,
334486,,,,,,,,,0.329610,0.000000,,,32.094715,34.355106,0.037727,0.053077,,,,,,,,,,,,
334491,,,,,,,,,,,,,,,,,,,,0.000328,0.966346,-1.706110,,,,,,
334496,,,,,,,,,0.329610,0.000000,,,30.271748,32.173641,0.052955,0.071226,,,,,,,,,,,,
334501,,,,,,,,,,,,,,,,,,,,-0.000149,0.962127,-1.705283,,,,,,
334506,,,,,,,,,0.274675,0.000000,,,28.193359,29.793613,0.071153,0.091836,,,,,,,,,,,,
334511,,,,,,,,,,,,,,,,,,,,-0.000422,0.958952,-1.709149,,,,,,
334515,-0.000371,0.959643,-1.709725,0.003901,1.014922,-1.832883,0.332751,0.294373,0.329610,0.000000,5.609604,4.541361,26.989147,28.335602,-0.017622,0.008645,-0.055338,-0.003425,-0.123158,,,,,,,,,
334519,,,,,,,,,,,,,,,,,,,,-0.000689,0.956407,-1.705877,,,,,,
334526,,,,,,,,,0.192272,0.652434,,,24.342295,26.019745,0.005100,0.027508,,,,,,,,,,,,
334529,,,,,,,,,,,,,,,,,,,,-0.000965,0.954015,-1.706266,,,,,,
334536,,,,,,,,,0.164805,0.000000,,,22.115232,23.526640,0.024070,0.048642,,,,,,,,,,,,
334540,,,,,,,,,,,,,,,,,,,,-0.001223,0.951636,-1.702527,,,,,,
334546,,,,,,,,,0.164805,0.000000,,,20.241383,21.428942,0.039882,0.066241,,,,,,,,,,,,
334550,,,,,,,,,,,,,,,,,,,,-0.001498,0.949135,-1.701786,,,,,,
334556,,,,,,,,,0.137337,0.652434,,,18.120182,19.663939,0.058592,0.080867,,,,,,,,,,,,
334561,,,,,,,,,,,,,,,,,,,,-0.001671,0.947733,-1.698053,,,,,,
334565,-0.001633,0.948161,-1.696295,0.001663,1.006456,-1.825625,0.223227,0.187888,0.137337,-0.652434,-2.118631,-2.976305,16.335405,17.634321,-0.004534,0.021864,-0.058249,-0.004026,-0.129330,,,,,,,,,
334571,,,,,,,,,,,,,,,,,,,,-0.001791,0.946783,-1.694484,,,,,,
334576,,,,,,,,,0.054935,1.304868,,,14.289151,15.926601,0.012647,0.035161,,,,,,,,,,,,
334586,,,,,,,,,0.082402,0.652434,,,12.567433,14.489727,0.026927,0.046037,,,,,,,,,,,,
334596,,,,,,,,,0.027467,0.652434,,,10.574237,12.736197,0.044321,0.060429,,,,,,,,,,,,
334599,,,,,,,,,,,,,,,,,,,,-0.001966,0.944677,-1.676300,,,,,,
334606,,,,,,,,,0.027467,-0.652434,,,9.441705,10.716235,0.053334,0.077890,,,,,,,,,,,,
334610,,,,,,,,,,,,,,,,,,,,-0.002006,0.944022,-1.672425,,,,,,
334615,-0.001991,0.944255,-1.677166,0.000499,1.001951,-1.821857,0.130292,0.106338,0.054935,0.000000,-7.830497,-8.472264,8.488792,9.561182,0.002480,0.030875,-0.057634,-0.003650,-0.144691,,,,,,,,,
334620,,,,,,,,,,,,,,,,,,,,-0.002049,0.943769,-1.668494,,,,,,
334626,,,,,,,,,0.027467,0.652434,,,7.142469,8.589320,0.012949,0.037181,,,,,,,,,,,,
334636,,,,,,,,,-0.000000,0.000000,,,6.009672,7.227053,0.021509,0.047664,,,,,,,,,,,,
334646,,,,,,,,,-0.000000,0.000000,,,5.056537,6.080841,0.028463,0.056215,,,,,,,,,,,,
334651,,,,,,,,,,,,,,,,,,,,-0.001884,0.944186,-1.669276,,,,,,
334656,,,,,,,,,-0.000000,0.000000,,,4.254570,5.116419,0.034066,0.063142,,,,,,,,,,,,
334662,,,,,,,,,,,,,,,,,,,,-0.001960,0.944181,-1.669168,,,,,,
334665,-0.001963,0.944187,-1.669839,0.000061,1.000240,-1.820443,0.059594,0.047859,-0.000000,0.000000,-11.901770,-12.221187,3.579794,4.304954,-0.002996,0.030462,-0.055978,-0.003529,-0.150604,,,,,,,,,
334669,,,,,,,,,,,,,,,,,,,,-0.001991,0.944386,-1.665525,,,,,,
334676,,,,,,,,,-0.000000,0.000000,,,3.012038,3.622188,-0.000301,0.034121,,,,,,,,,,,,
334686,,,,,,,,,-0.000000,0.000000,,,2.534328,3.047708,0.001589,0.036812,,,,,,,,,,,,
334696,,,,,,,,,-0.000000,0.000000,,,2.132384,2.564341,0.002802,0.038689,,,,,,,,,,,,
334702,,,,,,,,,,,,,,,,,,,,-0.001903,0.945225,-1.669561,,,,,,
334706,,,,,,,,,-0.000000,0.000000,,,1.794187,2.157636,0.003444,0.039880,,,,,,,,,,,,
334712,,,,,,,,,,,,,,,,,,,,-0.001892,0.945713,-1.665976,,,,,,
334715,-0.001898,0.945585,-1.666300,0.000000,1.000000,-1.820245,0.015251,0.012174,-0.000000,0.000000,-14.300903,-14.386106,1.509629,1.815435,-0.020864,0.018412,-0.054348,-0.003300,-0.153945,,,,,,,,,
334719,,,,,,,,,,,,,,,,,,,,-0.001865,0.946296,-1.666170,,,,,,
334726,,,,,,,,,-0.000000,0.000000,,,1.270202,1.527507,-0.021583,0.018109,,,,,,,,,,,,
334730,,,,,,,,,,,,,,,,,,,,-0.001801,0.946952,-1.670009,,,,,,
334736,,,,,,,,,-0.000000,0.000000,,,1.068748,1.285244,-0.022643,0.017397,,,,,,,,,,,,
334740,,,,,,,,,,,,,,,,,,,,-0.001792,0.947498,-1.670048,,,,,,
334746,,,,,,,,,-0.000000,0.000000,,,0.899244,1.081404,-0.023988,0.016342,,,,,,,,,,,,
334751,,,,,,,,,,,,,,,,,,,,-0.001833,0.948088,-1.670129,,,,,,
334756,,,,,,,,,-0.000000,0.000000,,,0.756624,0.909893,-0.025573,0.014998,,,,,,,,,,,,
334761,,,,,,,,,,,,,,,,,,,,-0.001838,0.949019,-1.670127,,,,,,
334765,-0.001843,0.948730,-1.669806,0.000000,1.000000,-1.820245,0.015251,0.012174,-0.000000,0.000000,-13.416846,-13.498680,0.636623,0.765584,-0.018343,0.022463,-0.051201,-0.003234,-0.150439,,,,,,,,,
334772,,,,,,,,,,,,,,,,,,,,-0.001768,0.949811,-1.666300,,,,,,
334776,,,,,,,,,-0.000000,0.000000,,,0.535655,0.644162,-0.020124,0.020848,,,,,,,,,,,,
334786,,,,,,,,,-0.000000,0.000000,,,0.450700,0.541998,-0.022048,0.019062,,,,,,,,,,,,
334790,,,,,,,,,,,,,,,,,,,,-0.001667,0.949857,-1.666393,,,,,,
