ts,x,y,yaw,x_des,y_des,yaw_des,v_ff,w_ff,v_actual,w_actual,omega_l_cmd,omega_r_cmd,omega_l_meas,omega_r_meas,duty_l,duty_r,x_err,y_err,yaw_err,x_raw,y_raw,yaw_raw,acc_x,acc_y,acc_z,gyro_x,gyro_y,gyro_z
69414,,,,,,,,,-0.000000,0.000000,,,0.000000,0.000000,0.000000,0.000000,,,,,,,,,,,,
69420,-0.503856,-0.510430,0.038758,-0.460000,-0.500000,0.000000,0.800000,0.000000,,,63.269932,61.532703,,,,,0.044227,0.008723,-0.038758,,,,,,,,,
69424,,,,,,,,,-0.000000,0.000000,,,0.000000,0.000000,0.645353,0.627634,,,,,,,,,,,,
69428,,,,,,,,,,,,,,,,,,,,-0.503851,-0.510432,0.038756,,,,,,
69434,,,,,,,,,0.302142,0.652434,,,2.722716,3.267259,0.630236,0.606614,,,,-0.503852,-0.510433,0.041524,,,,,,
69443,,,,,,,,,0.878959,0.000000,,,11.003585,10.917220,0.557880,0.540238,,,,-0.503875,-0.510437,0.038748,,,,,,
69451,,,,,,,,,,,,,,,,,,,,-0.503935,-0.510412,0.035935,,,,,,
69454,,,,,,,,,1.263504,-1.304869,,,22.327452,21.710239,0.452830,0.440272,,,,,,,,,,,,
69459,,,,,,,,,,,,,,,,,,,,-0.503847,-0.510432,0.041524,,,,,,
69463,-0.498584,-0.510370,0.035854,-0.420000,-0.500000,0.000000,0.800000,0.000000,1.043764,-1.304868,72.970116,71.349770,29.677179,28.068771,0.484993,0.483513,0.078905,0.007547,-0.035854,,,,,,,,,
69474,,,,,,,,,1.565646,-0.652435,,,40.217583,38.319725,0.386140,0.387610,,,,,,,,,,,,
69482,,,,,,,,,1.043764,0.000000,,,44.729935,42.588531,0.346664,0.350674,,,,-0.499935,-0.510226,0.027616,,,,,,
69490,,,,,,,,,,,,,,,,,,,,-0.497794,-0.510038,0.024831,,,,,,
69494,,,,,,,,,1.153634,-1.304868,,,49.071171,47.269394,0.308032,0.308681,,,,,,,,,,,,
69504,,,,,,,,,0.878959,1.304869,,,50.545712,50.118782,0.297771,0.284434,,,,-0.495200,-0.510161,0.024853,,,,,,
69512,-0.489077,-0.509958,0.031283,-0.380000,-0.500000,0.000000,0.800000,0.000000,0.604285,2.609737,81.433388,80.018448,46.885502,48.159912,0.425915,0.397081,0.109335,0.006541,-0.031283,-0.492224,-0.510172,0.024888,,,,,,
69524,,,,,,,,,1.016297,3.262172,,,48.162148,51.412609,0.419803,0.370275,,,,-0.488838,-0.510100,0.010937,,,,,,
69533,,,,,,,,,0.851492,-0.652435,,,49.236317,51.971252,0.415501,0.370298,,,,-0.484903,-0.510061,-0.005787,,,,,,
69541,,,,,,,,,,,,,,,,,,,,-0.480298,-0.510003,-0.025148,,,,,,
69544,,,,,,,,,0.824024,0.000000,,,49.051033,51.896751,0.423830,0.376668,,,,,,,,,,,,
69554,,,,,,,,,0.878959,1.304869,,,49.984222,52.378613,0.420788,0.377377,,,,-0.475244,-0.509787,-0.044449,,,,,,
69563,-0.472722,-0.509606,-0.032619,-0.340000,-0.500000,0.000000,0.800000,0.000000,0.796557,-1.957302,86.193649,88.193146,50.769409,51.694962,0.467624,0.473260,0.132338,0.013930,0.032619,-0.469619,-0.509737,-0.072088,,,,,,
69570,,,,,,,,,,,,,,,,,,,,-0.463398,-0.509862,-0.097010,,,,,,
69574,,,,,,,,,1.236036,-0.652434,,,55.241867,55.476082,0.429090,0.441992,,,,,,,,,,,,
69584,,,,,,,,,1.016297,0.652434,,,56.282276,57.023888,0.424668,0.432748,,,,-0.456911,-0.510194,-0.119170,,,,,,
69593,,,,,,,,,1.208569,0.000000,,,58.791309,59.959843,0.405058,0.409035,,,,-0.449812,-0.510737,-0.146859,,,,,,
69601,,,,,,,,,,,,,,,,,,,,-0.442485,-0.511331,-0.171836,,,,,,
69604,,,,,,,,,1.126167,0.652435,,,60.902409,61.885612,0.389005,0.395039,,,,,,,,,,,,
69613,-0.440299,-0.511326,-0.157417,-0.300000,-0.500000,0.000000,0.800000,0.000000,1.153634,1.304868,83.474586,92.232613,59.411427,61.327782,0.381537,0.447193,0.136789,0.033181,0.157417,,,,,,,,,
69616,,,,,,,,,,,,,,,,,,,,-0.434570,-0.512146,-0.196851,,,,,,
69624,,,,,,,,,1.071232,1.957303,,,62.513260,66.848396,0.354711,0.397064,,,,-0.426650,-0.513005,-0.224730,,,,,,
69632,,,,,,,,,1.208569,1.304866,,,63.489513,67.137093,0.348945,0.399196,,,,-0.418441,-0.514325,-0.255418,,,,,,
69641,,,,,,,,,,,,,,,,,,,,-0.409395,-0.516091,-0.286250,,,,,,
69644,,,,,,,,,1.016297,-0.652434,,,64.310928,66.290916,0.344564,0.412846,,,,,,,,,,,,
69654,,,,,,,,,1.153634,0.000000,,,65.002068,67.212578,0.341347,0.408633,,,,-0.400469,-0.518001,-0.314251,,,,,,
69663,-0.399040,-0.518257,-0.301088,-0.260000,-0.500000,0.000000,0.800000,0.000000,0.851492,0.652435,75.341644,91.805847,63.405422,65.809891,0.278371,0.423592,0.127371,0.058670,0.301088,-0.391184,-0.520425,-0.336577,,,,,,
69670,,,,,,,,,,,,,,,,,,,,-0.381787,-0.523217,-0.353433,,,,,,
69674,,,,,,,,,1.428309,2.609736,,,66.418350,70.075096,0.250027,0.385286,,,,,,,,,,,,
69684,,,,,,,,,1.098699,0.000000,,,66.230713,69.852043,0.253725,0.391907,,,,-0.372005,-0.526345,-0.370300,,,,,,
69692,,,,,,,,,1.071232,0.652434,,,66.072830,70.208908,0.257158,0.392658,,,,-0.361986,-0.530008,-0.375925,,,,,,
69700,,,,,,,,,,,,,,,,,,,,-0.352026,-0.533814,-0.375857,,,,,,
69704,,,,,,,,,1.126167,3.262170,,,65.939995,71.053719,0.260367,0.388360,,,,,,,,,,,,
69713,-0.351379,-0.533623,-0.355909,-0.220000,-0.500000,0.000000,0.800000,0.000000,0.878959,1.304869,68.428215,87.983963,63.650051,69.586365,0.215087,0.368494,0.111430,0.077294,0.355909,,,,,,,,,
69716,,,,,,,,,,,,,,,,,,,,-0.342200,-0.537747,-0.370284,,,,,,
69722,,,,,,,,,1.373374,3.914605,,,64.990555,73.252625,0.202370,0.334778,,,,-0.332313,-0.542057,-0.353501,,,,,,
69734,,,,,,,,,1.098699,3.914604,,,63.940277,74.159241,0.213770,0.328477,,,,-0.322228,-0.546287,-0.331117,,,,,,
69743,,,,,,,,,0.933894,1.304869,,,63.056576,72.199356,0.223682,0.351233,,,,-0.311856,-0.550203,-0.305825,,,,,,
69751,,,,,,,,,,,,,,,,,,,,-0.301037,-0.554111,-0.272228,,,,,,
69754,,,,,,,,,1.071232,3.262170,,,62.313030,73.273018,0.232340,0.343438,,,,,,,,,,,,
69763,-0.300943,-0.553637,-0.265582,-0.180000,-0.500000,0.000000,0.800000,0.000000,0.878959,3.914604,69.425484,84.794746,59.509239,71.998230,0.272334,0.326853,0.102624,0.083500,0.265582,-0.290398,-0.557541,-0.238641,,,,,,
69773,,,,,,,,,1.428309,3.914606,,,62.051018,75.826508,0.248391,0.290364,,,,-0.279882,-0.560807,-0.199681,,,,,,
69780,,,,,,,,,,,,,,,,,,,,-0.268945,-0.563779,-0.155185,,,,,,
69784,,,,,,,,,1.098699,3.914604,,,61.466953,76.324905,0.255823,0.287074,,,,,,,,,,,,
69794,,,,,,,,,1.098699,3.914604,,,60.975521,76.744255,0.262428,0.284491,,,,-0.258217,-0.566427,-0.108069,,,,,,
69802,,,,,,,,,0.906427,0.652435,,,60.562031,74.374382,0.268335,0.310273,,,,-0.247139,-0.568836,-0.066501,,,,,,
69813,-0.247956,-0.568451,-0.080477,-0.140000,-0.500000,0.000000,0.800000,0.000000,0.878959,2.609737,75.552917,81.556923,58.580490,72.380371,0.352819,0.299671,0.102104,0.076908,0.080477,,,,,,,,,
69816,,,,,,,,,,,,,,,,,,,,-0.235867,-0.570507,-0.030416,,,,,,
69823,,,,,,,,,1.400841,4.567040,,,61.269566,76.148041,0.328785,0.263076,,,,-0.224382,-0.571732,0.008349,,,,,,
69831,,,,,,,,,,,,,,,,,,,,-0.213175,-0.572563,0.036010,,,,,,
69834,,,,,,,,,1.098699,1.304869,,,61.898525,76.050903,0.325227,0.265148,,,,,,,,,,,,
69844,,,,,,,,,1.071232,-0.652434,,,62.972275,74.335541,0.317005,0.283746,,,,-0.202528,-0.572969,0.069223,,,,,,
69853,,,,,,,,,1.153634,1.304868,,,63.875729,74.525864,0.310306,0.283249,,,,-0.191358,-0.573055,0.094057,,,,,,
69860,,,,,,,,,,,,,,,,,,,,-0.179964,-0.572742,0.107985,,,,,,
69863,-0.180832,-0.572567,0.097639,-0.100000,-0.500000,0.000000,0.800000,0.000000,0.906427,0.652435,76.027000,72.727409,62.457722,71.963287,0.331941,0.220733,0.087521,0.064342,-0.097639,,,,,,,,,
69874,,,,,,,,,1.400841,-0.652435,,,66.165497,74.163483,0.296835,0.198443,,,,-0.168824,-0.572148,0.121825,,,,,,
69882,,,,,,,,,1.071232,0.652434,,,66.562508,73.292007,0.294758,0.207045,,,,-0.157507,-0.571253,0.132896,,,,,,
69890,,,,,,,,,,,,,,,,,,,,-0.146325,-0.569941,0.141230,,,,,,
69894,,,,,,,,,1.126167,-0.652435,,,67.441093,72.014206,0.287690,0.219966,,,,,,,,,,,,
69904,,,,,,,,,1.043764,-2.609737,,,69.269417,71.483604,0.270758,0.225521,,,,-0.134634,-0.568604,0.135721,,,,,,
69913,-0.134136,-0.568737,0.121581,-0.060000,-0.500000,0.000000,0.800000,0.000000,0.878959,-1.304869,74.987679,70.356903,66.451424,67.225357,0.290252,0.245024,0.081925,0.059239,-0.121581,-0.123199,-0.567168,0.121863,,,,,,
69920,,,,,,,,,,,,,,,,,,,,-0.111966,-0.566021,0.108010,,,,,,
69924,,,,,,,,,1.373374,-1.304869,,,70.070343,69.087898,0.255046,0.226653,,,,,,,,,,,,
69934,,,,,,,,,1.016297,-1.957302,,,69.848038,67.932327,0.258297,0.238693,,,,-0.100663,-0.564634,0.088634,,,,,,
69941,,,,,,,,,,,,,,,,,,,,-0.089677,-0.563445,0.072020,,,,,,
69944,,,,,,,,,1.098699,-1.304869,,,70.205536,66.960030,0.255679,0.249096,,,,,,,,,,,,
69954,,,,,,,,,1.126167,-1.957302,,,70.506340,66.686478,0.253567,0.252565,,,,-0.078494,-0.562336,0.047150,,,,,,
69963,-0.078452,-0.562521,0.045192,-0.020000,-0.500000,0.000000,0.800000,0.000000,0.769089,0.000000,67.551743,66.780403,67.492172,64.278137,0.209361,0.241384,0.061216,0.059817,-0.045192,,,,,,,,,
69966,,,,,,,,,,,,,,,,,,,,-0.067901,-0.561896,0.030551,,,,,,
69971,,,,,,,,,,,,,,,,,,,,-0.057013,-0.561339,0.005535,,,,,,
69974,,,,,,,,,1.263504,-1.304869,,,69.856941,66.063568,0.185252,0.223673,,,,,,,,,,,,
69984,,,,,,,,,1.071232,-1.957303,,,69.668488,65.387657,0.186713,0.230711,,,,-0.046213,-0.561611,-0.008275,,,,,,
69993,,,,,,,,,0.961362,0.652434,,,68.420837,64.818947,0.199016,0.236790,,,,-0.035384,-0.561776,-0.027622,,,,,,
70004,,,,,,,,,0.988829,-1.304868,,,67.915604,63.795887,0.203996,0.247618,,,,,,,,,,,,
70007,,,,,,,,,,,,,,,,,,,,-0.024383,-0.561973,-0.035952,,,,,,
70013,-0.024771,-0.561972,-0.034617,0.020000,-0.500000,0.000000,0.800000,0.000000,0.796557,0.652434,60.275108,63.627254,64.767784,61.845997,0.161809,0.235941,0.042600,0.063485,0.034617,-0.013622,-0.562517,-0.035798,,,,,,
70022,,,,,,,,,1.208569,0.000000,,,65.931015,63.472622,0.149046,0.219706,,,,-0.002897,-0.563013,-0.041332,,,,,,
70034,,,,,,,,,0.906427,0.652435,,,64.731583,63.207634,0.160149,0.222440,,,,0.007861,-0.563411,-0.038635,,,,,,
70044,,,,,,,,,0.961362,1.957303,,,62.633293,62.984673,0.180660,0.224798,,,,0.018391,-0.564052,-0.035822,,,,,,
70051,,,,,,,,,,,,,,,,,,,,0.028981,-0.564458,-0.030402,,,,,,
70054,,,,,,,,,0.906427,1.957303,,,61.412334,62.797073,0.192642,0.226840,,,,,,,,,,,,
70063,0.028274,-0.564223,-0.022552,0.060000,-0.500000,0.000000,0.800000,0.000000,0.714155,0.000000,57.111084,59.890247,58.751392,60.461052,0.187283,0.212716,0.030270,0.064922,0.022552,,,,,,,,,
70066,,,,,,,,,,,,,,,,,,,,0.039752,-0.565091,-0.016433,,,,,,
70073,,,,,,,,,1.126167,1.957302,,,59.779736,62.851871,0.176466,0.188216,,,,0.050204,-0.565598,0.000262,,,,,,
70081,,,,,,,,,,,,,,,,,,,,0.059732,-0.565907,0.014262,,,,,,
70084,,,,,,,,,0.906427,0.652435,,,58.466808,62.140793,0.189324,0.194876,,,,,,,,,,,,
70094,,,,,,,,,0.933894,2.609737,,,57.362114,61.542488,0.200321,0.200529,,,,0.068325,-0.566059,0.030620,,,,,,
70103,,,,,,,,,0.824024,0.000000,,,56.977165,61.039078,0.204197,0.205333,,,,0.077645,-0.565851,0.044514,,,,,,
70110,,,,,,,,,,,,,,,,,,,,0.086253,-0.565735,0.052803,,,,,,
70113,0.084844,-0.565666,0.046478,0.100000,-0.500000,0.000000,0.800000,0.000000,0.714154,1.304868,55.416039,54.707935,54.475098,58.981876,0.212455,0.173227,0.018190,0.064891,-0.046478,,,,,,,,,
70124,,,,,,,,,1.071232,0.652434,,,56.181660,59.973663,0.195237,0.162256,,,,0.095156,-0.565549,0.061247,,,,,,
70132,,,,,,,,,0.851492,-0.652435,,,55.439388,59.174522,0.202655,0.169354,,,,0.103885,-0.565212,0.072211,,,,,,
70140,,,,,,,,,,,,,,,,,,,,0.112683,-0.564640,0.077731,,,,,,
70144,,,,,,,,,0.824024,0.000000,,,54.814842,57.957584,0.209020,0.180874,,,,,,,,,,,,
70154,,,,,,,,,0.796557,-0.652434,,,54.833893,56.389107,0.208946,0.196222,,,,0.121266,-0.564037,0.080436,,,,,,
70162,0.129634,-0.563445,0.072233,0.140000,-0.500000,0.000000,0.800000,0.000000,,,55.098461,53.031990,52.671749,54.524849,0.227877,0.197807,0.014918,0.062531,-0.072232,0.130091,-0.563370,0.077578,,,,,,
70165,,,,,,,,,0.686687,0.652435,,,,,,,,,,,,,,,,,,
70174,,,,,,,,,0.988829,-1.304868,,,54.664322,55.134434,0.208039,0.191291,,,,0.138674,-0.562862,0.069481,,,,,,
70183,,,,,,,,,0.878959,-1.304869,,,54.707245,54.558254,0.207688,0.196747,,,,0.147128,-0.562519,0.066798,,,,,,
70191,,,,,,,,,,,,,,,,,,,,0.155701,-0.562127,0.058490,,,,,,
70194,,,,,,,,,0.824024,0.000000,,,54.743359,53.528912,0.207397,0.206941,,,,,,,,,,,,
70199,,,,,,,,,,,,,,,,,,,,0.163895,-0.561784,0.050217,,,,,,
70204,,,,,,,,,0.824024,-1.304869,,,54.773746,53.207367,0.207158,0.210122,,,,,,,,,,,,
70213,0.164475,-0.561775,0.046589,0.180000,-0.500000,0.000000,0.800000,0.000000,0.659220,0.000000,55.522839,54.710464,52.621143,51.303188,0.233509,0.246630,0.018385,0.060984,-0.046589,0.172206,-0.561436,0.044514,,,,,,
70222,,,,,,,,,1.043764,-1.304868,,,54.621742,52.968273,0.213683,0.230327,,,,0.180073,-0.561035,0.039009,,,,,,
70234,,,,,,,,,0.878959,0.000000,,,54.671417,53.280190,0.213356,0.227494,,,,0.188073,-0.560884,0.028014,,,,,,
70243,,,,,,,,,0.824024,0.000000,,,54.713215,52.998093,0.213100,0.230657,,,,0.195913,-0.560791,0.019639,,,,,,
70251,,,,,,,,,,,,,,,,,,,,0.203659,-0.560615,0.016740,,,,,,
70254,,,,,,,,,0.851492,-0.652435,,,54.748383,52.760735,0.212904,0.233421,,,,,,,,,,,,
70263,0.203942,-0.560603,0.016507,0.220000,-0.500000,0.000000,0.800000,0.000000,0.686687,0.652435,54.445206,55.135220,52.599800,51.471939,0.223982,0.251289,0.017056,0.060330,-0.016507,0.211223,-0.560438,0.013902,,,,,,
70273,,,,,,,,,1.098699,0.000000,,,55.148331,53.654804,0.198356,0.229757,,,,0.218714,-0.560264,0.008314,,,,,,
70281,,,,,,,,,,,,,,,,,,,,0.226244,-0.560114,0.002741,,,,,,
70284,,,,,,,,,0.851492,-0.652435,,,54.569946,53.857838,0.204115,0.227982,,,,,,,,,,,,
70294,,,,,,,,,0.796557,0.652434,,,54.083294,53.484123,0.209054,0.232049,,,,0.233644,-0.560164,0.002708,,,,,,
70302,,,,,,,,,0.824024,0.000000,,,53.673824,53.169682,0.213303,0.235587,,,,0.242446,-0.560412,0.005467,,,,,,
70310,,,,,,,,,,,,,,,,,,,,0.250845,-0.560464,0.008274,,,,,,
70313,0.250366,-0.560421,0.008963,0.260000,-0.500000,0.000000,0.800000,0.000000,0.631752,0.652435,52.324097,53.395279,51.151123,51.271481,0.217553,0.237594,0.010175,0.060332,-0.008963,,,,,,,,,
70324,,,,,,,,,1.043764,0.000000,,,52.840324,53.486137,0.200558,0.215429,,,,0.259763,-0.560637,0.011013,,,,,,
70332,,,,,,,,,0.796557,1.957302,,,52.083447,53.171375,0.208175,0.218622,,,,0.268443,-0.560720,0.016594,,,,,,
70340,,,,,,,,,,,,,,,,,,,,0.276743,-0.560709,0.019373,,,,,,
70344,,,,,,,,,0.851492,-0.652435,,,51.991154,53.451080,0.209165,0.215813,,,,,,,,,,,,
70354,,,,,,,,,0.851492,0.652435,,,51.913498,53.141880,0.210023,0.218956,,,,0.285248,-0.560628,0.027676,,,,,,
70361,0.293467,-0.560472,0.028840,0.300000,-0.500000,0.000000,0.800000,0.000000,,,,,,,,,,,,0.293516,-0.560571,0.027676,,,,,,
70364,,,,,,,,,0.631752,0.652435,52.273758,52.339085,50.214527,51.792633,0.226921,0.221996,0.008275,0.060259,-0.028840,,,,,,,,,
70374,,,,,,,,,1.016297,0.652434,,,52.052273,53.380093,0.208588,0.205913,,,,0.301862,-0.560353,0.030444,,,,,,
70383,,,,,,,,,0.824024,0.000000,,,51.964924,53.082150,0.209524,0.208744,,,,0.309696,-0.560043,0.036048,,,,,,
70391,,,,,,,,,,,,,,,,,,,,0.317804,-0.559673,0.033308,,,,,,
70394,,,,,,,,,0.824024,0.000000,,,51.891426,53.376003,0.210335,0.205598,,,,,,,,,,,,
70404,,,,,,,,,0.824024,-1.304869,,,51.829586,52.534168,0.211042,0.213977,,,,0.325943,-0.559358,0.038810,,,,,,
70413,0.326675,-0.559445,0.032501,0.340000,-0.500000,0.000000,0.800000,0.000000,0.631752,0.652435,54.338387,54.186581,50.143925,50.736759,0.249384,0.251116,0.015249,0.058980,-0.032501,,,,,,,,,
70416,,,,,,,,,,,,,,,,,,,,0.334322,-0.559118,0.038816,,,,,,
70422,,,,,,,,,1.016297,0.652434,,,51.992870,52.491680,0.231364,0.233906,,,,0.342859,-0.558985,0.038780,,,,,,
70434,,,,,,,,,0.824024,-1.304869,,,51.914944,52.334641,0.232628,0.235847,,,,0.351491,-0.558794,0.038748,,,,,,
70442,,,,,,,,,0.824024,1.304869,,,51.849373,52.747051,0.233781,0.232011,,,,0.360062,-0.558550,0.041529,,,,,,
70450,,,,,,,,,,,,,,,,,,,,0.368768,-0.558358,0.041506,,,,,,
70454,,,,,,,,,0.878959,0.000000,,,52.338745,52.549511,0.229287,0.234314,,,,,,,,,,,,
70463,0.368922,-0.558327,0.040749,0.380000,-0.500000,0.000000,0.800000,0.000000,0.659220,0.000000,54.038612,53.441246,50.572330,51.294212,0.244647,0.239843,0.013445,0.057827,-0.040749,0.377142,-0.558124,0.044285,,,,,,
70472,,,,,,,,,1.016297,-0.652434,,,52.897873,52.960720,0.221620,0.223274,,,,0.385866,-0.557925,0.044274,,,,,,
70482,,,,,,,,,0.878959,0.000000,,,52.676411,53.273834,0.224107,0.220176,,,,0.394575,-0.557801,0.044281,,,,,,
70494,,,,,,,,,0.796557,0.652434,,,52.490074,52.992744,0.226280,0.223077,,,,0.403356,-0.557546,0.041532,,,,,,
70501,,,,,,,,,,,,,,,,,,,,0.412554,-0.557262,0.038770,,,,,,
70504,,,,,,,,,0.878959,0.000000,,,52.877834,52.756237,0.222634,0.225579,,,,,,,,,,,,
70513,0.412577,-0.557201,0.038934,0.420000,-0.500000,0.000000,0.800000,0.000000,0.769089,-2.609737,52.939358,52.409420,53.204094,51.468155,0.208326,0.228329,0.009644,0.056869,-0.038934,0.421438,-0.556951,0.035988,,,,,,
70523,,,,,,,,,0.961362,1.957303,,,52.934067,53.651619,0.211028,0.206246,,,,0.430308,-0.556683,0.036023,,,,,,
70531,,,,,,,,,,,,,,,,,,,,0.438767,-0.556451,0.036021,,,,,,
70534,,,,,,,,,0.851492,0.652435,,,53.251408,53.310612,0.207792,0.209476,,,,,,,,,,,,
70544,,,,,,,,,0.878959,-1.304869,,,53.518417,53.568233,0.205006,0.206668,,,,0.447277,-0.556316,0.033244,,,,,,
70552,,,,,,,,,0.851492,0.652435,,,53.743080,53.240452,0.202599,0.209780,,,,0.455838,-0.556227,0.033220,,,,,,
70559,,,,,,,,,,,,,,,,,,,,0.464020,-0.555988,0.030446,,,,,,
70563,0.463271,-0.555904,0.033891,0.460000,-0.500000,0.000000,0.800000,0.000000,0.631752,-0.652435,49.733604,49.435871,51.753941,51.331028,0.190028,0.198760,-0.001374,0.055983,-0.033891,,,,,,,,,
70574,,,,,,,,,1.043764,0.000000,,,53.892078,53.536240,0.167815,0.175887,,,,0.472388,-0.555867,0.030415,,,,,,
70582,,,,,,,,,0.796557,-0.652434,,,52.968391,52.668991,0.176405,0.183913,,,,0.480555,-0.555623,0.030424,,,,,,
70594,,,,,,,,,0.851492,0.652435,,,52.191200,52.483829,0.183686,0.185155,,,,0.489075,-0.555390,0.027656,,,,,,
70603,,,,,,,,,0.741622,0.652433,,,52.081818,52.328033,0.184310,0.186135,,,,0.497589,-0.555371,0.024872,,,,,,
70611,0.505538,-0.555218,0.028393,0.500000,-0.500000,0.785398,0.800000,5.000000,,,,,,,,,,,,0.506016,-0.555315,0.024905,,,,,,
70614,,,,,,,,,0.631752,-0.652435,4.026264,66.431465,50.356152,50.018776,-0.264773,0.382466,-0.003968,0.055353,0.757005,,,,,,,,,
70624,,,,,,,,,0.878959,5.219473,,,48.904179,52.976654,-0.259229,0.355578,,,,0.514408,-0.555271,0.027669,,,,,,
70634,,,,,,,,,0.549350,11.743815,,,41.692513,54.376328,-0.194645,0.343992,,,,0.522730,-0.555209,0.027676,,,,,,
70642,,,,,,,,,0.494415,11.743815,,,35.080074,55.554012,-0.134732,0.334391,,,,0.530897,-0.555089,0.041549,,,,,,
70650,,,,,,,,,,,,,,,,,,,,0.539321,-0.554998,0.088579,,,,,,
70654,,,,,,,,,0.521882,12.396250,,,29.516369,57.089458,-0.084193,0.320905,,,,,,,,,,,,
70663,0.538583,-0.554380,0.135526,0.500000,-0.460000,1.570796,0.565685,20.000000,0.384545,9.134078,-73.592949,68.815903,24.835068,56.203209,-0.833257,0.356134,-0.025477,0.098728,1.435270,0.547726,-0.554844,0.152448,,,,,,
70671,,,,,,,,,,,,,,,,,,,,0.555828,-0.554450,0.241531,,,,,,
70674,,,,,,,,,0.549350,20.877895,,,18.173506,60.902954,-0.784995,0.310719,,,,,,,,,,,,
70684,,,,,,,,,0.054935,27.402233,,,3.855777,62.679146,-0.657307,0.294185,,,,0.563796,-0.553352,0.342235,,,,,,
70693,,,,,,,,,-0.274675,33.926579,,,-13.092046,65.262718,-0.499929,0.269060,,,,0.570776,-0.551786,0.460498,,,,,,
70701,,,,,,,,,,,,,,,,,,,,0.576381,-0.550982,0.592546,,,,,,
70704,,,,,,,,,-0.082402,25.444933,,,-22.995596,64.713821,-0.411013,0.275369,,,,,,,,,,,,
70713,0.572946,-0.551493,0.660966,0.500000,-0.420000,1.570796,0.800000,5.000000,-0.137337,25.444933,2.228275,72.174393,-31.328442,63.707436,0.437239,0.320711,0.023137,0.148581,0.909830,,,,,,,,,
70716,,,,,,,,,,,,,,,,,,,,0.582323,-0.549883,0.736385,,,,,,
70723,,,,,,,,,0.219740,27.402233,,,-35.616982,67.217010,0.487693,0.286607,,,,0.587261,-0.548621,0.902026,,,,,,
70730,,,,,,,,,,,,,,,,,,,,0.592007,-0.546884,1.071909,,,,,,
70734,,,,,,,,,0.686687,9.786511,,,-27.245407,67.447250,0.409872,0.285250,,,,,,,,,,,,
70744,,,,,,,,,0.906427,5.871908,,,-16.934307,68.185516,0.310594,0.278665,,,,0.595996,-0.545305,1.253954,,,,,,
70752,,,,,,,,,0.796557,4.567040,,,-7.714005,67.173065,0.220379,0.289790,,,,0.599777,-0.543872,1.427135,,,,,,
70760,,,,,,,,,,,,,,,,,,,,0.603047,-0.542678,1.589046,,,,,,
70763,0.602784,-0.540952,1.530281,0.500000,-0.380000,1.570796,0.800000,0.000000,0.824024,6.524341,91.616104,96.421219,-1.045130,67.410271,1.000000,0.535688,0.156657,0.109218,0.040515,,,,,,,,,
70774,,,,,,,,,0.851492,7.176777,,,4.566060,68.154404,1.000000,0.533900,,,,0.606142,-0.541869,1.750784,,,,,,
70784,,,,,,,,,1.373374,1.304869,,,16.910919,71.503227,0.918891,0.505396,,,,0.609413,-0.540963,1.890953,,,,,,
70792,,,,,,,,,2.005126,-5.871905,,,36.555115,77.588188,0.733462,0.448313,,,,0.611882,-0.537149,2.031163,,,,,,
70804,,,,,,,,,1.565646,-5.871907,,,48.182854,78.351730,0.625871,0.444291,,,,0.613898,-0.533051,2.158785,,,,,,
70813,0.613735,-0.527172,2.081326,0.500000,-0.340000,1.570796,0.800000,-0.000000,1.373374,-9.134078,117.429298,92.939583,58.510971,75.726913,0.792505,0.439166,0.218881,0.007773,-0.510530,,,,,,,,,
70816,,,,,,,,,,,,,,,,,,,,0.615827,-0.529544,2.291614,,,,,,
70821,,,,,,,,,,,,,,,,,,,,0.617086,-0.525621,2.426345,,,,,,
70824,,,,,,,,,2.362203,-14.353551,,,77.002823,80.052910,0.615672,0.398483,,,,,,,,,,,,
70834,,,,,,,,,1.977659,-13.048679,,,91.472778,82.059174,0.476164,0.380596,,,,0.617781,-0.521297,2.563612,,,,,,
70843,,,,,,,,,1.730451,-13.701118,,,99.835999,80.479988,0.396050,0.398880,,,,0.617968,-0.516697,2.692361,,,,,,
70850,,,,,,,,,,,,,,,,,,,,0.617449,-0.512114,2.821977,,,,,,
70854,,,,,,,,,1.510711,-11.091381,,,103.605553,78.606712,0.361120,0.420479,,,,,,,,,,,,
70863,0.615058,-0.507354,2.713209,0.500000,-0.300000,1.570796,0.800000,-0.000000,0.906427,-1.957303,99.187668,49.675556,96.975479,74.307823,0.245446,0.025902,0.190797,-0.140822,-1.142413,,,,,,,,,
70866,,,,,,,,,,,,,,,,,,,,0.616106,-0.507697,2.947550,,,,,,
70872,,,,,,,,,1.428309,-6.524341,,,98.475998,73.958000,0.230584,0.024543,,,,0.614174,-0.503406,3.075167,,,,,,
70880,,,,,,,,,,,,,,,,,,,,0.611864,-0.499521,-3.089004,,,,,,
70884,,,,,,,,,0.741622,-5.871908,,,92.659470,67.129143,0.290054,0.089341,,,,,,,,,,,,
70894,,,,,,,,,0.604285,-3.914605,,,85.587273,60.838799,0.363496,0.150012,,,,0.608907,-0.496008,-2.966979,,,,,,
70902,,,,,,,,,0.604285,-2.609737,,,79.092178,56.090645,0.432467,0.196211,,,,0.606279,-0.493130,-2.869488,,,,,,
70913,0.604704,-0.493265,-2.939245,0.500000,-0.260000,1.570796,0.800000,0.000000,0.549350,-2.609737,33.510201,-22.282650,73.082664,51.551006,-0.172128,-0.492742,0.055688,-0.249548,-1.773144,,,,,,,,,
70916,,,,,,,,,,,,,,,,,,,,0.603695,-0.490711,-2.788253,,,,,,
70923,,,,,,,,,0.466947,-5.871908,,,68.570808,45.553185,-0.134021,-0.446331,,,,0.601079,-0.489093,-2.723399,,,,,,
70931,,,,,,,,,,,,,,,,,,,,0.598391,-0.487934,-2.672335,,,,,,
70934,,,,,,,,,-0.219740,-5.219473,,,57.695469,33.972099,-0.030105,-0.341771,,,,,,,,,,,,
70944,,,,,,,,,-0.192272,-4.567039,,,48.544960,24.772316,0.058393,-0.259184,,,,0.595530,-0.487395,-2.638046,,,,,,
70953,,,,,,,,,-0.082402,-1.957303,,,40.845722,19.209793,0.133919,-0.211857,,,,0.592804,-0.487232,-2.617929,,,,,,
70961,0.591438,-0.488237,-2.655377,0.500000,-0.220000,1.570796,0.800000,0.000000,,,,,,,,,,,,0.589852,-0.487846,-2.620409,,,,,,
70964,,,,,,,,,-0.027467,-3.262171,-10.012805,-61.747631,35.456673,14.529488,-0.256515,-0.574959,-0.044501,-0.279878,-2.057012,,,,,,,,,
70974,,,,,,,,,-0.274675,-5.219473,,,29.833241,7.868763,-0.208250,-0.522276,,,,0.586863,-0.488938,-2.645248,,,,,,
70982,,,,,,,,,-0.686687,-8.481645,,,21.289883,-3.725545,-0.129077,-0.417937,,,,0.585292,-0.489849,-2.681724,,,,,,
70989,,,,,,,,,,,,,,,,,,,,0.586307,-0.489609,-2.702671,,,,,,
70994,,,,,,,,,-0.604285,-11.743814,,,16.824219,-14.570082,-0.089787,-0.318927,,,,,,,,,,,,
71003,,,,,,,,,-0.384545,-9.134078,,,14.155895,-19.882870,-0.067938,-0.274172,,,,0.586915,-0.489751,-2.728058,,,,,,
71011,0.589344,-0.489129,-2.781157,0.500000,-0.180000,1.570796,0.800000,0.000000,,,,,,,,,,,,0.587462,-0.489708,-2.750841,,,,,,
71014,,,,,,,,,-0.329610,-7.829210,2.904557,-52.472004,11.910769,-23.263962,0.081886,-0.153446,-0.025421,-0.320776,-1.931231,,,,,,,,,
71024,,,,,,,,,-0.412012,-9.786511,,,10.021719,-27.742443,0.099353,-0.113608,,,,0.588295,-0.489333,-2.781832,,,,,,
71033,,,,,,,,,-0.109870,-3.914605,,,8.976816,-26.065205,0.108587,-0.135661,,,,0.589809,-0.488558,-2.815549,,,,,,
71041,,,,,,,,,,,,,,,,,,,,0.591553,-0.487697,-2.854946,,,,,,
71044,,,,,,,,,-0.109870,-5.219473,,,8.642179,-25.198519,0.110786,-0.149783,,,,,,,,,,,,
71054,,,,,,,,,-0.137337,-5.871907,,,8.360614,-25.013832,0.112511,-0.157121,,,,0.593753,-0.487087,-2.902600,,,,,,
71063,0.593944,-0.487128,-2.917047,0.500000,-0.140000,1.570796,0.800000,-0.000000,-0.137337,-4.567039,22.050888,-36.277542,7.579163,-24.313894,0.314683,-0.004569,0.014293,-0.359332,-1.795342,,,,,,,,,
71066,,,,,,,,,,,,,,,,,,,,0.596402,-0.486606,-2.950118,,,,,,
71070,,,,,,,,,,,,,,,,,,,,0.599231,-0.486247,-3.005690,,,,,,
71074,,,,,,,,,-0.027467,-7.176776,,,9.099822,-23.724966,0.302066,-0.012969,,,,,,,,,,,,
71084,,,,,,,,,0.000000,-6.524341,,,10.379305,-22.140356,0.291606,-0.031642,,,,0.601957,-0.486070,-3.064050,,,,,,
71092,,,,,,,,,0.109870,-6.524341,,,12.544949,-20.807066,0.271851,-0.048069,,,,0.604544,-0.486253,-3.130560,,,,,,
71100,,,,,,,,,,,,,,,,,,,,0.606626,-0.486479,3.097367,,,,,,
71104,,,,,,,,,0.192272,-8.481645,,,16.000750,-19.140692,0.238503,-0.068160,,,,,,,,,,,,
71113,0.604755,-0.486553,3.084333,0.500000,-0.100000,1.570796,0.800000,-0.000000,0.082402,-7.176775,68.514259,8.480168,17.274832,-18.283148,0.700643,0.376194,0.126705,-0.379924,-1.513536,,,,,,,,,
71116,,,,,,,,,,,,,,,,,,,,0.606364,-0.486376,3.030829,,,,,,
71122,,,,,,,,,0.329610,-9.134079,,,21.614103,-15.927981,0.666631,0.357524,,,,0.606833,-0.486180,2.978134,,,,,,
71134,,,,,,,,,0.878959,-10.438948,,,30.166054,-9.045456,0.588781,0.292204,,,,0.606120,-0.486262,2.916861,,,,,,
71143,,,,,,,,,0.988829,-11.743814,,,41.173470,-2.709956,0.484175,0.231087,,,,0.605545,-0.486439,2.849935,,,,,,
71151,,,,,,,,,,,,,,,,,,,,0.604802,-0.486319,2.791080,,,,,,
71154,,,,,,,,,1.043764,-11.743814,,,49.890560,3.165276,0.400729,0.173398,,,,,,,,,,,,
71163,0.600651,-0.484926,2.766408,0.500000,-0.060000,1.570796,0.800000,0.000000,0.686687,-9.786511,116.485725,60.424549,52.868774,5.385979,0.863385,0.681642,0.249362,-0.358486,-1.195612,,,,,,,,,
71166,,,,,,,,,,,,,,,,,,,,0.602956,-0.485738,2.723265,,,,,,
71172,,,,,,,,,1.345907,-15.005984,,,63.542793,11.066280,0.767233,0.634711,,,,0.601231,-0.485097,2.660973,,,,,,
71181,,,,,,,,,,,,,,,,,,,,0.598495,-0.484142,2.597852,,,,,,
71184,,,,,,,,,1.263504,-3.914606,,,68.167564,20.202030,0.730649,0.551398,,,,,,,,,,,,
71194,,,,,,,,,1.867788,-9.134077,,,79.682449,31.156109,0.622861,0.447711,,,,0.595812,-0.482968,2.534541,,,,,,
71202,,,,,,,,,1.922724,-10.438948,,,89.371071,41.461956,0.531397,0.348445,,,,0.592604,-0.481281,2.470291,,,,,,
71213,0.586706,-0.476907,2.451341,0.500000,-0.020000,1.570796,0.800000,0.000000,1.263504,-6.524341,155.693542,109.233391,91.533104,45.232407,0.914687,0.811629,0.357785,-0.297106,-0.880545,,,,,,,,,
71216,,,,,,,,,,,,,,,,,,,,0.589147,-0.479370,2.402421,,,,,,
71222,,,,,,,,,1.648049,-2.609737,,,94.441322,53.305748,0.897856,0.742081,,,,0.585477,-0.476952,2.330773,,,,,,
71230,,,,,,,,,,,,,,,,,,,,0.581376,-0.474325,2.261045,,,,,,
71234,,,,,,,,,2.334736,-7.176776,,,105.600990,64.999550,0.796277,0.633990,,,,,,,,,,,,
71243,,,,,,,,,2.499541,-8.481646,,,116.079819,75.383255,0.699412,0.536923,,,,0.577153,-0.471137,2.193150,,,,,,
71250,,,,,,,,,,,,,,,,,,,,0.572463,-0.467530,2.124088,,,,,,
71254,,,,,,,,,2.252333,-5.219473,,,123.263077,83.575562,0.634065,0.460131,,,,,,,,,,,,
71263,0.567249,-0.461372,2.129684,0.500000,0.020000,1.570796,0.800000,0.000000,1.785386,-7.176776,183.104965,151.309799,124.406181,85.567673,0.908488,0.874122,0.443787,-0.198228,-0.558888,,,,,,,,,
71266,,,,,,,,,,,,,,,,,,,,0.568122,-0.463628,2.047304,,,,,,
71272,,,,,,,,,2.554476,-3.262171,,,131.357956,95.956528,0.849320,0.781305,,,,0.563307,-0.459180,1.975157,,,,,,
71282,,,,,,,,,1.757919,-3.914604,,,129.039032,95.985016,0.883322,0.792085,,,,0.558268,-0.454081,1.901301,,,,,,
71293,,,,,,,,,2.554476,-4.567039,,,136.345123,104.721680,0.819614,0.714036,,,,0.553260,-0.448507,1.832410,,,,,,
71301,,,,,,,,,,,,,,,,,,,,0.548405,-0.442717,1.754420,,,,,,
71304,,,,,,,,,2.884085,-4.567039,,,145.215179,114.795425,0.738491,0.620601,,,,,,,,,,,,
71313,0.544892,-0.433305,1.766849,0.500000,0.060000,1.570796,0.800000,0.000000,2.334736,-3.262171,193.163910,182.007553,146.688477,118.370583,0.833642,0.904554,0.492599,-0.052063,-0.196053,,,,,,,,,
71316,,,,,,,,,,,,,,,,,,,,0.543110,-0.436284,1.681303,,,,,,
71322,,,,,,,,,2.060061,-1.957303,,,143.571762,119.200546,0.874728,0.908816,,,,0.538093,-0.428910,1.609524,,,,,,
71330,,,,,,,,,,,,,,,,,,,,0.533233,-0.421196,1.532661,,,,,,
71334,,,,,,,,,2.856618,2.609736,,,149.117508,128.611572,0.828080,0.825385,,,,,,,,,,,,
71344,,,,,,,,,3.103825,-0.652435,,,153.783707,137.074554,0.789294,0.749742,,,,0.528697,-0.413004,1.453314,,,,,,
71351,,,,,,,,,,,,,,,,,,,,0.524473,-0.404542,1.369812,,,,,,
71354,,,,,,,,,2.856618,0.000000,,,160.432556,146.373474,0.729352,0.663880,,,,,,,,,,,,
71363,0.524190,-0.395131,1.403305,0.500000,0.100000,1.570796,0.800000,0.000000,2.307268,0.000000,179.918121,191.027771,157.858749,146.029434,0.627044,0.766522,0.484169,0.106395,0.167491,,,,,,,,,
71366,,,,,,,,,,,,,,,,,,,,0.520364,-0.395544,1.281863,,,,,,
71373,,,,,,,,,2.884085,3.262171,,,160.049484,151.729935,0.609110,0.717376,,,,0.516630,-0.386128,1.193606,,,,,,
71382,,,,,,,,,1.675516,-0.652435,,,150.457367,145.090927,0.710923,0.792954,,,,0.513528,-0.376364,1.107825,,,,,,
71394,,,,,,,,,2.664346,8.481643,,,150.554703,150.395737,0.715823,0.748032,,,,0.510772,-0.366345,1.017938,,,,,,
71402,,,,,,,,,2.554476,4.567039,,,150.092072,154.314651,0.726414,0.716186,,,,0.508406,-0.355933,0.920840,,,,,,
71410,,,,,,,,,,,,,,,,,,,,0.506603,-0.345367,0.823159,,,,,,
71413,0.509293,-0.338873,0.891242,0.500000,0.140000,1.570796,0.800000,0.000000,2.032593,2.609739,122.246834,161.780426,145.346466,152.166595,0.192538,0.447115,0.366652,0.308174,0.679554,,,,,,,,,
71424,,,,,,,,,1.840321,0.652435,,,141.898056,146.547424,0.223091,0.506354,,,,0.505365,-0.334884,0.724705,,,,,,
71432,,,,,,,,,2.005126,8.481646,,,133.551132,146.720337,0.304300,0.507637,,,,0.504754,-0.324086,0.616064,,,,,,
71444,,,,,,,,,1.785386,12.396253,,,124.894394,144.687653,0.390338,0.531382,,,,0.504612,-0.313429,0.512243,,,,,,
71453,,,,,,,,,1.538179,10.438948,,,116.521530,142.432816,0.475211,0.557800,,,,0.505027,-0.302722,0.415449,,,,,,
71461,0.509310,-0.290914,0.411451,0.500000,0.180000,1.570796,0.800000,-0.000000,,,,,,,,,,,,0.505911,-0.292721,0.319528,,,,,,
71464,,,,,,,,,1.290972,5.871907,41.916748,99.217003,108.387520,135.634705,-0.260044,-0.007137,0.179804,0.435336,1.159345,,,,,,,,,
71474,,,,,,,,,1.510712,8.481645,,,102.088112,132.637497,-0.209084,0.016151,,,,0.507414,-0.282380,0.230083,,,,,,
71483,,,,,,,,,0.439480,7.829209,,,87.530556,119.224777,-0.072631,0.146277,,,,0.509862,-0.272584,0.135586,,,,,,
71491,,,,,,,,,,,,,,,,,,,,0.512724,-0.263191,0.052589,,,,,,
71494,,,,,,,,,0.192272,4.567039,,,73.648193,104.127518,0.059846,0.296267,,,,,,,,,,,,
71504,,,,,,,,,0.247207,4.567039,,,62.512123,91.969223,0.167088,0.419300,,,,0.515484,-0.254845,-0.011040,,,,,,
71513,0.515891,-0.257397,0.043603,0.500000,0.220000,1.570796,0.800000,0.000000,0.329610,5.219473,-27.701563,34.835495,53.686779,82.828323,-0.457119,-0.142705,0.004933,0.477636,1.527194,,,,,,,,,
71516,,,,,,,,,,,,,,,,,,,,0.518227,-0.247555,-0.055297,,,,,,
71523,,,,,,,,,0.329610,6.524341,,,45.716591,75.681717,-0.392101,-0.079408,,,,0.520639,-0.240598,-0.083039,,,,,,
71533,,,,,,,,,-0.164805,5.219473,,,34.654129,64.223129,-0.293948,0.029300,,,,0.522909,-0.234266,-0.108039,,,,,,
71541,,,,,,,,,,,,,,,,,,,,0.524968,-0.228806,-0.110960,,,,,,
71544,,,,,,,,,-0.192272,4.567039,,,25.346176,54.037331,-0.211478,0.127318,,,,,,,,,,,,
71554,,,,,,,,,-0.109870,3.914605,,,18.603554,46.011543,-0.153312,0.205341,,,,0.526928,-0.223995,-0.108243,,,,,,
71563,0.525544,-0.226851,-0.079085,0.500000,0.260000,1.570796,0.800000,0.000000,0.000000,3.914605,-53.214859,9.355669,14.019398,40.347736,-0.376051,0.000982,-0.063927,0.483311,1.649882,0.528947,-0.220006,-0.086028,,,,,,
71570,,,,,,,,,,,,,,,,,,,,0.530932,-0.216674,-0.061367,,,,,,
71574,,,,,,,,,0.000000,7.829210,,,8.528660,37.215839,-0.333492,0.026729,,,,,,,,,,,,
71584,,,,,,,,,-0.247207,8.481645,,,1.730581,32.402489,-0.276500,0.070253,,,,0.531612,-0.214058,-0.030893,,,,,,
71592,,,,,,,,,-0.109870,5.219473,,,-2.355691,28.352535,-0.245809,0.106953,,,,0.531419,-0.211503,0.002142,,,,,,
71604,,,,,,,,,-0.054935,6.524341,,,-4.704794,26.033993,-0.232020,0.126803,,,,0.531383,-0.209144,0.046545,,,,,,
71613,0.530663,-0.210646,0.063375,0.500000,0.300000,1.570796,0.800000,0.000000,-0.027467,5.871908,-28.014650,35.326004,-7.225873,24.083170,0.041035,0.408263,0.001739,0.511563,1.507421,,,,,,,,,
71616,,,,,,,,,,,,,,,,,,,,0.530922,-0.207906,0.101884,,,,,,
71621,,,,,,,,,,,,,,,,,,,,0.530431,-0.207475,0.165771,,,,,,
71624,,,,,,,,,0.109870,9.134078,,,-8.258021,25.164465,0.047405,0.399483,,,,,,,,,,,,
71634,,,,,,,,,0.274675,7.829209,,,-8.037384,26.618809,0.041203,0.386681,,,,0.529802,-0.207438,0.227320,,,,,,
71643,,,,,,,,,0.247207,8.481645,,,-7.851740,28.931581,0.035314,0.364832,,,,0.528788,-0.207844,0.300061,,,,,,
71651,,,,,,,,,,,,,,,,,,,,0.527047,-0.208729,0.381355,,,,,,
71654,,,,,,,,,0.329610,9.134079,,,-7.150997,31.422091,0.024134,0.340708,,,,,,,,,,,,
71663,0.528679,-0.208506,0.393000,0.500000,0.340000,1.570796,0.800000,0.000000,0.302142,7.176775,40.902828,100.647842,-6.016848,32.428516,0.711351,0.997506,0.183564,0.517674,1.177796,0.525453,-0.209958,0.455180,,,,,,
71673,,,,,,,,,1.043764,13.048684,,,-0.161685,43.077103,0.661012,0.902534,,,,0.525931,-0.210433,0.532606,,,,,,
71680,,,,,,,,,,,,,,,,,,,,0.528798,-0.209452,0.589697,,,,,,
71684,,,,,,,,,1.757919,9.134080,,,12.932995,57.482254,0.535660,0.767115,,,,,,,,,,,,
71694,,,,,,,,,1.757919,11.743814,,,23.950857,70.691833,0.428871,0.641011,,,,0.529783,-0.208812,0.674527,,,,,,
71702,,,,,,,,,1.373374,6.524341,,,30.498569,75.271851,0.365475,0.600286,,,,0.531555,-0.206979,0.748032,,,,,,
71710,,,,,,,,,,,,,,,,,,,,0.533558,-0.205488,0.820044,,,,,,
71713,0.538019,-0.202662,0.811580,0.500000,0.380000,1.570796,0.800000,0.000000,1.345907,8.481645,124.976486,170.579926,36.007812,80.759109,1.000000,1.000000,0.396478,0.428655,0.759216,,,,,,,,,
71724,,,,,,,,,2.307268,9.134078,,,49.355980,94.633324,1.000000,1.000000,,,,0.536118,-0.203491,0.883739,,,,,,
71732,,,,,,,,,2.581943,3.914606,,,64.398933,106.851624,0.912241,1.000000,,,,0.538460,-0.201533,0.954921,,,,,,
71744,,,,,,,,,1.950191,1.957302,,,73.244263,110.053040,0.834135,1.000000,,,,0.541909,-0.198404,1.027026,,,,,,
71754,,,,,,,,,3.351032,5.219474,,,92.122131,126.360291,0.651927,0.855571,,,,0.544638,-0.195401,1.101272,,,,,,
71763,0.552329,-0.184622,1.098845,0.500000,0.420000,1.570796,0.800000,0.000000,2.609410,8.481646,173.759491,204.847870,100.926910,137.358490,1.000000,1.000000,0.514736,0.321485,0.471951,0.547575,-0.192205,1.170602,,,,,,
71774,,,,,,,,,3.076358,1.304868,,,114.869766,146.612381,0.938625,1.000000,,,,0.551137,-0.187896,1.240787,,,,,,
71784,,,,,,,,,3.268630,3.262171,,,127.690369,157.121323,0.819633,0.925330,,,,0.554500,-0.183437,1.306187,,,,,,
71792,,,,,,,,,3.460902,2.609739,,,140.655792,167.597168,0.696599,0.828022,,,,0.557973,-0.178591,1.373782,,,,,,
71804,,,,,,,,,2.142463,1.304868,,,139.040405,162.797958,0.719697,0.884424,,,,0.561393,-0.173142,1.435143,,,,,,
71813,0.564289,-0.165890,1.412356,0.500000,0.460000,1.570796,0.800000,-0.000000,2.527008,2.609739,214.313126,226.382141,140.948471,163.116257,1.000000,1.000000,0.607907,0.162235,0.158440,,,,,,,,,
71816,,,,,,,,,,,,,,,,,,,,0.565006,-0.167034,1.502153,,,,,,
71821,,,,,,,,,,,,,,,,,,,,0.568653,-0.160541,1.570762,,,,,,
71824,,,,,,,,,3.213695,0.652435,,,150.177536,169.374054,1.000000,1.000000,,,,,,,,,,,,
71834,,,,,,,,,3.598240,1.957303,,,159.576492,176.817520,0.958320,0.993539,,,,0.572135,-0.153216,1.636179,,,,,,
71843,,,,,,,,,3.268630,-0.652430,,,168.573853,183.080460,0.877494,0.939570,,,,0.575347,-0.146021,1.703352,,,,,,
71850,,,,,,,,,,,,,,,,,,,,0.578458,-0.137902,1.775882,,,,,,
71854,,,,,,,,,3.598240,-0.652433,,,177.777863,189.439178,0.792761,0.883371,,,,,,,,,,,,
71863,0.579467,-0.125306,1.742469,0.500000,0.500000,2.356194,0.800000,5.000000,1.785386,-5.871908,190.632065,245.319412,169.730362,174.641312,0.640606,1.000000,0.629690,-0.028522,0.613725,,,,,,,,,
71866,,,,,,,,,,,,,,,,,,,,0.581223,-0.129701,1.849775,,,,,,
71872,,,,,,,,,3.241163,3.914606,,,173.305527,180.704849,0.608319,1.000000,,,,0.583703,-0.120817,1.925060,,,,,,
71880,,,,,,,,,,,,,,,,,,,,0.585980,-0.111558,2.001625,,,,,,
71884,,,,,,,,,3.323565,7.176775,,,175.769119,187.984894,0.586656,1.000000,,,,,,,,,,,,
71894,,,,,,,,,3.378500,12.396247,,,175.119278,193.565781,0.596257,1.000000,,,,0.587960,-0.101673,2.073130,,,,,,
71903,,,,,,,,,2.774215,12.396250,,,170.760696,198.806076,0.643817,1.000000,,,,0.589331,-0.091469,2.155760,,,,,,
71911,0.584444,-0.074508,2.249666,0.460000,0.500000,-3.141592,0.565685,20.000000,,,,,,,,,,,,0.590644,-0.081188,2.239636,,,,,,
71914,,,,,,,,,2.472073,11.743814,105.762520,234.101685,163.281586,196.680740,-0.141591,0.953814,0.525269,-0.263889,0.891927,,,,,,,,,
71924,,,,,,,,,1.840321,8.481645,,,152.087769,187.268875,-0.038918,1.000000,,,,0.590996,-0.070644,2.331042,,,,,,
71932,,,,,,,,,2.334736,31.969278,,,137.768402,194.052399,0.097875,0.997474,,,,0.590965,-0.059801,2.420573,,,,,,
71940,,,,,,,,,,,,,,,,,,,,0.590529,-0.048892,2.508361,,,,,,
71944,,,,,,,,,2.087528,36.536312,,,121.363747,199.215515,0.258801,0.952820,,,,,,,,,,,,
71954,,,,,,,,,2.197398,40.450920,,,107.016327,203.559753,0.402024,0.915486,,,,0.589553,-0.037634,2.606767,,,,,,
71962,0.578571,-0.030606,2.840284,0.420000,0.500000,-3.141592,0.800000,5.000000,,,119.776985,149.471786,,,,,0.308896,-0.459643,0.301309,0.588163,-0.026619,2.709375,,,,,,
71965,,,,,,,,,1.098699,13.048681,,,95.488953,190.334167,0.662300,0.193270,,,,,,,,,,,,
71974,,,,,,,,,1.950191,18.920591,,,91.779800,187.374298,0.704991,0.215288,,,,0.586140,-0.015467,2.830422,,,,,,
71984,,,,,,,,,1.922724,5.219474,,,92.470718,178.349350,0.703543,0.299762,,,,0.583522,-0.004667,2.961461,,,,,,
71992,,,,,,,,,1.648049,-5.219473,,,97.952950,164.765778,0.653086,0.432539,,,,0.580487,0.005856,3.097320,,,,,,
72004,,,,,,,,,1.785386,-8.481645,,,103.654785,152.247482,0.599292,0.557167,,,,0.576922,0.015939,-3.052978,,,,,,
72013,0.570316,0.015319,-3.121549,0.380000,0.500000,-3.141592,0.800000,-0.000000,1.648049,-14.353550,107.448143,94.098694,109.541389,138.991882,0.416719,0.127013,0.180563,-0.488398,-0.020043,,,,,,,,,
72016,,,,,,,,,,,,,,,,,,,,0.573259,0.025770,-2.908596,,,,,,
72022,,,,,,,,,1.400841,-0.652435,,,105.781693,130.016785,0.454649,0.209581,,,,0.569000,0.034298,-2.771432,,,,,,
72034,,,,,,,,,1.373374,-13.048682,,,108.063713,118.108795,0.431706,0.323859,,,,0.564715,0.042624,-2.638077,,,,,,
72043,,,,,,,,,1.318439,-13.048684,,,109.439262,107.000328,0.417552,0.432363,,,,0.560008,0.050505,-2.505407,,,,,,
72051,,,,,,,,,,,,,,,,,,,,0.554891,0.057170,-2.366888,,,,,,
72054,,,,,,,,,1.236037,-7.176775,,,107.873932,99.287292,0.433120,0.508456,,,,,,,,,,,,
72063,0.550994,0.054049,-2.460512,0.340000,0.500000,-3.141592,0.800000,-0.000000,0.988829,-5.219473,27.934172,-15.982115,102.745064,91.163918,-0.325693,-0.532548,-0.116866,-0.479305,-0.681080,,,,,,,,,
72066,,,,,,,,,,,,,,,,,,,,0.549911,0.063522,-2.239670,,,,,,
72072,,,,,,,,,0.988829,-5.219473,,,97.885094,84.328911,-0.291084,-0.484260,,,,0.545183,0.069405,-2.101971,,,,,,
72081,,,,,,,,,,,,,,,,,,,,0.540579,0.074913,-1.971822,,,,,,
72084,,,,,,,,,-0.219740,-3.914605,,,82.360504,67.142532,-0.146723,-0.329021,,,,,,,,,,,,
72094,,,,,,,,,-0.439480,-1.304869,,,65.486313,51.592827,0.014509,-0.187039,,,,0.535893,0.079470,-1.842835,,,,,,
72102,,,,,,,,,-0.384545,1.304868,,,50.743828,40.142937,0.157372,-0.083765,,,,0.531437,0.083355,-1.739752,,,,,,
72109,,,,,,,,,,,,,,,,,,,,0.527675,0.087152,-1.665694,,,,,,
72113,0.530792,0.085497,-1.726871,0.300000,0.500000,-3.141592,0.800000,-0.000000,-0.164805,0.000000,-68.653763,-125.946159,41.062222,32.142632,-0.733635,-1.000000,-0.373590,-0.292418,-1.414721,,,,,,,,,
72123,,,,,,,,,-0.659220,-3.914604,,,29.648857,19.421200,-0.639162,-1.000000,,,,0.525204,0.090631,-1.615531,,,,,,
72131,,,,,,,,,,,,,,,,,,,,0.523286,0.094535,-1.572861,,,,,,
72134,,,,,,,,,-1.400841,-4.567040,,,13.511135,0.549240,-0.494218,-0.873459,,,,,,,,,,,,
72144,,,,,,,,,-1.648049,-10.438948,,,-0.611682,-19.685968,-0.366598,-0.692359,,,,0.521607,0.098170,-1.542354,,,,,,
72153,,,,,,,,,-1.648049,-13.048682,,,-11.950078,-39.434586,-0.264555,-0.512175,,,,0.520343,0.101503,-1.518427,,,,,,
72160,,,,,,,,,,,,,,,,,,,,0.519132,0.107101,-1.503635,,,,,,
72163,0.522899,0.111633,-1.577043,0.260000,0.500000,-3.141592,0.800000,-0.000000,-1.510711,-12.396250,-79.841255,-137.062256,-19.856571,-53.328354,-0.309362,-0.501145,-0.386717,-0.265320,-1.564549,,,,,,,,,
72174,,,,,,,,,-1.922724,-13.048682,,,-29.776354,-69.374916,-0.220177,-0.354217,,,,0.517661,0.114077,-1.471395,,,,,,
72182,,,,,,,,,-0.961362,-8.481646,,,-31.588339,-70.896538,-0.211707,-0.352234,,,,0.516547,0.119837,-1.452849,,,,,,
72189,,,,,,,,,,,,,,,,,,,,0.515093,0.126933,-1.433772,,,,,,
72194,,,,,,,,,-0.933894,-5.219474,,,-33.657486,-71.087746,-0.200253,-0.363517,,,,,,,,,,,,
72204,,,,,,,,,-0.824024,-3.914605,,,-34.853924,-70.159538,-0.197286,-0.386179,,,,0.513884,0.134010,-1.441524,,,,,,
72211,0.513838,0.142825,-1.488953,0.220000,0.500000,-3.141592,0.800000,-0.000000,,,,,,,,,,,,0.512708,0.141918,-1.462989,,,,,,
72214,,,,,,,,,-0.686687,-3.262170,-82.457581,-139.468399,-34.771519,-67.200371,-0.233810,-0.454286,-0.380002,-0.263655,-1.652639,,,,,,,,,
72224,,,,,,,,,-1.043764,-5.219473,,,-36.880356,-69.066879,-0.221837,-0.449701,,,,0.511754,0.149687,-1.497509,,,,,,
72234,,,,,,,,,-0.878959,-6.524343,,,-37.565643,-69.548271,-0.223963,-0.458871,,,,0.510843,0.158362,-1.534600,,,,,,
72241,,,,,,,,,,,,,,,,,,,,0.510341,0.167176,-1.583457,,,,,,
72244,,,,,,,,,-0.878959,-6.524343,,,-37.597702,-69.953316,-0.232614,-0.468724,,,,,,,,,,,,
72254,,,,,,,,,-0.961362,-7.176775,,,-38.169220,-71.383202,-0.235757,-0.468042,,,,0.510401,0.176089,-1.641600,,,,,,
72263,0.511018,0.177319,-1.658886,0.180000,0.500000,-3.141592,0.800000,-0.000000,-0.824024,-6.524341,-48.127880,-107.498169,-37.561008,-70.952682,0.099345,-0.159954,-0.292309,-0.358123,-1.482707,,,,,,,,,
72266,,,,,,,,,,,,,,,,,,,,0.510802,0.184858,-1.700966,,,,,,
72271,,,,,,,,,,,,,,,,,,,,0.511524,0.193426,-1.779467,,,,,,
72274,,,,,,,,,-1.016297,-11.091381,,,-37.049259,-74.402245,0.092011,-0.132078,,,,,,,,,,,,
72284,,,,,,,,,-0.604285,-11.743814,,,-32.262329,-72.948357,0.040969,-0.153527,,,,0.512581,0.202420,-1.853312,,,,,,
72293,,,,,,,,,-0.439480,-10.438947,,,-27.145519,-70.635971,-0.014396,-0.184023,,,,0.514269,0.211809,-1.931983,,,,,,
72300,,,,,,,,,,,,,,,,,,,,0.516458,0.221984,-2.016592,,,,,,
72304,,,,,,,,,-0.549350,-11.743815,,,-23.384779,-69.779419,-0.056952,-0.200132,,,,,,,,,,,,
72313,0.516821,0.220390,-2.035831,0.140000,0.500000,-3.141592,0.800000,-0.000000,-0.412012,-8.481645,28.076204,-28.753969,-20.220493,-66.335999,0.683106,0.560392,-0.080930,-0.462197,-1.105762,,,,,,,,,
72316,,,,,,,,,,,,,,,,,,,,0.519328,0.231805,-2.101446,,,,,,
72323,,,,,,,,,-0.164805,-10.438947,,,-14.290804,-61.805077,0.632282,0.521693,,,,0.523563,0.241302,-2.183800,,,,,,
72330,,,,,,,,,,,,,,,,,,,,0.527063,0.248189,-2.267049,,,,,,
72334,,,,,,,,,0.878959,-7.829209,,,-0.044331,-46.557350,0.495442,0.372776,,,,,,,,,,,,
72344,,,,,,,,,1.345907,-5.871908,,,15.209909,-28.827026,0.345473,0.195488,,,,0.529622,0.253517,-2.357878,,,,,,
72352,,,,,,,,,0.906427,-7.176775,,,25.322109,-17.720537,0.244901,0.082216,,,,0.532293,0.259862,-2.438003,,,,,,
72360,,,,,,,,,,,,,,,,,,,,0.533679,0.265722,-2.531694,,,,,,
72363,0.529946,0.258902,-2.520234,0.100000,0.500000,-3.141592,0.800000,-0.000000,0.412012,-7.176776,119.842567,79.158707,28.385082,-13.820971,1.000000,1.000000,0.209231,-0.446323,-0.621359,,,,,,,,,
72374,,,,,,,,,1.016297,-11.091381,,,36.952240,-6.728074,1.000000,1.000000,,,,0.535247,0.270918,-2.609583,,,,,,
72382,,,,,,,,,1.318439,-3.914604,,,47.427906,5.774407,0.990859,0.976844,,,,0.536645,0.275940,-2.686538,,,,,,
72394,,,,,,,,,2.389671,-7.176775,,,66.043907,25.006683,0.815459,0.795351,,,,0.537842,0.280291,-2.754358,,,,,,
72404,,,,,,,,,2.444606,-5.871907,,,82.796494,43.911438,0.655343,0.613353,,,,0.537981,0.284041,-2.830328,,,,,,
72413,0.528169,0.277270,-2.829087,0.060000,0.500000,-3.141592,0.800000,0.000000,2.307268,1.304871,165.875015,141.353455,91.991226,60.362434,1.000000,1.000000,0.377017,-0.355878,-0.312506,,,,,,,,,
72416,,,,,,,,,,,,,,,,,,,,0.537983,0.287849,-2.897306,,,,,,
72422,,,,,,,,,2.856618,-7.829213,,,107.895828,74.748840,0.891046,0.956446,,,,0.537234,0.291305,-2.966915,,,,,,
72434,,,,,,,,,2.884085,-4.567039,,,122.367043,90.665367,0.755036,0.807418,,,,,,,,,,,,
72441,,,,,,,,,,,,,,,,,,,,0.535961,0.294682,-3.041858,,,,,,
72444,,,,,,,,,2.087528,-1.304869,,,123.107712,95.344841,0.756183,0.769825,,,,0.534425,0.297479,-3.111025,,,,,,
72452,,,,,,,,,2.801683,-1.304871,,,132.988144,108.539383,0.663956,0.644443,,,,0.532263,0.300545,3.100248,,,,,,
72463,0.520542,0.295616,3.124307,0.020000,0.500000,-3.141592,0.800000,-0.000000,2.362203,-1.304865,193.777740,189.707581,135.856110,114.195839,0.925887,1.000000,0.504000,-0.195701,0.017286,,,,,,,,,
72474,,,,,,,,,3.048890,-1.957303,,,143.714645,123.856064,0.857315,1.000000,,,,,,,,,,,,
72482,,,,,,,,,2.939020,0.652433,,,151.415909,135.251434,0.788774,0.900027,,,,0.523050,0.309369,2.897623,,,,,,
72494,,,,,,,,,3.241163,1.304865,,,158.984833,146.473129,0.720044,0.796457,,,,0.519167,0.312374,2.833388,,,,,,
72504,,,,,,,,,2.224866,4.567038,,,153.917923,143.935120,0.778685,0.830992,,,,0.514737,0.315462,2.768846,,,,,,
72512,0.501288,0.316336,2.763340,-0.020000,0.500000,-3.141592,0.800000,-0.000000,,,192.185883,211.394257,,,,,0.552265,0.021829,0.378254,0.509718,0.318699,2.709496,,,,,,
72515,,,,,,,,,2.334736,-0.652433,,,152.921875,147.245071,0.780580,1.000000,,,,,,,,,,,,
72524,,,,,,,,,3.131293,3.914604,,,158.073776,156.564575,0.735883,0.945360,,,,0.504596,0.322178,2.649792,,,,,,
72534,,,,,,,,,3.158760,5.871907,,,164.042221,168.217804,0.681827,0.837463,,,,0.498946,0.325879,2.586831,,,,,,
72542,,,,,,,,,1.950191,3.262171,,,153.816864,159.508362,0.791755,0.934934,,,,0.492823,0.329797,2.529026,,,,,,
72554,,,,,,,,,3.021423,7.829210,,,156.104111,167.427444,0.776098,0.864537,,,,0.486490,0.334013,2.470710,,,,,,
72563,0.475387,0.335498,2.528056,-0.060000,0.500000,-3.141592,0.800000,-0.000000,2.554476,4.567039,173.895630,207.372253,154.761337,168.100586,0.610451,0.825440,0.532456,0.173756,0.613537,,,,,,,,,
72566,,,,,,,,,,,,,,,,,,,,0.480035,0.338772,2.408716,,,,,,
72571,,,,,,,,,,,,,,,,,,,,0.472754,0.343584,2.355110,,,,,,
72574,,,,,,,,,3.131293,6.524339,,,158.532425,175.201492,0.575812,0.760865,,,,,,,,,,,,
72584,,,,,,,,,3.021423,9.134078,,,157.893600,180.087097,0.585401,0.717466,,,,0.465356,0.348908,2.300808,,,,,,
72593,,,,,,,,,2.472073,9.134081,,,155.177917,180.386047,0.616301,0.719873,,,,0.457795,0.354783,2.245783,,,,,,
72601,,,,,,,,,,,,,,,,,,,,0.450127,0.360729,2.190161,,,,,,
72604,,,,,,,,,1.648049,2.609737,,,145.813889,169.746719,0.715558,0.833792,,,,,,,,,,,,
72613,0.446477,0.362433,2.229441,-0.100000,0.500000,-3.141592,0.800000,-0.000000,2.472073,7.829207,130.897903,179.639954,139.568619,165.695679,0.346299,0.599768,0.443259,0.347969,0.912152,,,,,,,,,
72616,,,,,,,,,,,,,,,,,,,,0.442212,0.367136,2.133742,,,,,,
72623,,,,,,,,,2.334736,9.786513,,,140.848373,169.910736,0.331512,0.559563,,,,0.434342,0.374198,2.076330,,,,,,
72630,,,,,,,,,,,,,,,,,,,,0.425991,0.381863,2.017976,,,,,,
72634,,,,,,,,,2.032593,10.438947,,,134.301559,168.556396,0.396299,0.575324,,,,,,,,,,,,
72644,,,,,,,,,2.032593,10.438947,,,127.159439,164.694153,0.468468,0.616935,,,,0.418051,0.389808,1.961813,,,,,,
72652,,,,,,,,,1.812854,10.438944,,,122.239143,161.988998,0.519403,0.647517,,,,0.410241,0.398409,1.901107,,,,,,
72661,0.400430,0.408441,1.928515,-0.140000,0.500000,-3.141592,0.800000,0.000000,,,,,,,,,,,,0.402466,0.407162,1.853149,,,,,,
72664,,,,,,,,,0.988829,1.304868,65.197685,124.497002,112.109238,147.732925,-0.045683,0.234001,0.274988,0.474161,1.213078,,,,,,,,,
72674,,,,,,,,,1.895256,8.481643,,,110.664993,148.262360,-0.040334,0.223953,,,,0.394977,0.416911,1.800741,,,,,,
72682,,,,,,,,,1.181102,9.786513,,,99.648026,138.906052,0.062946,0.314635,,,,0.388081,0.426641,1.750777,,,,,,
72690,,,,,,,,,,,,,,,,,,,,0.381528,0.436735,1.710820,,,,,,
72694,,,,,,,,,0.933894,7.829209,,,89.833809,129.400024,0.156161,0.408714,,,,,,,,,,,,
72704,,,,,,,,,0.988829,5.219473,,,82.665215,119.768028,0.224353,0.505980,,,,0.375342,0.447427,1.688705,,,,,,
72712,0.370688,0.457274,1.730644,-0.180000,0.500000,-3.141592,0.800000,-0.000000,,,12.755502,76.192719,,,,,0.129834,0.536867,1.410949,0.369934,0.457664,1.688590,,,,,,
72715,,,,,,,,,0.796557,4.567040,,,76.089020,111.663666,-0.246973,0.096887,,,,,,,,,,,,
72720,,,,,,,,,,,,,,,,,,,,0.365417,0.468598,1.710438,,,,,,
72724,,,,,,,,,1.126167,9.786511,,,71.100357,108.656464,-0.208756,0.120466,,,,,,,,,,,,
72734,,,,,,,,,0.549350,9.134079,,,61.457458,100.680771,-0.122067,0.195325,,,,0.361547,0.479015,1.742812,,,,,,
72741,,,,,,,,,,,,,,,,,,,,0.357979,0.489549,1.789049,,,,,,
72744,,,,,,,,,0.439480,10.438947,,,51.710297,93.970024,-0.032386,0.258877,,,,,,,,,,,,
72754,,,,,,,,,0.549350,13.048682,,,43.509037,89.957230,0.043475,0.296252,,,,0.354458,0.500486,1.850531,,,,,,
72763,0.354828,0.498943,1.895214,-0.220000,0.500000,-3.141592,0.800000,-0.000000,0.412012,9.786511,36.933807,98.572723,36.608498,83.858147,0.354329,0.583986,0.184233,0.544506,1.246379,,,,,,,,,
72766,,,,,,,,,,,,,,,,,,,,0.351113,0.510346,1.906683,,,,,,
72771,,,,,,,,,,,,,,,,,,,,0.349061,0.517069,1.976037,,,,,,
72774,,,,,,,,,0.933894,14.353551,,,34.069645,85.805443,0.380290,0.567067,,,,,,,,,,,,
72784,,,,,,,,,1.153634,7.829210,,,36.289799,86.354813,0.358218,0.564017,,,,0.346558,0.524883,2.038390,,,,,,
72792,,,,,,,,,1.071232,8.481646,,,38.157837,87.361595,0.339292,0.556191,,,,0.344222,0.531796,2.122906,,,,,,
72800,,,,,,,,,,,,,,,,,,,,0.341631,0.537914,2.214692,,,,,,
72804,,,,,,,,,1.400841,9.786511,,,41.363235,90.931419,0.306353,0.522021,,,,,,,,,,,,
72813,0.339638,0.539638,2.228905,-0.260000,0.500000,-3.141592,0.800000,-0.000000,1.098699,7.829211,98.627686,151.192429,42.971169,91.212349,0.918343,1.000000,0.335392,0.498647,0.912688,,,,,,,,,
72816,,,,,,,,,,,,,,,,,,,,0.338978,0.544481,2.306907,,,,,,
72832,,,,,,,,,0.878959,0.000000,,,41.477894,78.007675,0.955349,1.000000,,,,0.334888,0.552831,2.396908,,,,,,
72843,,,,,,,,,2.527008,5.219471,,,58.859398,92.862808,0.789488,1.000000,,,,0.329054,0.562070,-2.343476,,,,,,
72854,,,,,,,,,3.351032,3.914604,,,78.929626,110.262802,0.592725,0.913991,,,,0.324963,0.569969,2.575393,,,,,,
72863,0.316444,0.577556,2.562612,-0.300000,0.500000,-3.141592,0.800000,-0.000000,2.362203,3.914604,156.132736,193.935791,90.371277,120.546806,1.000000,1.000000,0.473540,0.402216,0.578981,0.319324,0.578481,2.664069,,,,,,
72871,,,,,,,,,,,,,,,,,,,,0.313104,0.587366,2.771798,,,,,,
72874,,,,,,,,,3.241163,5.219471,,,105.988258,135.734283,0.920370,1.000000,,,,,,,,,,,,
72881,,,,,,,,,,,,,,,,,,,,0.306050,0.596205,2.863892,,,,,,
72884,,,,,,,,,2.169931,1.957300,,,109.871147,134.899445,0.890794,1.000000,,,,0.299244,0.605272,2.961584,,,,,,
72894,,,,,,,,,3.433435,-0.652433,,,125.662704,148.899689,0.738972,1.000000,,,,0.291007,0.613950,3.055586,,,,,,
72901,,,,,,,,,,,,,,,,,,,,0.282901,0.622320,-3.116823,,,,,,
72904,,,,,,,,,3.433435,5.871907,,,138.405167,161.768570,0.615093,0.879933,,,,,,,,,,,,
72913,0.272512,0.624334,3.139996,-0.340000,0.500000,-3.141592,0.800000,0.000000,2.691813,5.219474,220.589828,223.835907,140.958527,164.972839,1.000000,1.000000,0.612313,0.125312,0.001597,,,,,,,,,
72916,,,,,,,,,,,,,,,,,,,,0.274030,0.630589,-3.014402,,,,,,
72923,,,,,,,,,2.169931,3.262173,,,138.750580,160.045319,1.000000,1.000000,,,,0.265006,0.638826,-2.908717,,,,,,
72931,,,,,,,,,,,,,,,,,,,,0.255556,0.646368,-2.796775,,,,,,
72934,,,,,,,,,3.433435,0.652433,,,150.506393,170.601959,1.000000,1.000000,,,,,,,,,,,,
72944,,,,,,,,,3.653175,0.652435,,,162.575912,180.028854,1.000000,1.000000,,,,0.245714,0.653581,-2.680918,,,,,,
72953,,,,,,,,,3.625707,-1.304868,,,173.275742,186.871567,0.978335,0.979236,,,,0.235303,0.660349,-2.569260,,,,,,
72961,0.213633,0.663076,-2.514089,-0.380000,0.500000,-3.141592,0.800000,-0.000000,,,,,,,,,,,,0.224868,0.666920,-2.449829,,,,,,
72964,,,,,,,,,3.076358,-1.304868,220.121796,184.990692,176.833145,187.183594,0.946738,0.587225,0.576290,-0.216528,-0.627503,,,,,,,,,
72974,,,,,,,,,3.982784,-1.957303,,,189.083588,192.347015,0.830441,0.534120,,,,0.213907,0.672888,-2.330799,,,,,,
72982,,,,,,,,,2.005126,-9.786510,,,183.054810,181.444305,0.898142,0.643856,,,,0.202353,0.677971,-2.214878,,,,,,
72990,,,,,,,,,,,,,,,,,,,,0.190822,0.682499,-2.095433,,,,,,
72994,,,,,,,,,3.213695,-12.396253,,,191.051239,178.805283,0.823992,0.671484,,,,,,,,,,,,
73004,,,,,,,,,2.911553,-15.658422,,,196.145798,173.317551,0.777842,0.728696,,,,0.179120,0.686639,-1.974992,,,,,,
73013,0.170414,0.680645,-2.086368,-0.420000,0.500000,-3.141592,0.800000,-0.000000,2.334736,-9.786513,178.062912,123.384468,192.264206,164.888382,0.393229,0.188624,0.448256,-0.424603,-1.055224,,,,,,,,,
73016,,,,,,,,,,,,,,,,,,,,0.179120,0.686639,-1.974992,,,,,,
73022,,,,,,,,,1.785386,-4.567039,,,181.374634,153.984268,0.501462,0.291545,,,,0.167855,0.690273,-1.853113,,,,,,
73030,,,,,,,,,,,,,,,,,,,,0.156771,0.693460,-1.725417,,,,,,
73034,,,,,,,,,2.197398,-14.353550,,,180.380295,145.898636,0.510942,0.367899,,,,,,,,,,,,
73038,,,,,,,,,,,,,,,,,,,,0.145613,0.696152,-1.601864,,,,,,
73044,,,,,,,,,1.922724,-14.353550,,,176.820938,135.283585,0.546784,0.471670,,,,0.134524,0.697819,-1.478955,,,,,,
73054,,,,,,,,,1.812854,-13.048684,,,171.647934,126.352081,0.599797,0.560391,,,,0.124213,0.699181,-1.355006,,,,,,
73063,0.122939,0.691967,-1.471457,-0.460000,0.500000,-3.141592,0.800000,-0.000000,1.318439,-7.829209,65.207687,-0.196610,161.305389,116.658943,-0.444549,-0.601859,0.133207,-0.599104,-1.670135,,,,,,,,,
73066,,,,,,,,,,,,,,,,,,,,0.114209,0.700275,-1.223412,,,,,,
73071,,,,,,,,,,,,,,,,,,,,0.104605,0.700881,-1.097644,,,,,,
73074,,,,,,,,,1.428309,-9.134078,,,153.147720,108.503143,-0.380561,-0.542041,,,,,,,,,,,,
73084,,,,,,,,,-0.137337,-8.481645,,,131.581192,86.938187,-0.178170,-0.343819,,,,0.095536,0.700877,-0.973406,,,,,,
73093,,,,,,,,,-0.494415,-2.609737,,,106.900597,66.615257,0.060297,-0.153952,,,,0.087259,0.700586,-0.844043,,,,,,
73101,,,,,,,,,,,,,,,,,,,,0.079399,0.700550,-0.736085,,,,,,
73104,,,,,,,,,-0.439480,0.000000,,,85.589798,51.693722,0.269329,-0.015115,,,,,,,,,,,,
73113,0.082767,0.701652,-0.797740,-0.500000,0.500000,-2.356195,0.800000,5.000000,-0.192272,-1.957303,-54.096786,-92.394318,70.926155,40.772377,-0.802084,-0.854511,-0.262623,-0.557952,-1.558454,,,,,,,,,
73116,,,,,,,,,,,,,,,,,,,,0.072305,0.701148,-0.659583,,,,,,
73123,,,,,,,,,-0.631752,-3.262170,,,54.776367,26.682266,-0.662361,-0.737426,,,,0.065697,0.702548,-0.598563,,,,,,
73130,,,,,,,,,,,,,,,,,,,,0.058918,0.704367,-0.546555,,,,,,
73134,,,,,,,,,-1.318439,0.000000,,,33.019791,9.381418,-0.462218,-0.584772,,,,,,,,,,,,
73144,,,,,,,,,-1.510712,-1.957302,,,14.169268,-7.353685,-0.287366,-0.434430,,,,0.052582,0.706404,-0.509250,,,,,,
73152,,,,,,,,,-1.208569,-2.609737,,,1.031156,-19.800972,-0.167011,-0.324475,,,,0.046627,0.708574,-0.478030,,,,,,
73160,,,,,,,,,,,,,,,,,,,,0.041037,0.710679,-0.446878,,,,,,
73163,0.041095,0.713649,-0.487181,-0.500000,0.460000,-1.570796,0.565685,20.000000,-0.796557,-1.957302,-117.107506,-51.952236,-6.755991,-25.373226,-0.741317,0.130352,-0.359399,-0.477445,-1.083615,,,,,,,,,
73174,,,,,,,,,-1.208569,3.914605,,,-20.931700,-31.695351,-0.618795,0.189522,,,,0.034636,0.713698,-0.444733,,,,,,
73184,,,,,,,,,-0.824024,11.743815,,,-29.047337,-29.935722,-0.555251,0.167523,,,,0.034636,0.713698,-0.444733,,,,,,
73192,,,,,,,,,-0.796557,16.310854,,,-39.143089,-26.276999,-0.469886,0.125800,,,,0.025346,0.718058,-0.427262,,,,,,
73199,,,,,,,,,,,,,,,,,,,,0.017237,0.721735,-0.418599,,,,,,
73204,,,,,,,,,-0.741622,15.005987,,,-46.004028,-23.198549,-0.415497,0.089265,,,,,,,,,,,,
73207,,,,,,,,,,,,,,,,,,,,0.008019,0.725496,-0.372763,,,,,,
73213,0.007721,0.725002,-0.319415,-0.500000,0.420000,-1.570796,0.800000,5.000000,-0.521882,12.396250,-76.439697,-109.433731,-49.598648,-19.519257,0.021759,-0.540326,-0.386266,-0.449005,-1.251381,,,,,,,,,
73216,,,,,,,,,,,,,,,,,,,,-0.001006,0.729219,-0.271834,,,,,,
73222,,,,,,,,,-0.933894,11.743816,,,-55.890419,-20.235302,0.080567,-0.551005,,,,-0.010237,0.732362,-0.149397,,,,,,
73230,,,,,,,,,,,,,,,,,,,,-0.019973,0.735143,-0.011117,,,,,,
73234,,,,,,,,,-0.878959,-2.609737,,,-54.105255,-26.827759,0.058248,-0.501602,,,,,,,,,,,,
73244,,,,,,,,,-0.851492,-11.091381,,,-49.335957,-35.097366,0.005134,-0.433773,,,,-0.027955,0.736768,0.127360,,,,,,
73252,,,,,,,,,-0.796557,-11.091380,,,-45.323071,-42.599957,-0.041218,-0.372114,,,,-0.034176,0.738903,0.241368,,,,,,
73263,-0.033586,0.739375,0.147789,-0.500000,0.380000,-1.570796,0.800000,0.000000,-0.631752,-5.871908,-123.388184,-180.601456,-41.946629,-45.100834,-0.560755,-1.000000,-0.514248,-0.286777,-1.718585,,,,,,,,,
73266,,,,,,,,,,,,,,,,,,,,-0.040772,0.741159,0.328058,,,,,,
73273,,,,,,,,,-1.263504,-9.134077,,,-44.006580,-54.284130,-0.556032,-1.000000,,,,-0.047346,0.742632,0.367504,,,,,,
73282,,,,,,,,,-1.345907,-5.871908,,,-47.917995,-61.466415,-0.532012,-0.971317,,,,-0.053640,0.743583,0.379032,,,,,,
73294,,,,,,,,,-2.005126,-16.310854,,,-52.298145,-78.400452,-0.502429,-0.822417,,,,-0.059853,0.744382,0.379131,,,,,,
73301,,,,,,,,,,,,,,,,,,,,-0.065545,0.745328,0.373795,,,,,,
73304,,,,,,,,,-2.060061,-18.920595,,,-57.072689,-94.282379,-0.467946,-0.680861,,,,,,,,,,,,
73313,-0.071303,0.746853,0.275406,-0.500000,0.340000,-1.570796,0.800000,0.000000,-1.812854,-15.658419,-132.960739,-188.521927,-60.000904,-103.833626,-0.548982,-0.681491,-0.523180,-0.274942,-1.846202,,,,,,,,,
73316,,,,,,,,,,,,,,,,,,,,-0.071538,0.745515,0.369071,,,,,,
73323,,,,,,,,,-2.664346,-13.701119,,,-70.632851,-119.493652,-0.455128,-0.538697,,,,-0.080626,0.744552,0.368696,,,,,,
73331,,,,,,,,,,,,,,,,,,,,-0.088909,0.743878,0.362822,,,,,,
73334,,,,,,,,,-1.950191,-16.310856,,,-72.499512,-126.680016,-0.448553,-0.479201,,,,,,,,,,,,
73344,,,,,,,,,-1.428309,-5.219473,,,-72.436485,-122.380302,-0.461289,-0.535427,,,,-0.097071,0.743043,0.360142,,,,,,
73353,,,,,,,,,-1.730451,-9.786513,,,-74.017090,-124.207954,-0.457271,-0.530013,,,,-0.105955,0.741622,0.357309,,,,,,
73360,,,,,,,,,,,,,,,,,,,,-0.115575,0.739747,0.354492,,,,,,
73363,-0.119109,0.739799,0.306801,-0.500000,0.300000,-1.570796,0.800000,0.000000,-1.373374,-6.524341,-126.657837,-182.503632,-73.713379,-121.389397,-0.407868,-0.510239,-0.495930,-0.304230,-1.877597,,,,,,,,,
73374,,,,,,,,,-1.785386,-7.176776,,,-76.180550,-122.829666,-0.393292,-0.507771,,,,-0.125421,0.737734,0.354294,,,,,,
73382,,,,,,,,,-1.208569,-2.609737,,,-74.989166,-115.873360,-0.415539,-0.590660,,,,-0.135263,0.735496,0.346240,,,,,,
73390,,,,,,,,,,,,,,,,,,,,-0.146377,0.732462,0.343123,,,,,,
73394,,,,,,,,,-1.455776,-7.176775,,,-74.531281,-114.921211,-0.430544,-0.613698,,,,,,,,,,,,
73404,,,,,,,,,-1.538179,-7.829211,,,-74.690559,-115.209160,-0.439344,-0.624277,,,,,,,,,,,,
73410,,,,,,,,,,,,,,,,,,,,-0.156755,0.729564,0.329255,,,,,,
73413,-0.159987,0.729500,0.294536,-0.500000,0.260000,-1.570796,0.800000,0.000000,-1.236037,-7.176775,-115.757973,-172.958038,-72.646408,-112.728722,-0.359409,-0.565671,-0.461665,-0.350578,-1.865332,-0.167973,0.726245,0.317871,,,,,,
73419,,,,,,,,,,,,,,,,,,,,-0.179669,0.722933,0.298328,,,,,,
73424,,,,,,,,,-1.730451,-5.871908,,,-75.282806,-114.453484,-0.341141,-0.560125,,,,,,,,,,,,
73434,,,,,,,,,-1.428309,-6.524341,,,-74.778351,-113.181984,-0.354381,-0.584795,,,,-0.192081,0.719420,0.275286,,,,,,
73441,,,,,,,,,,,,,,,,,,,,-0.204469,0.715767,0.236647,,,,,,
73444,,,,,,,,,-1.181102,-4.567039,,,-73.264816,-108.300346,-0.378015,-0.646543,,,,,,,,,,,,
73454,,,,,,,,,-1.538179,-7.829211,,,-73.624954,-109.638367,-0.382840,-0.645827,,,,-0.217296,0.712412,0.189186,,,,,,
73463,-0.218895,0.713064,0.165224,-0.500000,0.220000,-1.570796,0.800000,0.000000,-1.208569,-5.219474,-78.541359,-139.490662,-71.749802,-106.952370,-0.030784,-0.344520,-0.358373,-0.440115,-1.736020,-0.229700,0.709313,0.136531,,,,,,
73471,,,,,,,,,,,,,,,,,,,,-0.243205,0.706358,0.075572,,,,,,
73474,,,,,,,,,-1.648049,-9.134080,,,-72.894768,-109.593262,-0.020464,-0.324091,,,,,,,,,,,,
73484,,,,,,,,,-1.153634,-10.438947,,,-68.412712,-108.548050,-0.067310,-0.340732,,,,-0.257127,0.703772,0.003657,,,,,,
73493,,,,,,,,,-1.098699,-11.743815,,,-63.552422,-107.124069,-0.118911,-0.361445,,,,-0.271414,0.701733,-0.074017,,,,,,
73502,,,,,,,,,-0.933894,-7.829209,,,-58.918430,-102.114128,-0.169175,-0.419019,,,,-0.286403,0.700069,-0.154364,,,,,,
73513,-0.284655,0.701255,-0.160351,-0.500000,0.180000,-1.570796,0.800000,0.000000,-0.851492,-9.786511,3.470927,-60.267467,-54.474850,-98.987854,0.618101,0.349694,-0.129356,-0.548951,-1.410445,-0.300495,0.699153,-0.243419,,,,,,
73523,,,,,,,,,-0.906427,-15.005984,,,-48.557846,-98.535576,0.569337,0.352825,,,,-0.315504,0.699788,-0.339037,,,,,,
73530,,,,,,,,,,,,,,,,,,,,-0.329471,0.701298,-0.440736,,,,,,
73534,,,,,,,,,0.137337,-11.091381,,,-34.866592,-86.175079,0.440092,0.234401,,,,,,,,,,,,
73544,,,,,,,,,0.659220,-11.743815,,,-17.901339,-70.874069,0.274714,0.083512,,,,-0.343048,0.703632,-0.532334,,,,,,
73553,,,,,,,,,0.741622,-11.091380,,,-3.082233,-56.910717,0.127833,-0.056792,,,,-0.354698,0.705004,-0.630456,,,,,,
73560,,,,,,,,,,,,,,,,,,,,-0.365183,0.705652,-0.736064,,,,,,
73563,-0.355609,0.703957,-0.734361,-0.500000,0.140000,-1.570796,0.800000,0.000000,0.384545,-7.829211,134.909714,84.392792,4.485672,-47.340126,1.000000,1.000000,0.270740,-0.515360,-0.836435,,,,,,,,,
73574,,,,,,,,,0.604285,-11.743814,,,14.665108,-39.287434,1.000000,1.000000,,,,-0.376524,0.706274,-0.831909,,,,,,
73582,,,,,,,,,1.428309,-7.829210,,,29.764603,-22.165577,1.000000,1.000000,,,,-0.386349,0.706683,-0.920513,,,,,,
73590,,,,,,,,,,,,,,,,,,,,-0.395584,0.707364,-0.998546,,,,,,
73594,,,,,,,,,2.114996,-5.871907,,,48.459290,-0.135643,1.000000,0.911359,,,,,,,,,,,,
73604,,,,,,,,,2.005126,-5.871905,,,62.010826,16.222166,0.894323,0.761415,,,,-0.404596,0.707412,-1.081512,,,,,,
73613,-0.395175,0.700596,-1.077244,-0.500000,0.100000,-1.570796,0.800000,0.000000,2.252333,-10.438947,195.550400,162.096878,79.947601,33.252884,1.000000,1.000000,0.479256,-0.376852,-0.493553,-0.412865,0.706879,-1.159975,,,,,,
73620,,,,,,,,,,,,,,,,,,,,-0.421029,0.706016,-1.243960,,,,,,
73624,,,,,,,,,2.966488,-3.914606,,,98.306862,55.750675,1.000000,1.000000,,,,,,,,,,,,
73634,,,,,,,,,3.405967,-7.829213,,,117.021606,77.403030,1.000000,0.990624,,,,-0.428748,0.704737,-1.323514,,,,,,
73641,,,,,,,,,,,,,,,,,,,,-0.436133,0.702872,-1.405618,,,,,,
73644,,,,,,,,,3.460902,-2.609739,,,136.579987,96.710403,0.825108,0.810628,,,,,,,,,,,,
73654,,,,,,,,,3.460902,-9.134078,,,151.402771,113.500168,0.685709,0.652450,,,,-0.443399,0.700620,-1.483092,,,,,,
73663,-0.435570,0.686598,-1.487875,-0.500000,0.060000,-1.570796,0.800000,0.000000,1.538179,1.304869,227.510956,220.393692,143.726562,111.290779,1.000000,1.000000,0.619108,-0.116107,-0.082922,,,,,,,,,
73666,,,,,,,,,,,,,,,,,,,,-0.450173,0.698062,-1.559465,,,,,,
73671,,,,,,,,,,,,,,,,,,,,-0.456927,0.694981,-1.636116,,,,,,
73674,,,,,,,,,3.048890,-3.262171,,,152.515015,121.411751,1.000000,1.000000,,,,,,,,,,,,
73684,,,,,,,,,3.515837,-6.524336,,,163.721420,133.194794,0.926642,1.000000,,,,-0.463383,0.691476,-1.710688,,,,,,
73693,,,,,,,,,3.241163,-2.609736,,,173.150497,145.287216,0.843224,0.991625,,,,-0.469826,0.687288,-1.782994,,,,,,
73701,,,,,,,,,,,,,,,,,,,,-0.476190,0.682669,-1.853178,,,,,,
73704,,,,,,,,,2.169931,-1.957300,,,168.015076,142.937286,0.906477,1.000000,,,,,,,,,,,,
73713,-0.472688,0.673891,-1.831002,-0.500000,0.020000,-1.570796,0.800000,0.000000,2.856618,0.000000,219.718704,236.299347,169.684113,148.583664,0.821871,1.000000,0.638906,0.141840,0.260206,,,,,,,,,
73716,,,,,,,,,,,,,,,,,,,,-0.482696,0.677607,-1.921538,,,,,,
73722,,,,,,,,,3.653174,3.262168,,,177.622955,162.591751,0.750902,1.000000,,,,-0.488969,0.671990,-1.985029,,,,,,
73730,,,,,,,,,,,,,,,,,,,,-0.495408,0.666019,-2.050446,,,,,,
73734,,,,,,,,,3.460902,3.914606,,,182.124527,172.744522,0.713405,0.936596,,,,,,,,,,,,
73744,,,,,,,,,3.460902,7.829207,,,184.278519,180.742523,0.698953,0.867727,,,,-0.502197,0.659220,-2.114579,,,,,,
73752,,,,,,,,,3.186228,6.524339,,,183.912704,188.561127,0.709772,0.799089,,,,-0.509008,0.651927,-2.177569,,,,,,
73761,-0.514704,0.633686,-2.178220,-0.500000,-0.020000,-1.570796,0.800000,0.000000,,,,,,,,,,,,-0.516263,0.644444,-2.239564,,,,,,
73764,,,,,,,,,1.345907,0.652434,170.376266,208.940109,167.813156,172.268890,0.377856,0.695753,0.528363,0.385168,0.607424,,,,,,,,,
73774,,,,,,,,,3.048890,5.871907,,,166.791504,177.619614,0.388790,0.648510,,,,-0.523802,0.636565,-2.303661,,,,,,
73781,,,,,,,,,,,,,,,,,,,,-0.531382,0.628130,-2.360790,,,,,,
73784,,,,,,,,,2.554476,13.701117,,,161.575531,179.399002,0.442709,0.636624,,,,,,,,,,,,
73794,,,,,,,,,2.169931,12.396250,,,152.830475,177.084366,0.533669,0.666142,,,,-0.539683,0.619363,-2.426309,,,,,,
73803,,,,,,,,,2.060061,8.481643,,,144.927841,174.592300,0.617785,0.697932,,,,-0.548108,0.610556,-2.485115,,,,,,
73813,-0.549097,0.604711,-2.423876,-0.500000,-0.060000,-1.570796,0.800000,0.000000,1.620581,8.481646,119.671249,171.192612,135.011307,166.505493,0.206832,0.402262,0.400173,0.533023,0.853080,,,,,,,,,
73821,,,,,,,,,,,,,,,,,,,,-0.548108,0.610556,-2.485115,,,,,,
73824,,,,,,,,,1.593114,5.219473,,,127.212074,156.978546,0.283316,0.500375,,,,,,,,,,,,
73830,,,,,,,,,,,,,,,,,,,,-0.566636,0.592916,-2.606681,,,,,,
73834,,,,,,,,,1.730451,5.871908,,,121.194344,152.774368,0.343189,0.546100,,,,,,,,,,,,
73837,,,,,,,,,,,,,,,,,,,,-0.576537,0.584166,-2.660930,,,,,,
73844,,,,,,,,,1.648049,7.829210,,,115.586487,148.147888,0.400085,0.596974,,,,-0.587340,0.575382,-2.714936,,,,,,
73852,,,,,,,,,1.785386,7.176776,,,111.957123,144.799713,0.437921,0.635734,,,,-0.598631,0.567595,-2.754551,,,,,,
73861,-0.609593,0.558321,-2.722536,-0.500000,-0.100000,-1.570796,0.800000,0.000000,,,,,,,,,,,,-0.609671,0.560175,-2.782677,,,,,,
73864,,,,,,,,,0.933894,0.000000,36.294666,98.760094,103.457947,131.636230,-0.324286,0.036469,0.167760,0.645952,1.151740,,,,,,,,,
73874,,,,,,,,,1.702984,7.829210,,,100.118538,129.817719,-0.303656,0.048442,,,,-0.621803,0.553362,-2.802395,,,,,,
73882,,,,,,,,,0.576817,8.481646,,,86.962440,119.574936,-0.182229,0.146707,,,,-0.633654,0.547365,-2.816371,,,,,,
73889,,,,,,,,,,,,,,,,,,,,-0.645926,0.540798,-2.819203,,,,,,
73894,,,,,,,,,0.494415,11.743815,,,73.170181,109.867569,-0.051681,0.241559,,,,,,,,,,,,
73903,,,,,,,,,0.494415,11.743815,,,61.565380,102.788879,0.059313,0.311540,,,,-0.659101,0.534663,-2.805216,,,,,,
73911,-0.668709,0.529823,-2.730940,-0.500000,-0.140000,-1.570796,0.800000,0.000000,,,,,,,,,,,,-0.672334,0.528605,-2.785471,,,,,,
73914,,,,,,,,,0.549350,9.134079,19.894585,83.428665,53.434731,95.743782,-0.030090,0.226214,0.112716,0.681484,1.160144,,,,,,,,,
73924,,,,,,,,,0.796557,13.701117,,,47.138149,93.627846,0.027427,0.245334,,,,-0.685753,0.522791,-2.747983,,,,,,
73933,,,,,,,,,0.576817,12.396250,,,40.206573,89.669319,0.092681,0.283671,,,,-0.697653,0.517373,-2.708248,,,,,,
73941,,,,,,,,,,,,,,,,,,,,-0.705107,0.514045,-2.649568,,,,,,
73944,,,,,,,,,0.521882,12.396250,,,33.829803,86.338615,0.153661,0.316396,,,,,,,,,,,,
73954,,,,,,,,,0.741622,12.396248,,,30.642565,84.625252,0.183384,0.333290,,,,-0.713623,0.509777,-2.603687,,,,,,
73963,-0.712271,0.509496,-2.562383,-0.500000,-0.180000,-1.570796,0.800000,0.000000,0.714154,5.219474,53.653934,113.444771,30.683538,81.005455,0.525162,0.676137,0.199755,0.693226,0.991587,,,,,,,,,
73966,,,,,,,,,,,,,,,,,,,,-0.721449,0.506658,-2.552101,,,,,,
73970,,,,,,,,,,,,,,,,,,,,-0.730301,0.503214,-2.476262,,,,,,
73974,,,,,,,,,1.428309,9.134078,,,36.163445,86.127907,0.473861,0.630376,,,,,,,,,,,,
73984,,,,,,,,,1.345907,4.567038,,,41.863327,87.715218,0.419220,0.619649,,,,-0.738097,0.498355,-2.405873,,,,,,
73992,,,,,,,,,1.840321,9.786509,,,49.381924,96.129845,0.344889,0.538965,,,,-0.745008,0.493595,-2.334135,,,,,,
74000,,,,,,,,,,,,,,,,,,,,-0.752109,0.488881,-2.258070,,,,,,
74004,,,,,,,,,1.812854,10.438944,,,55.163525,102.665367,0.286771,0.475766,,,,,,,,,,,,
74013,-0.753942,0.485036,-2.239890,-0.500000,-0.220000,-1.570796,0.800000,0.000000,1.208569,6.524341,126.747528,174.161972,55.671818,101.629837,1.000000,1.000000,0.395504,0.636505,0.669094,,,,,,,,,
74016,,,,,,,,,,,,,,,,,,,,-0.759628,0.484461,-2.177310,,,,,,
74022,,,,,,,,,1.565646,3.262170,,,61.000385,102.392174,0.986703,1.000000,,,,-0.769340,0.476862,-2.111349,,,,,,
74029,,,,,,,,,,,,,,,,,,,,-0.777927,0.469052,-2.034038,,,,,,
74034,,,,,,,,,2.142463,1.304868,,,71.473816,107.934486,0.893023,1.000000,,,,,,,,,,,,
74043,,,,,,,,,2.554476,-0.652438,,,85.187042,115.865051,0.764203,1.000000,,,,-0.785836,0.461907,-1.941516,,,,,,
74051,,,,,,,,,,,,,,,,,,,,-0.793104,0.454433,-1.846190,,,,,,
74054,,,,,,,,,2.856618,3.914606,,,99.448067,127.438713,0.627053,0.898314,,,,,,,,,,,,
74063,-0.796163,0.446831,-1.862974,-0.500000,-0.260000,-1.570796,0.800000,0.000000,2.444606,4.567042,200.830353,227.688828,106.001862,133.364990,1.000000,1.000000,0.591569,0.487205,0.292177,,,,,,,,,
74066,,,,,,,,,,,,,,,,,,,,-0.800906,0.445762,-1.750807,,,,,,
74073,,,,,,,,,3.103825,4.567036,,,118.050743,144.885880,1.000000,1.000000,,,,-0.808622,0.436712,-1.662586,,,,,,
74081,,,,,,,,,,,,,,,,,,,,-0.816539,0.427205,-1.559149,,,,,,
74084,,,,,,,,,2.142463,1.304868,,,120.020523,143.688690,1.000000,1.000000,,,,,,,,,,,,
74094,,,,,,,,,3.460902,0.000000,,,135.291473,155.205872,1.000000,1.000000,,,,-0.823991,0.416949,-1.460372,,,,,,
74102,,,,,,,,,3.570772,-2.609739,,,150.318619,164.896423,0.934069,1.000000,,,,-0.831028,0.405927,-1.351484,,,,,,
74110,,,,,,,,,,,,,,,,,,,,-0.837797,0.394584,-1.240393,,,,,,
74113,-0.838784,0.384648,-1.303945,-0.500000,-0.300000,-1.570796,0.800000,0.000000,2.884085,-1.957303,263.911438,254.283981,155.883392,166.515533,1.000000,1.000000,0.749751,0.146255,-0.266851,,,,,,,,,
74124,,,,,,,,,2.609410,-1.957303,,,154.575623,162.976959,1.000000,1.000000,,,,-0.844203,0.383195,-1.130243,,,,,,
74132,,,,,,,,,3.515837,-2.609736,,,169.267014,173.068649,1.000000,1.000000,,,,-0.849793,0.371167,-1.011162,,,,,,
74139,,,,,,,,,,,,,,,,,,,,-0.855132,0.359148,-0.895875,,,,,,
74144,,,,,,,,,3.872915,-3.262168,,,182.172897,182.648880,1.000000,1.000000,,,,,,,,,,,,
74153,,,,,,,,,3.955317,-2.609739,,,193.576447,190.165146,1.000000,1.000000,,,,-0.860112,0.346298,-0.777764,,,,,,
74161,-0.857900,0.320949,-0.717100,-0.500000,-0.340000,-1.570796,0.800000,0.000000,,,,,,,,,,,,-0.864236,0.332670,-0.650735,,,,,,
74164,,,,,,,,,3.021423,-5.219477,253.256927,208.537064,195.003250,189.410263,1.000000,0.784665,0.704131,-0.262954,-0.853696,,,,,,,,,
74174,,,,,,,,,3.955317,-5.219471,,,205.460999,195.309616,1.000000,0.728317,,,,-0.867416,0.319520,-0.529222,,,,,,
74183,,,,,,,,,2.334736,-5.871910,,,196.290222,184.481583,1.000000,0.841408,,,,-0.870515,0.306417,-0.404054,,,,,,
74191,,,,,,,,,,,,,,,,,,,,-0.873177,0.293277,-0.274901,,,,,,
74194,,,,,,,,,3.405967,-11.743814,,,205.999313,185.717194,1.000000,0.833616,,,,,,,,,,,,
74204,,,,,,,,,3.680643,-10.438949,,,214.168533,187.845932,0.962525,0.816467,,,,-0.874950,0.280459,-0.144210,,,,,,
74213,-0.863894,0.271716,-0.236707,-0.500000,-0.380000,-1.570796,0.800000,0.000000,3.076358,-5.219469,185.679153,122.720116,212.873962,185.825241,0.294254,-0.034117,0.506576,-0.548209,-1.334090,,,,,,,,,
74216,,,,,,,,,,,,,,,,,,,,-0.876098,0.267350,-0.014053,,,,,,
74220,,,,,,,,,,,,,,,,,,,,-0.876811,0.254634,0.118876,,,,,,
74224,,,,,,,,,2.884085,-17.615721,,,215.051971,178.135056,0.266599,0.031702,,,,,,,,,,,,
74234,,,,,,,,,2.060061,-20.225460,,,209.805496,162.407303,0.314238,0.181042,,,,-0.877010,0.242533,0.252358,,,,,,
74243,,,,,,,,,1.290972,-9.786512,,,193.411163,145.362167,0.476635,0.346965,,,,-0.876344,0.230182,0.383915,,,,,,
74251,,,,,,,,,,,,,,,,,,,,-0.874879,0.218619,0.526199,,,,,,
74254,,,,,,,,,1.510711,-17.615721,,,185.062393,129.931305,0.560246,0.499831,,,,,,,,,,,,
74263,-0.868517,0.219718,0.387971,-0.500000,-0.420000,-1.570796,0.800000,0.000000,1.043764,-11.743814,41.583214,-23.661964,170.958679,114.769615,-0.765551,-0.840059,0.099115,-0.731588,-1.958768,,,,,,,,,
74266,,,,,,,,,,,,,,,,,,,,-0.873300,0.208084,0.671207,,,,,,
74273,,,,,,,,,0.933894,-15.658421,,,159.091812,99.289856,-0.670384,-0.709852,,,,-0.872089,0.197959,0.813743,,,,,,
74282,,,,,,,,,-0.631752,-9.786512,,,132.770737,73.740692,-0.425411,-0.473840,,,,-0.870879,0.188398,0.954632,,,,,,
74294,,,,,,,,,-1.071232,-4.567039,,,102.456047,48.976372,-0.134438,-0.240725,,,,-0.869418,0.180102,1.087957,,,,,,
74302,,,,,,,,,-0.961362,3.262171,,,75.315643,33.040565,0.130219,-0.092707,,,,-0.867761,0.172145,1.209932,,,,,,
74310,,,,,,,,,,,,,,,,,,,,-0.866833,0.164920,1.309270,,,,,,
74313,-0.870460,0.167480,1.245787,-0.500000,-0.460000,-1.570796,0.800000,0.000000,-0.576817,3.262172,-166.321167,-196.382263,56.291512,23.443981,-1.000000,-1.000000,-0.476335,-0.551431,-2.816583,,,,,,,,,
74324,,,,,,,,,-1.098699,1.304869,,,35.928261,9.379441,-1.000000,-1.000000,,,,-0.867005,0.158295,1.373349,,,,,,
74331,,,,,,,,,,,,,,,,,,,,-0.868202,0.151377,1.431779,,,,,,
74334,,,,,,,,,-1.812854,1.304869,,,11.715565,-9.533523,-1.000000,-1.000000,,,,,,,,,,,,
74344,,,,,,,,,-1.867789,-1.304868,,,-6.478821,-24.357800,-1.000000,-1.000000,,,,-0.869464,0.144615,1.480708,,,,,,
74353,,,,,,,,,-2.664345,-0.652433,,,-33.222984,-49.899982,-1.000000,-1.000000,,,,-0.870994,0.136702,1.527506,,,,,,
74361,-0.875837,0.119567,1.545656,-0.500000,-0.500000,-1.570796,0.800000,0.000000,,,,,,,,,,,,-0.872574,0.126795,1.576043,,,,,,
74364,,,,,,,,,-2.527008,-1.304871,-215.948181,-227.102173,-52.458260,-67.579376,-1.000000,-1.000000,-0.609924,-0.391293,-3.116453,,,,,,,,,
74374,,,,,,,,,-3.351032,-1.304871,,,-76.810966,-90.622955,-1.000000,-1.000000,,,,-0.873820,0.117951,1.618111,,,,,,
74382,,,,,,,,,-3.378500,-3.262168,,,-96.756790,-111.100906,-0.987902,-0.954284,,,,-0.875147,0.107825,1.663457,,,,,,
74390,,,,,,,,,,,,,,,,,,,,-0.875881,0.097176,1.708272,,,,,,
74394,,,,,,,,,-3.515837,-1.304871,,,-115.717369,-128.875595,-0.818342,-0.796182,,,,,,,,,,,,
74404,,,,,,,,,-2.389671,-1.957300,,,-118.057220,-131.306732,-0.814522,-0.791030,,,,-0.876816,0.086005,1.752506,,,,,,
74413,-0.877241,0.078804,1.726923,-0.500000,-0.500000,-1.570796,0.800000,0.000000,-2.362203,-1.304865,-227.056030,-226.340302,-124.382317,-136.074997,-0.882884,-0.753782,-0.630422,-0.282652,2.985466,,,,,,,,,
74416,,,,,,,,,,,,,,,,,,,,-0.877939,0.074443,1.791443,,,,,,
74420,,,,,,,,,,,,,,,,,,,,-0.878500,0.062232,1.836540,,,,,,
74424,,,,,,,,,-2.993955,0.652435,,,-134.605148,-143.898819,-0.799146,-0.692032,,,,,,,,,,,,
74434,,,,,,,,,-3.076358,-2.609739,,,-142.662079,-151.026321,-0.735456,-0.635820,,,,,,,,,,,,
