ts,x,y,yaw,x_des,y_des,yaw_des,v_ff,w_ff,v_actual,w_actual,omega_l_cmd,omega_r_cmd,omega_l_meas,omega_r_meas,duty_l,duty_r,x_err,y_err,yaw_err,x_raw,y_raw,yaw_raw,acc_x,acc_y,acc_z,gyro_x,gyro_y,gyro_z
112268,,,,,,,,,-0.000000,0.000000,,,0.000000,0.000000,0.000000,0.000000,,,,,,,,,,,,
112275,,,,,,,,,,,,,,,,,,,,-0.527310,-0.533638,0.080273,,,,,,
112278,,,,,,,,,-0.000000,0.000000,,,0.000000,0.000000,0.000000,0.000000,,,,,,,,,,,,
112283,,,,,,,,,,,,,,,,,,,,-0.527312,-0.533636,0.080273,,,,,,
112288,,,,,,,,,-0.000000,0.000000,,,0.000000,0.000000,0.000000,0.000000,,,,-0.527308,-0.533634,0.080273,,,,,,
112298,,,,,,,,,-0.000000,0.000000,,,0.000000,0.000000,0.000000,0.000000,,,,,,,,,,,,
112304,,,,,,,,,,,,,,,,,,,,-0.527310,-0.533633,0.080268,,,,,,
112308,,,,,,,,,-0.000000,0.000000,,,0.000000,0.000000,0.000000,0.000000,,,,,,,,,,,,
112312,,,,,,,,,,,,,,,,,,,,-0.527324,-0.533621,0.080268,,,,,,
112318,-0.527324,-0.533621,0.080268,-0.420000,-0.500000,0.000000,0.800000,0.000000,-0.000000,0.000000,82.395607,78.973946,0.000000,0.000000,0.840435,0.805534,0.109674,0.024907,-0.080268,,,,,,,,,
112326,,,,,,,,,,,,,3.811802,3.267259,0.818034,0.788003,,,,-0.527314,-0.533633,0.080273,,,,,,
112329,,,,,,,,,0.384545,-1.304868,,,,,,,,,,,,,,,,,,
112336,,,,,,,,,,,,,13.553572,13.095393,0.734385,0.702897,,,,-0.527309,-0.533636,0.080273,,,,,,
112339,,,,,,,,,1.043764,1.304868,,,,,,,,,,-0.527401,-0.533662,0.080296,,,,,,
112348,,,,,,,,,1.730451,-0.652434,,,28.829357,27.899303,0.592340,0.565073,,,,,,,,,,,,
112355,,,,,,,,,,,,,,,,,,,,-0.527102,-0.533662,0.077529,,,,,,
112358,,,,,,,,,1.950191,-1.957302,,,44.405117,41.988937,0.444181,0.431574,,,,,,,,,,,,
112363,,,,,,,,,,,,,,,,,,,,-0.526077,-0.533603,0.071977,,,,,,
112368,-0.518061,-0.533290,0.064507,-0.380000,-0.500000,0.000000,0.800000,0.000000,1.483244,-1.304866,90.569702,87.927414,52.609669,50.032154,0.451468,0.448255,0.139920,0.024321,-0.064507,,,,,,,,,
112371,,,,,,,,,,,,,,,,,,,,-0.524758,-0.533430,0.071956,,,,,,
112378,,,,,,,,,1.593114,-1.304868,,,60.602062,57.344257,0.377538,0.381251,,,,,,,,,,,,
112385,,,,,,,,,,,,,,,,,,,,-0.522701,-0.533479,0.069204,,,,,,
112388,,,,,,,,,1.483244,-1.304866,,,65.693237,62.407574,0.331601,0.335722,,,,,,,,,,,,
112392,,,,,,,,,,,,,,,,,,,,-0.520475,-0.533240,0.066457,,,,,,
112398,,,,,,,,,1.181102,1.957302,,,66.709686,64.489677,0.326209,0.319588,,,,-0.517569,-0.532986,0.060836,,,,,,
112408,,,,,,,,,0.961362,-0.652434,,,65.931297,64.063385,0.338920,0.328624,,,,,,,,,,,,
112414,,,,,,,,,,,,,,,,,,,,-0.514278,-0.532848,0.060850,,,,,,
112418,-0.510567,-0.532682,0.058420,-0.340000,-0.500000,0.000000,0.800000,0.000000,0.906427,3.262171,99.529930,97.152809,63.098190,63.704700,0.464140,0.431154,0.172184,0.022667,-0.058420,,,,,,,,,
112428,,,,,,,,,1.016297,-1.957302,,,63.437130,62.858360,0.467969,0.446477,,,,,,,,,,,,
112438,,,,,,,,,0.906427,1.957303,,,62.088684,62.690792,0.488942,0.455045,,,,,,,,,,,,
112443,,,,,,,,,,,,,,,,,,,,-0.502298,-0.532146,0.047000,,,,,,
112448,,,,,,,,,1.126167,-0.652435,,,63.132275,63.638889,0.485785,0.452267,,,,,,,,,,,,
112451,,,,,,,,,,,,,,,,,,,,-0.497087,-0.531888,0.035802,,,,,,
112458,,,,,,,,,1.126167,0.652435,,,64.554893,65.525703,0.478554,0.439724,,,,,,,,,,,,
112465,,,,,,,,,,,,,,,,,,,,-0.491787,-0.531673,0.027510,,,,,,
112468,-0.488649,-0.531428,0.032841,-0.300000,-0.500000,0.000000,0.800000,0.000000,1.098699,-1.304869,103.803131,102.781281,65.751884,65.479637,0.516927,0.503930,0.189579,0.025217,-0.032841,,,,,,,,,
112473,,,,,,,,,,,,,,,,,,,,-0.486035,-0.531572,0.016336,,,,,,
112478,,,,,,,,,1.538179,-1.304869,,,70.570839,69.797226,0.475383,0.467351,,,,-0.479620,-0.531046,0.010843,,,,,,
112488,,,,,,,,,1.345907,1.957305,,,72.447334,72.340958,0.462890,0.448001,,,,,,,,,,,,
112496,,,,,,,,,,,,,72.392586,72.303078,0.469719,0.454476,,,,-0.472938,-0.530806,-0.000123,,,,,,
112499,,,,,,,,,1.126167,-0.652435,,,,,,,,,,,,,,,,,,
112502,,,,,,,,,,,,,,,,,,,,-0.465449,-0.530652,-0.011226,,,,,,
112508,,,,,,,,,1.373374,0.000000,,,74.524689,74.449379,0.454254,0.438679,,,,-0.457820,-0.530545,-0.022283,,,,,,
112518,-0.454647,-0.530455,-0.017657,-0.260000,-0.500000,0.000000,0.800000,0.000000,1.126167,0.652435,103.702927,105.450867,73.595924,74.077103,0.468561,0.475372,0.194079,0.033887,0.017657,,,,,,,,,
112525,,,,,,,,,,,,,,,,,,,,-0.449516,-0.530329,-0.033297,,,,,,
112528,,,,,,,,,1.565646,1.957302,,,76.626266,78.120216,0.443673,0.440407,,,,,,,,,,,,
112533,,,,,,,,,,,,,,,,,,,,-0.440812,-0.530183,-0.052669,,,,,,
112538,,,,,,,,,1.263504,0.000000,,,76.453278,78.799377,0.450853,0.438946,,,,,,,,,,,,
112541,,,,,,,,,,,,,,,,,,,,-0.431758,-0.530318,-0.069283,,,,,,
112548,,,,,,,,,1.290972,1.957303,,,76.852272,79.915367,0.452233,0.432893,,,,,,,,,,,,
112556,,,,,,,,,,,,,74.465271,78.131645,0.481950,0.456194,,,,-0.422470,-0.530610,-0.085957,,,,,,
112559,,,,,,,,,1.071232,1.957303,,,,,,,,,,,,,,,,,,
112568,-0.420676,-0.530515,-0.072014,-0.220000,-0.500000,0.000000,0.800000,0.000000,1.071232,-0.652434,103.162399,107.930923,73.545937,76.630821,0.491662,0.502263,0.197960,0.044875,0.072014,,,,,,,,,
112571,,,,,,,,,,,,,,,,,,,,-0.402448,-0.531570,-0.124763,,,,,,
112578,,,,,,,,,1.620581,1.957303,,,77.128754,80.813461,0.461040,0.465860,,,,,,,,,,,,
112584,,,,,,,,,,,,,,,,,,,,-0.391700,-0.532576,-0.144211,,,,,,
112588,,,,,,,,,1.400841,-0.652435,,,79.054245,82.154556,0.446607,0.457605,,,,,,,,,,,,
112592,,,,,,,,,,,,,,,,,,,,-0.380887,-0.533599,-0.163728,,,,,,
112598,,,,,,,,,1.455776,3.262171,,,79.585266,84.372040,0.446012,0.440142,,,,,,,,,,,,
112605,,,,,,,,,,,,,,,,,,,,-0.369540,-0.534725,-0.183120,,,,,,
112608,,,,,,,,,1.428309,1.304868,,,80.576614,85.693291,0.440616,0.431377,,,,,,,,,,,,
112616,-0.356928,-0.536187,-0.188661,-0.180000,-0.500000,0.000000,0.800000,0.000000,,,90.476852,101.687622,,,,,0.167002,0.068727,0.188661,-0.357622,-0.536348,-0.205313,,,,,,
112619,,,,,,,,,0.878959,-1.304869,,,77.054390,80.815018,0.351667,0.421901,,,,,,,,,,,,
112628,,,,,,,,,1.593114,0.000000,,,80.625305,83.789497,0.317928,0.395736,,,,,,,,,,,,
112635,,,,,,,,,,,,,,,,,,,,-0.333189,-0.540403,-0.244368,,,,,,
112638,,,,,,,,,1.373374,1.304869,,,80.907158,84.114052,0.317024,0.396005,,,,,,,,,,,,
112643,,,,,,,,,,,,,,,,,,,,-0.320956,-0.543090,-0.255464,,,,,,
112648,,,,,,,,,1.345907,-0.652434,,,81.144310,84.387131,0.316519,0.396734,,,,,,,,,,,,
112651,,,,,,,,,,,,,,,,,,,,-0.308667,-0.546039,-0.261022,,,,,,
112658,,,,,,,,,1.098699,0.000000,,,79.710220,81.894188,0.333013,0.425622,,,,,,,,,,,,
112665,,,,,,,,,,,,,,,,,,,,-0.295799,-0.549141,-0.269356,,,,,,
112668,-0.296406,-0.548947,-0.262587,-0.140000,-0.500000,0.000000,0.800000,0.000000,1.126167,0.652435,79.527237,94.860802,77.959030,80.341164,0.241342,0.375788,0.138339,0.087869,0.262587,,,,,,,,,
112678,,,,,,,,,1.620581,3.262171,,,80.297386,84.479881,0.217805,0.336477,,,,-0.269868,-0.555879,-0.260993,,,,,,
112688,,,,,,,,,1.236037,1.957302,,,78.453072,84.694939,0.236463,0.336360,,,,,,,,,,,,
112694,,,,,,,,,,,,,,,,,,,,-0.256747,-0.559702,-0.249739,,,,,,
112698,,,,,,,,,1.263504,3.914606,,,77.445808,84.875893,0.246952,0.336547,,,,,,,,,,,,
112702,,,,,,,,,,,,,,,,,,,,-0.243855,-0.563403,-0.235756,,,,,,
112708,,,,,,,,,1.345907,1.957305,,,77.142845,85.572693,0.250458,0.331437,,,,-0.230426,-0.566911,-0.210669,,,,,,
112718,-0.230448,-0.566621,-0.206828,-0.100000,-0.500000,0.000000,0.800000,0.000000,0.878959,0.000000,74.644043,87.342316,74.165215,81.258087,0.231498,0.300615,0.113987,0.091990,0.206828,,,,,,,,,
112724,,,,,,,,,,,,,,,,,,,,-0.217819,-0.570418,-0.182843,,,,,,
112728,,,,,,,,,1.428309,3.914606,,,74.927094,84.162300,0.223823,0.272209,,,,,,,,,,,,
112731,,,,,,,,,,,,,,,,,,,,-0.204558,-0.573811,-0.146636,,,,,,
112738,,,,,,,,,1.290972,3.262171,,,73.934509,83.883186,0.233891,0.275692,,,,,,,,,,,,
112745,,,,,,,,,,,,,,,,,,,,-0.191685,-0.576596,-0.110367,,,,,,
112748,,,,,,,,,1.153634,3.914605,,,72.554810,84.192879,0.248105,0.273225,,,,,,,,,,,,
112753,,,,,,,,,,,,,,,,,,,,-0.179059,-0.578912,-0.077213,,,,,,
112758,,,,,,,,,1.208569,1.304866,,,71.938469,83.908913,0.254810,0.276751,,,,-0.165792,-0.580809,-0.043955,,,,,,
112768,-0.166217,-0.580461,-0.052161,-0.060000,-0.500000,0.000000,0.800000,0.000000,0.961362,3.262171,76.183235,80.986771,69.241707,81.491814,0.298558,0.237266,0.101877,0.085889,0.052161,,,,,,,,,
112777,,,,,,,,,1.318439,0.000000,,,71.329002,81.091698,0.278656,0.241246,,,,-0.153127,-0.582282,-0.010804,,,,,,
112782,,,,,,,,,,,,,,,,,,,,-0.140142,-0.583134,0.016797,,,,,,
112788,,,,,,,,,1.208569,1.304866,,,70.907074,80.755035,0.283930,0.244659,,,,,,,,,,,,
112791,,,,,,,,,,,,,,,,,,,,-0.127052,-0.583760,0.047443,,,,,,
112798,,,,,,,,,1.153634,1.304868,,,70.552063,79.927223,0.288607,0.253149,,,,,,,,,,,,
112805,,,,,,,,,,,,,,,,,,,,-0.114377,-0.583684,0.072184,,,,,,
112808,,,,,,,,,1.126167,0.652435,,,70.797905,79.230705,0.287225,0.260465,,,,,,,,,,,,
112813,,,,,,,,,,,,,,,,,,,,-0.102255,-0.583832,0.088885,,,,,,
112818,-0.102899,-0.583679,0.079781,-0.020000,-0.500000,0.000000,0.800000,0.000000,0.961362,0.652434,76.000694,73.914558,68.826584,76.466484,0.306548,0.216875,0.089304,0.076806,-0.079781,,,,,,,,,
112821,,,,,,,,,,,,,,,,,,,,-0.090621,-0.583507,0.105696,,,,,,
112828,,,,,,,,,1.400841,0.652435,,,70.979713,78.497017,0.286021,0.195653,,,,,,,,,,,,
112836,,,,,,,,,,,,,70.068642,75.849159,0.296318,0.221745,,,,-0.079089,-0.582898,0.111358,,,,,,
112839,,,,,,,,,1.016297,0.652434,,,,,,,,,,,,,,,,,,
112842,,,,,,,,,,,,,,,,,,,,-0.067783,-0.582101,0.119602,,,,,,
112848,,,,,,,,,1.153634,-2.609736,,,70.935699,74.710335,0.288660,0.232974,,,,-0.056829,-0.581073,0.119518,,,,,,
112858,,,,,,,,,1.153634,0.000000,,,71.120697,73.752129,0.287786,0.242588,,,,,,,,,,,,
112864,,,,,,,,,,,,,,,,,,,,-0.045518,-0.579938,0.111276,,,,,,
112868,-0.045509,-0.579855,0.108629,0.020000,-0.500000,0.000000,0.800000,0.000000,0.906427,-0.652435,72.281662,68.630356,69.642723,71.312263,0.265903,0.213609,0.073780,0.072282,-0.108629,,,,,,,,,
112878,,,,,,,,,1.263504,0.000000,,,71.121872,71.982079,0.251344,0.206240,,,,,,,,,,,,
112888,,,,,,,,,1.071232,-1.957303,,,71.277344,70.912033,0.249990,0.216484,,,,,,,,,,,,
112894,,,,,,,,,,,,,,,,,,,,-0.012311,-0.576803,0.069394,,,,,,
112898,,,,,,,,,1.098699,-1.304869,,,71.408157,69.467155,0.248857,0.230766,,,,,,,,,,,,
112901,,,,,,,,,,,,,,,,,,,,-0.001291,-0.575857,0.049950,,,,,,
112908,,,,,,,,,1.071232,-3.262170,,,71.518219,68.251434,0.247909,0.242999,,,,,,,,,,,,
112915,,,,,,,,,,,,,,,,,,,,0.009320,-0.575299,0.027761,,,,,,
112918,0.009211,-0.575530,0.020869,0.060000,-0.500000,0.000000,0.800000,0.000000,0.878959,0.000000,64.300293,65.126801,69.432655,66.139442,0.187924,0.228881,0.052354,0.074454,-0.020869,,,,,,,,,
112923,,,,,,,,,,,,,,,,,,,,0.020306,-0.574939,0.008357,,,,,,
112928,,,,,,,,,1.290972,-1.957303,,,71.489662,67.085129,0.165916,0.219032,,,,,,,,,,,,
112931,,,,,,,,,,,,,,,,,,,,0.031136,-0.574747,-0.011002,,,,,,
112938,,,,,,,,,1.016297,-0.652434,,,70.497711,66.247200,0.174596,0.227187,,,,,,,,,,,,
112945,,,,,,,,,,,,,,,,,,,,0.041628,-0.574684,-0.024848,,,,,,
112948,,,,,,,,,0.933894,0.000000,,,69.118546,65.542160,0.187424,0.234155,,,,,,,,,,,,
112953,,,,,,,,,,,,,,,,,,,,0.052397,-0.574960,-0.033136,,,,,,
112958,,,,,,,,,1.043764,0.000000,,,67.958115,64.948944,0.198297,0.240122,,,,,,,,,,,,
112961,,,,,,,,,,,,,,,,,,,,0.062822,-0.575297,-0.038653,,,,,,
112968,0.062702,-0.575245,-0.033660,0.100000,-0.500000,0.000000,0.800000,0.000000,0.741622,0.652433,57.927868,61.559399,64.803551,62.816181,0.164743,0.225525,0.034745,0.076458,0.033660,,,,,,,,,
112975,,,,,,,,,,,,,,,,,,,,0.073514,-0.575882,-0.044173,,,,,,
112978,,,,,,,,,1.126167,0.652435,,,65.416565,64.288933,0.157115,0.210251,,,,,,,,,,,,
112983,,,,,,,,,,,,,,,,,,,,0.083765,-0.576410,-0.044202,,,,,,
112988,,,,,,,,,0.933894,1.304869,,,63.754181,63.894478,0.172574,0.213729,,,,,,,,,,,,
112995,,,,,,,,,,,,,,,,,,,,0.094143,-0.577039,-0.032955,,,,,,
112998,,,,,,,,,0.961362,0.652434,,,62.355450,63.018040,0.185676,0.222201,,,,,,,,,,,,
113004,,,,,,,,,,,,,,,,,,,,0.104576,-0.577466,-0.021834,,,,,,
113008,,,,,,,,,0.878959,1.304869,,,61.178558,62.825150,0.196795,0.223877,,,,,,,,,,,,
113012,,,,,,,,,,,,,,,,,,,,0.114979,-0.577981,-0.008119,,,,,,
113018,0.114280,-0.577766,-0.004795,0.140000,-0.500000,0.000000,0.800000,0.000000,0.714154,1.304868,56.023338,58.233032,58.010151,60.484676,0.209036,0.213568,0.025347,0.077889,0.004795,,,,,,,,,
113026,,,,,,,,,,,,,58.611511,62.327206,0.202505,0.194324,,,,0.125218,-0.578342,0.005684,,,,,,
113029,,,,,,,,,1.098699,1.304869,,,,,,,,,,,,,,,,,,
113036,,,,,,,,,,,,,58.028408,61.699337,0.207935,0.199909,,,,0.135350,-0.578545,0.016821,,,,,,
113039,,,,,,,,,0.933894,1.304869,,,,,,,,,,0.144286,-0.578565,0.030686,,,,,,
113048,,,,,,,,,0.878959,1.304869,,,57.537785,61.171047,0.212538,0.204604,,,,,,,,,,,,
113055,,,,,,,,,,,,,,,,,,,,0.152969,-0.578620,0.044526,,,,,,
113058,,,,,,,,,0.878959,0.000000,,,57.124977,60.726547,0.216446,0.208551,,,,,,,,,,,,
113063,,,,,,,,,,,,,,,,,,,,0.161575,-0.578433,0.052939,,,,,,
113068,0.161294,-0.578378,0.048092,0.180000,-0.500000,0.000000,0.800000,0.000000,0.741622,0.652433,56.493736,56.019897,55.144009,58.718914,0.241229,0.205956,0.022452,0.077388,-0.048092,,,,,,,,,
113071,,,,,,,,,,,,,,,,,,,,0.169904,-0.578142,0.063970,,,,,,
113078,,,,,,,,,1.098699,0.000000,,,56.744484,60.296951,0.225175,0.189320,,,,,,,,,,,,
113084,,,,,,,,,,,,,,,,,,,,0.178406,-0.577889,0.069483,,,,,,
113088,,,,,,,,,0.851492,0.652435,,,56.457493,59.446537,0.228052,0.197139,,,,,,,,,,,,
113096,,,,,,,,,,,,,56.216019,58.730999,0.230522,0.203752,,,,0.186803,-0.577432,0.077640,,,,,,
113099,,,,,,,,,0.878959,0.000000,,,,,,,,,,,,,,,,,,
113106,,,,,,,,,,,,,56.012840,58.128944,0.232650,0.209351,,,,0.195178,-0.577056,0.077561,,,,,,
113109,,,,,,,,,0.906427,-0.652435,,,,,,,,,,,,,,,,,,
113113,,,,,,,,,,,,,,,,,,,,0.203326,-0.576523,0.077647,,,,,,
113118,0.203600,-0.576540,0.072430,0.220000,-0.500000,0.000000,0.800000,0.000000,0.714155,0.000000,56.906006,55.148376,54.752800,55.988747,0.249804,0.221869,0.021896,0.075152,-0.072430,,,,,,,,,
113128,,,,,,,,,1.043764,0.000000,,,56.415321,57.455246,0.233277,0.206743,,,,,,,,,,,,
113135,,,,,,,,,,,,,,,,,,,,0.219349,-0.575101,0.071971,,,,,,
113138,,,,,,,,,0.906427,-0.652435,,,56.180534,57.055527,0.235770,0.210359,,,,,,,,,,,,
113143,,,,,,,,,,,,,,,,,,,,0.226985,-0.574656,0.069236,,,,,,
113148,,,,,,,,,0.824024,0.000000,,,55.982986,56.174660,0.237930,0.218962,,,,0.234680,-0.574171,0.063728,,,,,,
113158,,,,,,,,,0.878959,0.000000,,,55.816769,55.433498,0.239810,0.226317,,,,,,,,,,,,
113164,,,,,,,,,,,,,,,,,,,,0.243520,-0.573589,0.052643,,,,,,
113168,0.243849,-0.573575,0.054304,0.260000,-0.500000,0.000000,0.800000,0.000000,0.686687,-0.652435,56.039558,55.131115,54.043285,53.720802,0.249279,0.243553,0.020121,0.072590,-0.054304,,,,,,,,,
113178,,,,,,,,,1.043764,-1.304868,,,55.818333,54.457912,0.231573,0.236317,,,,,,,,,,,,
113186,,,,,,,,,,,,,55.678230,54.533573,0.233046,0.235680,,,,0.261244,-0.572864,0.033217,,,,,,
113189,,,,,,,,,0.851492,-0.652435,,,,,,,,,,,,,,,,,,
113193,,,,,,,,,,,,,,,,,,,,0.270133,-0.572645,0.033229,,,,,,
113198,,,,,,,,,0.878959,0.000000,,,55.560349,54.052689,0.234321,0.240704,,,,,,,,,,,,
113201,,,,,,,,,,,,,,,,,,,,0.278791,-0.572385,0.027677,,,,,,
113208,,,,,,,,,0.824024,0.000000,,,55.461163,54.192616,0.235429,0.239493,,,,,,,,,,,,
113216,0.287148,-0.572063,0.024838,0.300000,-0.500000,0.000000,0.800000,0.000000,,,53.822845,54.379845,,,,,,,,0.287346,-0.572120,0.022141,,,,,,
113219,,,,,,,,,0.741622,-0.652433,,,54.288620,52.676723,0.224894,0.247479,0.014637,0.071722,-0.024838,,,,,,,,,
113223,,,,,,,,,,,,,,,,,,,,0.295785,-0.571952,0.022111,,,,,,
113228,,,,,,,,,1.016297,-0.652434,,,56.024757,54.123966,0.207092,0.233058,,,,0.304173,-0.571714,0.016607,,,,,,
113238,,,,,,,,,0.878959,0.000000,,,55.851913,54.252590,0.208415,0.231797,,,,,,,,,,,,
113244,,,,,,,,,,,,,,,,,,,,0.312829,-0.571480,0.016644,,,,,,
113248,,,,,,,,,0.851492,0.652435,,,55.161942,54.360813,0.215046,0.230719,,,,,,,,,,,,
113256,,,,,,,,,,,,,54.581398,54.451874,0.220700,0.229794,,,,0.321518,-0.571358,0.013880,,,,,,
113259,,,,,,,,,0.906427,0.652435,,,,,,,,,,,,,,,,,,
113266,0.330568,-0.571241,0.017562,0.340000,-0.500000,0.000000,0.800000,0.000000,,,,,,,,,,,,0.330397,-0.571322,0.013910,,,,,,
113269,,,,,,,,,0.659220,0.000000,52.542416,53.450314,53.003841,52.894863,0.223579,0.236180,0.010681,0.071064,-0.017562,,,,,,,,,
113274,,,,,,,,,,,,,,,,,,,,0.339488,-0.571293,0.016639,,,,,,
113278,,,,,,,,,1.016297,0.652434,,,54.399204,54.852051,0.209254,0.216328,,,,,,,,,,,,
113281,,,,,,,,,,,,,,,,,,,,0.348661,-0.571345,0.022144,,,,,,
113288,,,,,,,,,0.878959,0.000000,,,53.939632,54.865200,0.213570,0.215913,,,,,,,,,,,,
113296,,,,,,,,,,,,,53.552948,54.331718,0.217235,0.221072,,,,0.357540,-0.571448,0.027669,,,,,,
113299,,,,,,,,,0.796557,0.652434,,,,,,,,,,,,,,,,,,
113303,,,,,,,,,,,,,,,,,,,,0.366693,-0.571438,0.033212,,,,,,
113308,,,,,,,,,0.851492,0.652435,,,53.227592,54.427391,0.220352,0.219920,,,,,,,,,,,,
113316,0.375317,-0.571381,0.037167,0.380000,-0.500000,0.000000,0.800000,0.000000,,,52.067558,51.987747,,,,,,,,0.375518,-0.571521,0.035980,,,,,,
113319,,,,,,,,,0.741622,0.652433,,,51.864750,53.418804,0.229272,0.215094,0.007332,0.071158,-0.037167,,,,,,,,,
113325,,,,,,,,,,,,,,,,,,,,0.384286,-0.571349,0.041524,,,,,,
113328,,,,,,,,,1.016297,0.652434,,,53.440773,55.292896,0.213237,0.195692,,,,,,,,,,,,
113333,,,,,,,,,,,,,,,,,,,,0.393141,-0.571069,0.044284,,,,,,
113338,,,,,,,,,0.824024,0.000000,,,53.133205,54.691582,0.216100,0.201164,,,,0.402389,-0.570818,0.049863,,,,,,
113348,,,,,,,,,0.851492,-0.652435,,,53.418964,54.185638,0.212972,0.205784,,,,,,,,,,,,
113354,,,,,,,,,,,,,,,,,,,,0.411248,-0.570652,0.052618,,,,,,
113358,,,,,,,,,0.878959,0.000000,,,53.114857,53.759937,0.215804,0.209686,,,,,,,,,,,,
113362,,,,,,,,,,,,,,,,,,,,0.419883,-0.570445,0.055429,,,,,,
113368,0.419828,-0.570381,0.053894,0.420000,-0.500000,0.000000,0.800000,0.000000,0.659220,0.000000,51.515076,50.568665,51.769897,52.312668,0.223677,0.209619,0.003963,0.070270,-0.053894,,,,,,,,,
113376,,,,,,,,,,,,,53.360962,54.362194,0.207398,0.188366,,,,0.428841,-0.570069,0.061028,,,,,,
113379,,,,,,,,,1.016297,0.652434,,,,,,,,,,,,,,,,,,
113384,,,,,,,,,,,,,,,,,,,,0.437607,-0.569705,0.058259,,,,,,
113388,,,,,,,,,0.851492,-0.652435,,,53.066055,53.908489,0.210036,0.192235,,,,,,,,,,,,
113391,,,,,,,,,,,,,,,,,,,,0.445992,-0.569244,0.058215,,,,,,
113398,,,,,,,,,0.824024,1.304869,,,52.817921,53.526745,0.212257,0.195460,,,,,,,,,,,,
113406,,,,,,,,,,,,,53.153683,53.205544,0.208572,0.198145,,,,0.454460,-0.568836,0.055399,,,,,,
113409,,,,,,,,,0.851492,-0.652435,,,,,,,,,,,,,,,,,,
113416,0.462651,-0.568476,0.052535,0.460000,-0.500000,0.000000,0.800000,0.000000,,,50.658707,49.736691,,,,,,,,0.462677,-0.568459,0.055399,,,,,,
113419,,,,,,,,,0.686687,-0.652435,,,51.802563,51.846199,0.213291,0.202997,0.000948,0.068521,-0.052535,,,,,,,,,
113428,,,,,,,,,0.988829,0.000000,,,53.388447,53.425163,0.196886,0.186470,,,,,,,,,,,,
113435,,,,,,,,,,,,,,,,,,,,0.478921,-0.567771,0.047068,,,,,,
113438,,,,,,,,,0.851492,-0.652435,,,53.089180,53.120071,0.199392,0.188844,,,,,,,,,,,,
113443,,,,,,,,,,,,,,,,,,,,0.486936,-0.567297,0.041512,,,,,,
113448,,,,,,,,,0.796557,0.652434,,,52.837376,52.318825,0.201475,0.196340,,,,,,,,,,,,
113451,,,,,,,,,,,,,,,,,,,,0.495051,-0.566912,0.036002,,,,,,
113458,,,,,,,,,0.824024,-1.304869,,,52.625507,52.189201,0.203200,0.197146,,,,,,,,,,,,
113465,,,,,,,,,,,,,,,,,,,,0.503419,-0.566818,0.033212,,,,,,
113468,0.503455,-0.566876,0.029361,0.500000,-0.500000,0.785398,0.800000,5.000000,0.659220,0.000000,4.627675,67.290222,51.358158,50.446507,-0.253783,0.393477,-0.001490,0.066948,0.756037,,,,,,,,,
113478,,,,,,,,,0.851492,4.567039,,,49.747265,52.247463,-0.246698,0.378476,,,,0.520066,-0.566803,0.024908,,,,,,
113488,,,,,,,,,0.521882,11.091381,,,42.401886,53.762787,-0.180799,0.366028,,,,,,,,,,,,
113494,,,,,,,,,,,,,,,,,,,,0.528495,-0.566752,0.027738,,,,,,
113498,,,,,,,,,0.521882,12.396250,,,35.676941,55.582321,-0.119759,0.350174,,,,,,,,,,,,
113502,,,,,,,,,,,,,,,,,,,,0.536693,-0.566860,0.052669,,,,,,
113508,,,,,,,,,0.494415,11.743815,,,30.018574,57.113277,-0.068254,0.336900,,,,,,,,,,,,
113516,0.543475,-0.566223,0.143102,0.500000,-0.460000,1.570796,0.565685,20.000000,,,-74.097816,68.498688,,,,,,,,0.544965,-0.566795,0.099752,,,,,,
113519,,,,,,,,,0.466947,11.091381,,,25.257624,57.312340,-0.827770,0.349231,-0.027882,0.111337,1.427694,,,,,,,,,
113524,,,,,,,,,,,,,,,,,,,,0.553037,-0.566594,0.177455,,,,,,
113528,,,,,,,,,0.576817,20.225460,,,18.529045,61.836174,-0.779010,0.305325,,,,,,,,,,,,
113538,,,,,,,,,0.027467,4.567039,,,13.956707,54.751663,-0.750897,0.378920,,,,0.561086,-0.565905,0.272220,,,,,,
113546,,,,,,,,,,,,,-7.315842,61.315250,-0.551528,0.314721,,,,0.569181,-0.564826,0.392768,,,,,,
113549,,,,,,,,,-0.219740,41.755787,,,,,,,,,,,,,,,,,,
113553,,,,,,,,,,,,,,,,,,,,0.576678,-0.563285,0.517694,,,,,,
113558,,,,,,,,,-0.274675,37.841183,,,-24.670019,64.659683,-0.387872,0.282044,,,,,,,,,,,,
113561,,,,,,,,,,,,,,,,,,,,0.583078,-0.561646,0.665637,,,,,,
113568,0.579114,-0.562997,0.780598,0.500000,-0.420000,1.570796,0.800000,5.000000,-0.164805,27.402233,14.588120,80.767357,-34.370930,64.206429,0.605788,0.412576,0.044418,0.157271,0.790198,,,,,,,,,
113577,,,,,,,,,0.137337,26.749800,,,-38.721474,66.003227,0.659955,0.397560,,,,0.588282,-0.560752,0.813794,,,,,,
113583,,,,,,,,,,,,,,,,,,,,0.593872,-0.559280,0.979890,,,,,,
113588,,,,,,,,,0.933894,9.134079,,,-27.679352,68.604141,0.557988,0.373984,,,,0.598464,-0.558109,1.163169,,,,,,
113598,,,,,,,,,1.153634,3.914605,,,-12.943082,70.792549,0.416131,0.354095,,,,,,,,,,,,
113604,,,,,,,,,,,,,,,,,,,,0.602674,-0.556659,1.355009,,,,,,
113608,,,,,,,,,1.208569,1.304866,,,0.000557,72.089333,0.289612,0.342863,,,,,,,,,,,,
113612,,,,,,,,,,,,,,,,,,,,0.606556,-0.555923,1.532126,,,,,,
113618,0.607546,-0.552652,1.474462,0.500000,-0.380000,1.570796,0.800000,0.000000,0.878959,1.304869,91.200523,99.183334,8.713161,70.457733,0.985108,0.549083,0.161507,0.123654,0.096334,0.610940,-0.555226,1.703479,,,,,,
113628,,,,,,,,,1.702984,0.000000,,,24.212093,75.074883,0.843516,0.507734,,,,,,,,,,,,
113636,,,,,,,,,,,,,36.708347,75.692490,0.729452,0.506256,,,,0.615192,-0.553217,1.870330,,,,,,
113639,,,,,,,,,1.455776,-4.567039,,,,,,,,,,0.618633,-0.548432,2.014677,,,,,,
113648,,,,,,,,,1.977659,-13.048679,,,55.390846,78.934860,0.549789,0.477882,,,,,,,,,,,,
113656,,,,,,,,,,,,,68.932121,80.029358,0.418830,0.470767,,,,0.622280,-0.544486,2.174553,,,,,,
113659,,,,,,,,,1.812854,-9.134077,,,,,,,,,,,,,,,,,,
113663,,,,,,,,,,,,,,,,,,,,0.625267,-0.540450,2.336954,,,,,,
113668,0.625483,-0.534020,2.226117,0.500000,-0.340000,1.570796,0.800000,-0.000000,1.483244,-7.829209,120.045059,88.783913,75.969406,79.316643,0.645718,0.375794,0.230300,-0.018748,-0.655320,,,,,,,,,
113678,,,,,,,,,2.087528,-6.524342,,,86.246918,84.162399,0.549702,0.328261,,,,,,,,,,,,
113685,,,,,,,,,,,,,,,,,,,,0.628761,-0.532153,2.649657,,,,,,
113688,,,,,,,,,1.538179,-7.829211,,,92.171700,82.794182,0.496029,0.343141,,,,,,,,,,,,
113696,,,,,,,,,,,,,90.622292,79.464790,0.517408,0.378298,,,,0.630002,-0.527471,2.802515,,,,,,
113699,,,,,,,,,1.153634,-3.914605,,,,,,,,,,0.630276,-0.522784,2.955929,,,,,,
113708,,,,,,,,,1.510711,-11.091381,,,95.308594,77.752525,0.475492,0.397627,,,,,,,,,,,,
113715,,,,,,,,,,,,,,,,,,,,0.630131,-0.518409,3.108441,,,,,,
113718,0.626751,-0.514082,2.987764,0.500000,-0.300000,1.570796,0.800000,-0.000000,1.153634,-6.524343,79.502792,24.726070,94.895302,74.133652,0.071124,-0.216644,0.158056,-0.192133,-1.416968,,,,,,,,,
113728,,,,,,,,,1.263504,-10.438948,,,96.725731,70.544189,0.049375,-0.189913,,,,0.627741,-0.510104,-2.877921,,,,,,
113738,,,,,,,,,0.466947,-8.481643,,,89.553162,60.444958,0.119090,-0.096064,,,,,,,,,,,,
113744,,,,,,,,,,,,,,,,,,,,0.626002,-0.506690,-2.731888,,,,,,
113748,,,,,,,,,0.137337,-3.262171,,,78.072731,50.858379,0.234181,-0.005425,,,,,,,,,,,,
113756,,,,,,,,,,,,,66.779472,42.792233,0.349658,0.071623,,,,0.624301,-0.503635,-2.612196,,,,,,
113759,,,,,,,,,0.054935,-1.304868,,,,,,,,,,0.622555,-0.501425,-2.522558,,,,,,
113768,0.622675,-0.502460,-2.592894,0.500000,-0.260000,1.570796,0.800000,0.000000,0.164805,-2.609737,-7.235821,-57.181427,58.910957,36.549923,-0.452272,-0.703775,-0.021795,-0.270852,-2.119495,,,,,,,,,
113774,,,,,,,,,,,,,,,,,,,,0.621050,-0.499720,-2.463811,,,,,,
113778,,,,,,,,,-0.109870,-1.304868,,,49.023129,29.119471,-0.364646,-0.646730,,,,,,,,,,,,
113781,,,,,,,,,,,,,,,,,,,,0.619914,-0.498539,-2.431292,,,,,,
113788,,,,,,,,,-0.686687,-3.262170,,,36.347164,16.332970,-0.246603,-0.533568,,,,,,,,,,,,
113796,,,,,,,,,,,,,26.770697,3.940781,-0.157639,-0.421871,,,,0.619448,-0.497587,-2.416368,,,,,,
113799,,,,,,,,,-0.686687,-8.481645,,,,,,,,,,,,,,,,,,
113803,,,,,,,,,,,,,,,,,,,,0.619219,-0.496994,-2.412853,,,,,,
113808,,,,,,,,,-0.659220,-7.829210,,,19.257601,-7.030549,-0.087807,-0.322188,,,,,,,,,,,,
113811,,,,,,,,,,,,,,,,,,,,0.618719,-0.496676,-2.408838,,,,,,
113818,0.621604,-0.496090,-2.457124,0.500000,-0.220000,1.570796,0.800000,0.000000,-0.604285,-9.134079,-30.967915,-77.453842,14.025169,-15.717281,-0.281802,-0.450392,-0.080348,-0.290788,-2.255265,,,,,,,,,
113825,,,,,,,,,,,,,,,,,,,,0.619361,-0.495629,-2.420446,,,,,,
113828,,,,,,,,,-0.933894,-13.048682,,,7.988973,-27.382645,-0.229232,-0.343753,,,,,,,,,,,,
113833,,,,,,,,,,,,,,,,,,,,0.621667,-0.492998,-2.418846,,,,,,
113838,,,,,,,,,-0.494415,-6.524341,,,4.543748,-31.207901,-0.201882,-0.314749,,,,0.623489,-0.490988,-2.424422,,,,,,
113848,,,,,,,,,-0.466947,-3.262170,,,0.555850,-32.248299,-0.168308,-0.313386,,,,,,,,,,,,
113856,,,,,,,,,,,,,-2.799567,-34.212776,-0.140387,-0.302390,,,,0.625568,-0.488964,-2.445511,,,,,,
113859,,,,,,,,,-0.549350,-5.219473,,,,,,,,,,,,,,,,,,
113862,,,,,,,,,,,,,,,,,,,,0.627960,-0.487058,-2.491857,,,,,,
113868,0.629365,-0.486569,-2.510836,0.500000,-0.180000,1.570796,0.800000,0.000000,-0.384545,-5.219473,-26.464884,-75.444939,-3.989185,-35.321144,-0.087956,-0.279242,-0.076328,-0.323873,-2.201553,0.630676,-0.484852,-2.530162,,,,,,
113878,,,,,,,,,-0.466947,-5.871908,,,-5.534673,-36.798267,-0.076687,-0.272200,,,,,,,,,,,,
113884,,,,,,,,,,,,,,,,,,,,0.633939,-0.482306,-2.576395,,,,,,
113888,,,,,,,,,-0.439480,-6.524342,,,-6.290503,-38.041119,-0.073164,-0.267252,,,,,,,,,,,,
113892,,,,,,,,,,,,,,,,,,,,0.638175,-0.479467,-2.622850,,,,,,
113898,,,,,,,,,-0.412012,-7.176776,,,-6.381915,-39.086853,-0.076266,-0.264066,,,,,,,,,,,,
113906,,,,,,,,,,,,,-7.003372,-39.966736,-0.073944,-0.262363,,,,0.642502,-0.477031,-2.680174,,,,,,
113909,,,,,,,,,-0.439480,-6.524342,,,,,,,,,,,,,,,,,,
113916,0.647058,-0.475181,-2.748044,0.500000,-0.140000,1.570796,0.800000,-0.000000,,,,,,,,,,,,0.646889,-0.475058,-2.739894,,,,,,
113919,,,,,,,,,-0.357077,-5.871907,10.826518,-45.075333,-6.981722,-39.617981,0.302315,0.036754,0.007285,-0.365950,-1.964345,,,,,,,,,
113928,,,,,,,,,-0.357077,-9.786511,,,-5.329877,-40.958168,0.289028,0.049332,,,,,,,,,,,,
113936,,,,,,,,,,,,,-2.850928,-38.818542,0.266974,0.026685,,,,0.656210,-0.471918,-2.886158,,,,,,
113939,,,,,,,,,-0.137337,-7.176776,,,,,,,,,,,,,,,,,,
113943,,,,,,,,,,,,,,,,,,,,0.661057,-0.470835,-2.969816,,,,,,
113948,,,,,,,,,-0.109870,-6.524341,,,-0.765141,-36.473717,0.248435,0.001516,,,,,,,,,,,,
113951,,,,,,,,,,,,,,,,,,,,0.666261,-0.470033,-3.047509,,,,,,
113958,,,,,,,,,0.000000,-7.829210,,,2.623470,-33.956238,0.216189,-0.025883,,,,,,,,,,,,
113965,,,,,,,,,,,,,,,,,,,,0.672155,-0.469661,-3.110798,,,,,,
113968,0.670049,-0.470125,-3.113207,0.500000,-0.100000,1.570796,0.800000,-0.000000,0.137337,-5.871907,73.416962,13.449821,6.019190,-29.659861,0.821616,0.525027,0.159475,-0.374802,-1.599182,,,,,,,,,
113973,,,,,,,,,,,,,,,,,,,,0.674839,-0.469581,3.108551,,,,,,
113978,,,,,,,,,0.576817,-8.481646,,,13.777237,-23.322172,0.755963,0.469005,,,,0.676483,-0.469417,3.047536,,,,,,
113988,,,,,,,,,0.878959,-10.438948,,,25.205746,-15.266927,0.651321,0.394195,,,,,,,,,,,,
113995,,,,,,,,,,,,,,,,,,,,0.678559,-0.468528,2.981020,,,,,,
113998,,,,,,,,,1.043764,-13.048684,,,36.999863,-7.944701,0.540663,0.325252,,,,,,,,,,,,
114003,,,,,,,,,,,,,,,,,,,,0.680071,-0.467953,2.922642,,,,,,
114008,,,,,,,,,1.373374,-14.353553,,,50.190689,1.483478,0.413400,0.233364,,,,,,,,,,,,
114011,,,,,,,,,,,,,,,,,,,,0.680986,-0.467361,2.875276,,,,,,
114018,0.674557,-0.465899,2.839742,0.500000,-0.060000,1.570796,0.800000,0.000000,0.851492,-4.567039,124.034218,67.319717,53.121304,7.782716,0.904449,0.720978,0.287334,-0.335653,-1.268946,,,,,,,,,
114025,,,,,,,,,,,,,,,,,,,,0.681509,-0.466658,2.827763,,,,,,
114028,,,,,,,,,1.565646,-12.396250,,,65.388901,16.350155,0.793502,0.645497,,,,,,,,,,,,
114033,,,,,,,,,,,,,,,,,,,,0.681358,-0.465572,2.777196,,,,,,
114038,,,,,,,,,1.812854,-14.353551,,,77.889030,26.281511,0.677730,0.554391,,,,0.680675,-0.464297,2.734880,,,,,,
114048,,,,,,,,,1.867789,-7.829210,,,88.406639,37.360470,0.579679,0.449593,,,,,,,,,,,,
114055,,,,,,,,,,,,,,,,,,,,0.679709,-0.462696,2.700895,,,,,,
114058,,,,,,,,,2.005126,-9.786510,,,97.800690,46.682304,0.490985,0.360503,,,,,,,,,,,,
114062,,,,,,,,,,,,,,,,,,,,0.678486,-0.461107,2.664017,,,,,,
114068,0.670865,-0.457306,2.637645,0.500000,-0.020000,1.570796,0.800000,0.000000,1.428309,-6.524341,151.531433,99.702988,99.714867,51.258434,0.757179,0.648263,0.360793,-0.300433,-1.066849,,,,,,,,,
114077,,,,,,,,,1.648049,-3.914605,,,100.780914,57.286964,0.756669,0.596461,,,,0.676670,-0.459371,2.626879,,,,,,
114084,,,,,,,,,,,,,,,,,,,,0.674634,-0.457249,2.592433,,,,,,
114088,,,,,,,,,1.867789,-6.524342,,,107.123322,64.537537,0.702126,0.530988,,,,,,,,,,,,
114092,,,,,,,,,,,,,,,,,,,,0.671974,-0.455089,2.554954,,,,,,
114098,,,,,,,,,2.060061,-8.481643,,,114.093445,71.182716,0.639912,0.470240,,,,,,,,,,,,
114106,,,,,,,,,,,,,120.502655,77.318512,0.582026,0.413359,,,,0.669221,-0.452557,2.520198,,,,,,
114109,,,,,,,,,2.142463,-7.829210,,,,,,,,,,,,,,,,,,
114114,,,,,,,,,,,,,,,,,,,,0.666020,-0.449815,2.485203,,,,,,
114118,0.659444,-0.444780,2.465114,0.500000,0.020000,1.570796,0.800000,0.000000,1.565646,-8.481645,171.121857,125.093811,120.449928,77.580276,0.788592,0.674153,0.415308,-0.262607,-0.894318,,,,,,,,,
114128,,,,,,,,,2.087528,-7.829209,,,125.306458,82.701416,0.749190,0.631420,,,,,,,,,,,,
114138,,,,,,,,,1.455776,-1.957302,,,120.680046,83.198540,0.805542,0.634828,,,,,,,,,,,,
114143,,,,,,,,,,,,,,,,,,,,0.654137,-0.439932,2.387895,,,,,,
114148,,,,,,,,,2.279801,-8.481646,,,127.678253,89.062256,0.744249,0.583397,,,,,,,,,,,,
114151,,,,,,,,,,,,,,,,,,,,0.649502,-0.435795,2.351990,,,,,,
114158,,,,,,,,,2.389671,-8.481645,,,133.566544,95.085068,0.692877,0.529170,,,,,,,,,,,,
114165,,,,,,,,,,,,,,,,,,,,0.644595,-0.431525,2.318933,,,,,,
114168,0.639351,-0.424991,2.295617,0.500000,0.060000,1.570796,0.800000,0.000000,1.840321,-5.871907,185.021011,146.038971,134.164597,95.796318,0.836059,0.741558,0.455463,-0.217229,-0.724821,,,,,,,,,
114177,,,,,,,,,1.812854,-1.304869,,,131.400543,98.028389,0.874424,0.728839,,,,0.639486,-0.426798,2.285458,,,,,,
114181,,,,,,,,,,,,,,,,,,,,0.634232,-0.421821,2.251867,,,,,,
114188,,,,,,,,,2.499541,-7.176775,,,138.332108,104.262802,0.814446,0.674851,,,,,,,,,,,,
114196,,,,,,,,,,,,,145.797943,111.142067,0.747633,0.613037,,,,0.628802,-0.416541,2.214961,,,,,,
114199,,,,,,,,,2.664345,-7.176775,,,,,,,,,,,,,,,,,,
114203,,,,,,,,,,,,,,,,,,,,0.623094,-0.410987,2.180849,,,,,,
114208,,,,,,,,,2.664345,-5.871910,,,151.535156,116.930283,0.696958,0.560977,,,,,,,,,,,,
114211,,,,,,,,,,,,,,,,,,,,0.617071,-0.404769,2.149456,,,,,,
114218,0.612720,-0.397176,2.137136,0.500000,0.100000,1.570796,0.800000,0.000000,2.252333,-13.048681,192.923569,161.481674,155.273361,115.810509,0.746131,0.735736,0.480032,-0.171637,-0.566339,,,,,,,,,
114225,,,,,,,,,,,,,,,,,,,,0.611144,-0.398088,2.111500,,,,,,
114228,,,,,,,,,2.389671,-1.957300,,,155.151428,120.313766,0.754905,0.698937,,,,,,,,,,,,
114236,,,,,,,,,,,,,147.969772,118.112823,0.835712,0.729620,,,,0.604827,-0.391467,2.082793,,,,,,
114239,,,,,,,,,1.730451,-0.652434,,,,,,,,,,0.598291,-0.384022,2.047271,,,,,,
114248,,,,,,,,,2.636878,-3.914604,,,152.273453,123.884560,0.800805,0.679422,,,,,,,,,,,,
114254,,,,,,,,,,,,,,,,,,,,0.591895,-0.376174,2.011492,,,,,,
114258,,,,,,,,,2.719280,-5.871907,,,156.439117,128.740891,0.766446,0.637407,,,,,,,,,,,,
114262,,,,,,,,,,,,,,,,,,,,0.585267,-0.367847,1.975152,,,,,,
114268,0.582805,-0.359941,1.964210,0.500000,0.140000,1.570796,0.800000,0.000000,2.114996,-3.262168,196.112488,173.836777,155.043213,127.926125,0.820508,0.778288,0.493491,-0.115170,-0.393414,,,,,,,,,
114277,,,,,,,,,1.812854,-1.304869,,,148.967804,125.062408,0.890691,0.816680,,,,0.578693,-0.359430,1.938482,,,,,,
114284,,,,,,,,,,,,,,,,,,,,0.572044,-0.350304,1.904663,,,,,,
114288,,,,,,,,,2.774215,-4.567036,,,154.746826,130.821030,0.841174,0.767697,,,,,,,,,,,,
114292,,,,,,,,,,,,,,,,,,,,0.565555,-0.340864,1.867070,,,,,,
114298,,,,,,,,,2.966488,-3.914606,,,161.242920,137.844498,0.783187,0.704661,,,,,,,,,,,,
114306,,,,,,,,,,,,,165.075104,142.664963,0.751072,0.662690,,,,0.558859,-0.330876,1.828894,,,,,,
114309,,,,,,,,,2.829150,-3.262171,,,,,,,,,,,,,,,,,,
114313,,,,,,,,,,,,,,,,,,,,0.551894,-0.320324,1.793725,,,,,,
114318,0.550832,-0.312354,1.794502,0.500000,0.180000,1.570796,0.800000,-0.000000,2.444606,3.262171,193.307114,180.592514,161.764984,145.631821,0.762428,0.707571,0.491363,-0.059660,-0.223705,,,,,,,,,
114328,,,,,,,,,2.691813,-6.524342,,,165.514374,146.494492,0.730493,0.705764,,,,,,,,,,,,
114338,,,,,,,,,1.812854,-1.304869,,,156.689148,139.596741,0.826069,0.782941,,,,,,,,,,,,
114343,,,,,,,,,,,,,,,,,,,,0.532777,-0.286864,1.670040,,,,,,
114348,,,,,,,,,2.691813,-1.304868,,,159.609924,143.594757,0.803600,0.750360,,,,,,,,,,,,
114351,,,,,,,,,,,,,,,,,,,,0.526289,-0.274493,1.624819,,,,,,
114358,,,,,,,,,2.746748,-1.304868,,,162.612015,148.592316,0.779718,0.706785,,,,,,,,,,,,
114365,,,,,,,,,,,,,,,,,,,,0.520042,-0.261562,1.582451,,,,,,
114368,0.520541,-0.254488,1.594967,0.500000,0.220000,1.570796,0.800000,0.000000,2.499541,-1.957306,184.031815,183.039886,162.415253,148.985458,0.693256,0.734138,0.474846,0.009067,-0.024171,,,,,,,,,
114378,,,,,,,,,2.911553,0.000000,,,165.516968,154.217133,0.665942,0.687585,,,,0.508388,-0.234568,1.490666,,,,,,
114388,,,,,,,,,2.554476,1.957303,,,163.770401,155.896347,0.687460,0.676222,,,,,,,,,,,,
114396,,,,,,,,,,,,,154.677231,148.596542,0.784263,0.756109,,,,0.502939,-0.220596,1.438356,,,,,,
114399,,,,,,,,,1.730451,0.652434,,,,,,,,,,,,,,,,,,
114402,,,,,,,,,,,,,,,,,,,,0.498389,-0.207131,1.380346,,,,,,
114408,,,,,,,,,2.856618,2.609736,,,155.738937,152.800812,0.779304,0.720114,,,,0.493784,-0.192474,1.323802,,,,,,
114418,0.495299,-0.185709,1.357743,0.500000,0.260000,1.570796,0.800000,0.000000,2.114996,-0.652435,165.197067,178.143814,153.909531,150.892853,0.611508,0.695683,0.436626,0.089648,0.213054,,,,,,,,,
114424,,,,,,,,,,,,,,,,,,,,0.489899,-0.177829,1.261358,,,,,,
114428,,,,,,,,,2.829150,1.957303,,,156.182068,155.277481,0.590586,0.656410,,,,,,,,,,,,
114432,,,,,,,,,,,,,,,,,,,,0.485968,-0.162480,1.196802,,,,,,
114438,,,,,,,,,2.527008,3.914604,,,155.371475,156.788528,0.600657,0.645571,,,,,,,,,,,,
114446,,,,,,,,,,,,,153.600357,158.059921,0.620688,0.636873,,,,0.482810,-0.147707,1.137363,,,,,,
114449,,,,,,,,,2.417138,2.609733,,,,,,,,,,,,,,,,,,
114456,,,,,,,,,,,,,145.031067,150.416977,0.710414,0.718848,,,,0.480035,-0.131674,1.065858,,,,,,
114459,,,,,,,,,1.675516,1.957302,,,,,,,,,,0.477621,-0.116096,0.995683,,,,,,
114468,0.480487,-0.115040,1.034453,0.500000,0.300000,1.570796,0.800000,0.000000,2.005126,3.262171,130.748047,161.497101,140.543594,147.798004,0.408839,0.581311,0.366732,0.195311,0.536343,,,,,,,,,
114476,,,,,,,,,,,,,142.213257,152.128922,0.389849,0.539875,,,,0.475771,-0.100266,0.924066,,,,,,
114479,,,,,,,,,2.636878,3.914604,,,,,,,,,,,,,,,,,,
114483,,,,,,,,,,,,,,,,,,,,0.474816,-0.085066,0.847496,,,,,,
114488,,,,,,,,,2.307268,6.524344,,,139.806320,153.050247,0.412107,0.532351,,,,,,,,,,,,
114491,,,,,,,,,,,,,,,,,,,,0.474315,-0.069605,0.778452,,,,,,
114498,,,,,,,,,2.005126,5.871905,,,135.058395,151.647278,0.458724,0.548351,,,,,,,,,,,,
114505,,,,,,,,,,,,,,,,,,,,0.474279,-0.053656,0.703773,,,,,,
114508,,,,,,,,,1.950191,7.176775,,,129.974411,149.377731,0.509719,0.573470,,,,,,,,,,,,
114516,0.478416,-0.036722,0.694733,0.500000,0.340000,1.570796,0.800000,0.000000,,,,,,,,,,,,0.474634,-0.037742,0.630476,,,,,,
114519,,,,,,,,,0.988829,1.304868,81.615440,127.387550,119.162231,136.577271,0.119005,0.358541,0.257751,0.275589,0.876064,0.475874,-0.022374,0.560940,,,,,,
114528,,,,,,,,,1.977658,6.524339,,,116.599380,136.697830,0.137637,0.355474,,,,,,,,,,,,
114535,,,,,,,,,,,,,,,,,,,,0.477467,-0.007994,0.497986,,,,,,
114538,,,,,,,,,1.345907,8.481645,,,108.453026,131.898376,0.213733,0.402566,,,,,,,,,,,,
114542,,,,,,,,,,,,,,,,,,,,0.479491,0.006293,0.426809,,,,,,
114548,,,,,,,,,1.236037,7.176775,,,100.509598,126.771027,0.289388,0.453963,,,,,,,,,,,,
114556,,,,,,,,,,,,,93.825996,120.278702,0.353782,0.520308,,,,0.481827,0.019762,0.364613,,,,,,
114559,,,,,,,,,1.181102,5.871908,,,,,,,,,,,,,,,,,,
114564,,,,,,,,,,,,,,,,,,,,0.484690,0.032628,0.308272,,,,,,
114568,0.487655,0.030336,0.365514,0.500000,0.380000,1.570796,0.800000,0.000000,1.098699,5.219474,28.604738,83.924980,87.657875,114.816063,-0.126454,0.134130,0.136510,0.322153,1.205282,,,,,,,,,
114578,,,,,,,,,1.400841,9.786511,,,83.012558,114.576149,-0.090883,0.130399,,,,,,,,,,,,
114586,,,,,,,,,,,,,73.114014,106.750679,-0.000799,0.204089,,,,0.492027,0.058422,0.216227,,,,,,
114589,,,,,,,,,0.686687,9.786511,,,,,,,,,,,,,,,,,,
114593,,,,,,,,,,,,,,,,,,,,0.496143,0.070644,0.180111,,,,,,
114598,,,,,,,,,0.494415,6.524341,,,63.696293,97.988152,0.086360,0.288901,,,,,,,,,,,,
114601,,,,,,,,,,,,,,,,,,,,0.500722,0.082109,0.152348,,,,,,
114608,,,,,,,,,0.494415,6.524341,,,55.772224,90.070824,0.160167,0.366846,,,,,,,,,,,,
114616,0.505669,0.088202,0.185001,0.500000,0.420000,1.570796,0.800000,0.000000,,,,,,,,,,,,0.505315,0.092444,0.138499,,,,,,
114619,,,,,,,,,0.494415,5.219474,-4.165431,53.757046,49.649460,82.864639,-0.117070,0.131407,0.055461,0.327179,1.385796,,,,,,,,,
114623,,,,,,,,,,,,,,,,,,,,0.510084,0.101814,0.138534,,,,,,
114628,,,,,,,,,0.686687,9.786511,,,44.497765,80.613159,-0.075286,0.148550,,,,,,,,,,,,
114631,,,,,,,,,,,,,,,,,,,,0.514866,0.110663,0.152322,,,,,,
114638,,,,,,,,,0.357077,8.481646,,,37.440414,74.906967,-0.013033,0.201382,,,,,,,,,,,,
114645,,,,,,,,,,,,,,,,,,,,0.519459,0.118879,0.171324,,,,,,
114648,,,,,,,,,0.329610,7.829210,,,31.502359,69.561234,0.039214,0.251679,,,,,,,,,,,,
114653,,,,,,,,,,,,,,,,,,,,0.523841,0.126359,0.193824,,,,,,
114658,,,,,,,,,0.412012,8.481645,,,27.050625,65.607872,0.077488,0.288842,,,,0.527482,0.132791,0.233077,,,,,,
114668,0.527265,0.129672,0.264676,0.500000,0.460000,1.570796,0.800000,-0.000000,0.384545,6.524341,1.485016,58.479450,23.849478,62.281517,0.161531,0.368569,0.060097,0.325957,1.306120,,,,,,,,,
114676,,,,,,,,,,,,,22.789663,63.294525,0.167868,0.357476,,,,0.531103,0.139037,0.280574,,,,,,
114679,,,,,,,,,0.714155,10.438948,,,,,,,,,,,,,,,,,,
114682,,,,,,,,,,,,,,,,,,,,0.534381,0.144564,0.330751,,,,,,
114688,,,,,,,,,0.741622,7.176776,,,22.987022,63.602325,0.161594,0.353373,,,,0.537998,0.149235,0.398496,,,,,,
114698,,,,,,,,,0.714154,7.829210,,,23.153080,64.405853,0.155600,0.344153,,,,,,,,,,,,
114704,,,,,,,,,,,,,,,,,,,,0.541564,0.153103,0.463587,,,,,,
114708,,,,,,,,,0.714154,9.134078,,,23.292801,65.081940,0.149841,0.336072,,,,,,,,,,,,
114712,,,,,,,,,,,,,,,,,,,,0.545363,0.156293,0.534926,,,,,,
114718,0.546504,0.155440,0.550609,0.500000,0.500000,2.356194,0.800000,5.000000,0.604285,6.524341,-13.814628,69.663635,22.865818,63.472626,-0.006221,0.465245,0.140645,0.317967,1.805585,0.549191,0.158824,0.612877,,,,,,
114728,,,,,,,,,0.824024,11.743815,,,22.506556,66.474899,-0.009893,0.435860,,,,,,,,,,,,
114736,,,,,,,,,,,,,19.481556,67.367378,0.013698,0.427394,,,,0.553402,0.161071,0.688807,,,,,,
114739,,,,,,,,,0.631752,13.701117,,,,,,,,,,0.559356,0.164590,0.765808,,,,,,
114748,,,,,,,,,0.686687,13.701117,,,17.480865,69.207397,0.027446,0.409085,,,,,,,,,,,,
114756,,,,,,,,,,,,,15.252941,70.211044,0.043911,0.398939,,,,0.565359,0.168401,0.859214,,,,,,
114759,,,,,,,,,0.604285,13.048684,,,,,,,,,,,,,,,,,,
114763,,,,,,,,,,,,,,,,,,,,0.571086,0.172324,0.979677,,,,,,
114768,0.570678,0.172827,0.998407,0.460000,0.500000,-3.141592,0.565685,20.000000,0.549350,11.743815,-28.712875,111.393227,13.378366,69.421883,-0.094744,0.832521,0.215076,0.270248,2.143187,,,,,,,,,
114778,,,,,,,,,0.824024,18.268158,,,11.801098,73.658775,-0.087074,0.797699,,,,,,,,,,,,
114788,,,,,,,,,0.933894,23.487629,,,9.384899,81.035492,-0.070531,0.730003,,,,,,,,,,,,
114794,,,,,,,,,,,,,,,,,,,,0.584285,0.185464,1.387229,,,,,,
114798,,,,,,,,,0.988829,23.487631,,,7.896453,88.331352,-0.062969,0.661657,,,,,,,,,,,,
114802,,,,,,,,,,,,,,,,,,,,0.588457,0.190665,1.559546,,,,,,
114808,,,,,,,,,1.126167,28.054674,,,6.099531,96.648254,-0.051962,0.581437,,,,,,,,,,,,
114816,0.589798,0.199551,1.788747,0.420000,0.500000,-3.141592,0.800000,5.000000,,,,,,,,,,,,0.591944,0.196850,1.732732,,,,,,
114819,,,,,,,,,0.824024,22.182762,64.547852,142.731750,4.587602,99.289757,0.907757,0.877096,0.330056,0.100815,1.352846,,,,,,,,,
114823,,,,,,,,,,,,,,,,,,,,0.595472,0.203028,1.911419,,,,,,
114828,,,,,,,,,1.373374,23.487631,,,7.127267,106.957748,0.893844,0.807571,,,,,,,,,,,,
114831,,,,,,,,,,,,,,,,,,,,0.598457,0.209773,2.105110,,,,,,
114838,,,,,,,,,1.455776,7.176775,,,17.432289,107.419617,0.800217,0.810014,,,,,,,,,,,,
114845,,,,,,,,,,,,,,,,,,,,0.600757,0.217187,2.309772,,,,,,
114848,,,,,,,,,2.334736,5.871910,,,35.360168,115.976387,0.626776,0.729798,,,,,,,,,,,,
114852,,,,,,,,,,,,,,,,,,,,0.602458,0.224346,2.511417,,,,,,
114858,,,,,,,,,2.444606,3.262171,,,52.078312,123.176048,0.462088,0.661712,,,,,,,,,,,,
114866,0.598605,0.238868,2.648134,0.380000,0.500000,-3.141592,0.800000,-0.000000,,,,,,,,,,,,0.603316,0.231955,2.712173,,,,,,
114869,,,,,,,,,1.922724,3.914605,122.602928,143.339294,61.788612,124.332954,0.957699,0.660020,0.316217,-0.126432,0.493459,,,,,,,,,
114876,,,,,,,,,,,,,68.869766,123.672745,0.897634,0.670555,,,,0.603834,0.239603,2.917037,,,,,,
114879,,,,,,,,,1.812854,2.609736,,,,,,,,,,,,,,,,,,
114882,,,,,,,,,,,,,,,,,,,,0.603588,0.247004,3.124988,,,,,,
114888,,,,,,,,,2.527008,-3.914604,,,84.629631,126.929047,0.747630,0.641274,,,,,,,,,,,,
114896,,,,,,,,,,,,,100.068153,130.213440,0.597751,0.611056,,,,0.602896,0.254259,-2.955882,,,,,,
114899,,,,,,,,,2.609411,-7.176775,,,,,,,,,,,,,,,,,,
114903,,,,,,,,,,,,,,,,,,,,0.601541,0.261451,-2.745787,,,,,,
114908,,,,,,,,,2.636878,-5.219477,,,112.513580,132.432388,0.475315,0.591048,,,,,,,,,,,,
114911,,,,,,,,,,,,,,,,,,,,0.599143,0.268078,-2.543192,,,,,,
114918,0.589463,0.271187,-2.657046,0.340000,0.500000,-3.141592,0.800000,-0.000000,1.895256,-4.567039,92.143982,60.561668,115.361557,129.398514,0.137602,-0.220157,0.114164,-0.318675,-0.484547,,,,,,,,,
114925,,,,,,,,,,,,,,,,,,,,0.596407,0.274272,-2.339862,,,,,,
114928,,,,,,,,,1.922724,-6.524342,,,118.846924,124.667648,0.097408,-0.185670,,,,,,,,,,,,
114936,,,,,,,,,,,,,111.433197,109.796234,0.167688,-0.046803,,,,0.593350,0.279638,-2.130468,,,,,,
114939,,,,,,,,,0.824024,-9.134078,,,,,,,,,,0.590442,0.284061,-1.924992,,,,,,
114948,,,,,,,,,0.494415,-6.524341,,,101.928024,94.560707,0.260782,0.098753,,,,,,,,,,,,
114954,,,,,,,,,,,,,,,,,,,,0.587200,0.288155,-1.721721,,,,,,
114958,,,,,,,,,0.384545,-3.914605,,,91.207657,81.741539,0.368173,0.222709,,,,,,,,,,,,
114962,,,,,,,,,,,,,,,,,,,,0.584796,0.291653,-1.551767,,,,,,
114968,0.583750,0.289172,-1.660979,0.300000,0.500000,-3.141592,0.800000,-0.000000,0.329610,-1.304868,-18.397667,-76.330376,80.553909,71.500038,-0.650496,-1.000000,-0.184416,-0.301584,-1.480613,,,,,,,,,
114976,,,,,,,,,,,,,67.778046,59.071037,-0.539972,-0.976153,,,,0.583168,0.295322,-1.409501,,,,,,
114979,,,,,,,,,-0.082402,-0.652434,,,,,,,,,,,,,,,,,,
114984,,,,,,,,,,,,,,,,,,,,0.581793,0.299230,-1.274813,,,,,,
114988,,,,,,,,,-1.263504,-5.219473,,,46.682117,35.544235,-0.342029,-0.763260,,,,,,,,,,,,
114996,,,,,,,,,,,,,28.387463,15.748791,-0.168440,-0.583722,,,,0.580335,0.303074,-1.159887,,,,,,
114999,,,,,,,,,-1.236037,-3.262171,,,,,,,,,,,,,,,,,,
115005,,,,,,,,,,,,,,,,,,,,0.579146,0.305412,-1.058915,,,,,,
115008,,,,,,,,,-1.455776,-15.005987,,,15.172516,-7.441612,-0.043004,-0.365595,,,,,,,,,,,,
115013,,,,,,,,,,,,,,,,,,,,0.578297,0.307871,-0.967210,,,,,,
115018,0.580889,0.312065,-1.088372,0.260000,0.500000,-3.141592,0.800000,-0.000000,-0.988829,-10.438949,-87.024109,-136.756592,7.320721,-20.419497,-0.669620,-0.863346,-0.315356,-0.197078,-2.053221,,,,,,,,,
115021,,,,,,,,,,,,,,,,,,,,0.577955,0.310135,-0.878053,,,,,,
115028,,,,,,,,,-1.620581,-12.396251,,,-4.731210,-37.873604,-0.565559,-0.708582,,,,,,,,,,,,
115036,,,,,,,,,,,,,-15.416247,-47.658600,-0.473030,-0.628551,,,,0.577181,0.312265,-0.815243,,,,,,
115039,,,,,,,,,-1.400841,-5.871905,,,,,,,,,,,,,,,,,,
115042,,,,,,,,,,,,,,,,,,,,0.574825,0.315962,-0.776197,,,,,,
115048,,,,,,,,,-2.005126,-9.786510,,,-28.762981,-65.148926,-0.351215,-0.467970,,,,0.571800,0.320099,-0.730751,,,,,,
115058,,,,,,,,,-1.593114,-10.438947,,,-35.636578,-74.964394,-0.292756,-0.382173,,,,,,,,,,,,
115064,,,,,,,,,,,,,,,,,,,,0.569081,0.323684,-0.686048,,,,,,
115068,0.568136,0.329127,-0.763598,0.220000,0.500000,-3.141592,0.800000,-0.000000,-1.071232,-8.481646,-121.129242,-159.028458,-37.063675,-77.233154,-0.636350,-0.598563,-0.369640,-0.117315,-2.377995,,,,,,,,,
115078,,,,,,,,,-1.620581,-8.481646,,,-43.165321,-84.587524,-0.590926,-0.539908,,,,,,,,,,,,
115088,,,,,,,,,-1.538179,-6.524342,,,-49.388332,-89.141861,-0.543044,-0.508342,,,,,,,,,,,,
115094,,,,,,,,,,,,,,,,,,,,0.557281,0.337131,-0.558323,,,,,,
115098,,,,,,,,,-1.565646,-4.567039,,,-55.168915,-91.884789,-0.498431,-0.494341,,,,,,,,,,,,
115101,,,,,,,,,,,,,,,,,,,,0.552280,0.341788,-0.515483,,,,,,
115108,,,,,,,,,-1.538179,-3.914605,,,-60.032700,-94.192688,-0.462012,-0.484229,,,,,,,,,,,,
115116,0.544115,0.349953,-0.518418,0.180000,0.500000,-3.141592,0.800000,-0.000000,,,,,,,,,,,,0.546704,0.346685,-0.478036,,,,,,
115119,,,,,,,,,-0.906427,-0.652435,-140.143280,-166.441544,-59.224197,-89.055496,-0.676421,-0.625209,-0.390621,-0.050090,-2.623175,,,,,,,,,
115123,,,,,,,,,,,,,,,,,,,,0.540794,0.351382,-0.438056,,,,,,
115128,,,,,,,,,-1.648049,-3.914605,,,-64.533897,-92.901207,-0.638446,-0.601460,,,,,,,,,,,,
115131,,,,,,,,,,,,,,,,,,,,0.534245,0.356354,-0.395858,,,,,,
115138,,,,,,,,,-1.702984,-1.304869,,,-70.635109,-95.592445,-0.591336,-0.588718,,,,,,,,,,,,
115145,,,,,,,,,,,,,,,,,,,,0.527222,0.361113,-0.353496,,,,,,
115148,,,,,,,,,-1.867789,-2.609737,,,-76.313210,-98.945938,-0.547321,-0.568682,,,,,,,,,,,,
115156,,,,,,,,,,,,,-75.645332,-97.955765,-0.566899,-0.592281,,,,0.519880,0.366051,-0.316782,,,,,,
115159,,,,,,,,,-1.290972,-3.262171,,,,,,,,,,0.511826,0.370864,-0.277565,,,,,,
115168,0.509969,0.372028,-0.311470,0.140000,0.500000,-3.141592,0.800000,-0.000000,-1.400841,-3.262171,-150.036728,-165.305984,-76.717010,-98.211723,-0.669781,-0.591785,-0.391385,0.008434,-2.830122,,,,,,,,,
115175,,,,,,,,,,,,,,,,,,,,0.503291,0.375531,-0.232747,,,,,,
115178,,,,,,,,,-2.197398,-2.609739,,,-84.697784,-104.961601,-0.603041,-0.536355,,,,,,,,,,,,
115182,,,,,,,,,,,,,,,,,,,,0.494189,0.380173,-0.185352,,,,,,
115188,,,,,,,,,-1.757919,-2.609739,,,-88.145546,-107.373688,-0.580941,-0.523820,,,,0.484320,0.384861,-0.138198,,,,,,
115198,,,,,,,,,-1.895256,-3.262171,,,-91.591034,-109.947762,-0.558176,-0.509151,,,,,,,,,,,,
115204,,,,,,,,,,,,,,,,,,,,0.474095,0.389094,-0.088086,,,,,,
115208,,,,,,,,,-1.785386,-0.652434,,,-93.945526,-110.479958,-0.545849,-0.514794,,,,,,,,,,,,
115216,0.459889,0.393829,-0.064033,0.100000,0.500000,-3.141592,0.800000,-0.000000,,,,,,,,,,,,0.463105,0.393372,-0.038331,,,,,,
115219,,,,,,,,,-1.016297,0.652434,-152.250687,-153.388748,-89.936615,-103.304146,-0.620540,-0.477397,-0.365946,0.082925,-3.077560,,,,,,,,,
115226,,,,,,,,,,,,,-96.365295,-107.068192,-0.567431,-0.449021,,,,0.452248,0.396905,0.016806,,,,,,
115229,,,,,,,,,-2.087528,1.304869,,,,,,,,,,,,,,,,,,
115234,,,,,,,,,,,,,,,,,,,,0.440842,0.400131,0.072540,,,,,,
115238,,,,,,,,,-1.675516,0.652435,,,-97.962585,-106.423454,-0.562315,-0.464861,,,,,,,,,,,,
115241,,,,,,,,,,,,,,,,,,,,0.428912,0.403387,0.122165,,,,,,
115248,,,,,,,,,-1.702984,0.000000,,,-99.306549,-105.880974,-0.559465,-0.479787,,,,,,,,,,,,
115255,,,,,,,,,,,,,,,,,,,,0.416470,0.405780,0.174926,,,,,,
115258,,,,,,,,,-1.648049,2.609737,,,-100.981903,-104.879990,-0.552965,-0.499499,,,,,,,,,,,,
115263,,,,,,,,,,,,,,,,,,,,0.403578,0.407628,0.230594,,,,,,
115268,0.401388,0.406380,0.216740,0.060000,0.500000,-3.141592,0.800000,0.000000,-1.593114,5.219473,-144.450928,-129.422806,-102.936089,-101.859589,-0.463728,-0.295556,-0.313268,0.164844,2.924853,,,,,,,,,
115278,,,,,,,,,-1.290972,-3.262171,,,-98.590363,-99.318222,-0.516358,-0.326991,,,,,,,,,,,,
115285,,,,,,,,,,,,,,,,,,,,0.377940,0.409705,0.339776,,,,,,
115288,,,,,,,,,-1.538179,3.914605,,,-99.834755,-97.179916,-0.512837,-0.354823,,,,,,,,,,,,
115292,,,,,,,,,,,,,,,,,,,,0.365371,0.409830,0.390902,,,,,,
115298,,,,,,,,,-1.455776,5.871908,,,-100.881790,-94.291664,-0.511081,-0.390731,,,,0.352080,0.409765,0.441552,,,,,,
115308,,,,,,,,,-1.593114,3.914604,,,-101.762764,-92.950577,-0.510808,-0.411437,,,,,,,,,,,,
115316,0.337056,0.406326,0.493435,0.020000,0.500000,-3.141592,0.800000,-0.000000,,,,,,,,,,,,0.338089,0.408617,0.500977,,,,,,
115319,,,,,,,,,-0.933894,1.304869,-124.994705,-95.188377,-95.969498,-87.465836,-0.379984,-0.125484,-0.234866,0.232675,2.648158,,,,,,,,,
115328,,,,,,,,,-1.702984,5.219473,,,-99.263191,-88.296410,-0.352193,-0.118557,,,,,,,,,,,,
115336,,,,,,,,,,,,,-98.222702,-83.005280,-0.367953,-0.173905,,,,0.310618,0.405004,0.612834,,,,,,
115339,,,,,,,,,-1.181102,5.871908,,,,,,,,,,,,,,,,,,
115343,,,,,,,,,,,,,,,,,,,,0.297310,0.402024,0.674188,,,,,,
115348,,,,,,,,,-1.126167,8.481645,,,-96.802696,-78.008781,-0.387791,-0.227306,,,,,,,,,,,,
115351,,,,,,,,,,,,,,,,,,,,0.284527,0.397930,0.733281,,,,,,
115358,,,,,,,,,-1.098699,6.524342,,,-95.607903,-73.260185,-0.405616,-0.279177,,,,,,,,,,,,
115365,,,,,,,,,,,,,,,,,,,,0.272263,0.393452,0.793450,,,,,,
115368,0.274040,0.391730,0.795544,-0.020000,0.500000,-3.141592,0.800000,-0.000000,-0.961362,5.871906,-92.777382,-49.474606,-92.424423,-69.264717,-0.115348,0.141964,-0.128466,0.285794,2.346049,,,,,,,,,
115377,,,,,,,,,-1.071232,5.871908,,,-90.834938,-66.447472,-0.131632,0.117186,,,,0.260746,0.388548,0.856677,,,,,,
115381,,,,,,,,,,,,,,,,,,,,0.249416,0.383050,0.927030,,,,,,
115388,,,,,,,,,-0.631752,9.786512,,,-86.774826,-58.087067,-0.173433,0.035304,,,,,,,,,,,,
115395,,,,,,,,,,,,,,,,,,,,0.238544,0.376993,0.995583,,,,,,
115398,,,,,,,,,-0.549350,11.743815,,,-82.814102,-49.418991,-0.215033,-0.051388,,,,,,,,,,,,
115403,,,,,,,,,,,,,,,,,,,,0.228301,0.370806,1.062168,,,,,,
115408,,,,,,,,,-0.521882,11.091381,,,-79.481552,-42.125675,-0.251018,-0.125791,,,,0.218069,0.363557,1.130303,,,,,,
115418,0.221686,0.364016,1.148690,-0.060000,0.500000,-3.141592,0.800000,-0.000000,-0.466947,7.176775,-45.044346,8.939501,-75.043915,-37.078167,0.187936,0.417079,0.008646,0.312672,1.992903,,,,,,,,,
115424,,,,,,,,,,,,,,,,,,,,0.209160,0.356177,1.197161,,,,,,
115428,,,,,,,,,-0.439480,10.438947,,,-71.854630,-31.197565,0.161405,0.366300,,,,,,,,,,,,
115436,,,,,,,,,,,,,-62.636650,-20.804195,0.072744,0.268315,,,,0.201586,0.350117,1.271926,,,,,,
115439,,,,,,,,,0.164805,9.134078,,,,,,,,,,0.194405,0.345436,1.337613,,,,,,
115448,,,,,,,,,0.219740,6.524341,,,-53.247013,-12.603758,-0.019512,0.190620,,,,,,,,,,,,
115454,,,,,,,,,,,,,,,,,,,,0.186844,0.339883,1.416701,,,,,,
115458,,,,,,,,,0.164805,6.524341,,,-45.891117,-6.248455,-0.092902,0.130104,,,,,,,,,,,,
115462,,,,,,,,,,,,,,,,,,,,0.180478,0.335494,1.475378,,,,,,
115468,0.184114,0.338556,1.475356,-0.100000,0.500000,-3.141592,0.800000,-0.000000,0.109870,6.524341,3.908444,61.731197,-40.246410,-1.445646,0.349010,0.622628,0.133634,0.298206,1.666238,,,,,,,,,
115477,,,,,,,,,0.329610,9.134079,,,-34.407867,5.318152,0.298288,0.566273,,,,0.174566,0.330856,1.540100,,,,,,
115483,,,,,,,,,,,,,,,,,,,,0.168754,0.326755,1.594093,,,,,,
115488,,,,,,,,,0.631752,11.091381,,,-27.317146,15.365557,0.233626,0.475072,,,,,,,,,,,,
115491,,,,,,,,,,,,,,,,,,,,0.163405,0.323623,1.643843,,,,,,
115498,,,,,,,,,0.659219,13.048682,,,-21.895557,25.453072,0.184571,0.381453,,,,,,,,,,,,
115505,,,,,,,,,,,,,,,,,,,,0.158415,0.320475,1.699816,,,,,,
115508,,,,,,,,,0.769089,14.353553,,,-16.789289,35.029793,0.137648,0.291026,,,,,,,,,,,,
115513,,,,,,,,,,,,,,,,,,,,0.153919,0.317855,1.750836,,,,,,
115518,0.155716,0.322736,1.788034,-0.140000,0.500000,-3.141592,0.800000,0.000000,0.604285,11.743814,49.555454,105.217178,-13.037419,40.364925,0.569118,0.685505,0.236834,0.250559,1.353558,,,,,,,,,
115528,,,,,,,,,0.878959,15.658419,,,-9.336054,48.665710,0.543882,0.613807,,,,,,,,,,,,
115538,,,,,,,,,0.906427,7.176775,,,-1.320836,52.927273,0.473905,0.581649,,,,,,,,,,,,
115542,,,,,,,,,,,,,,,,,,,,0.141661,0.313497,1.901292,,,,,,
115548,,,,,,,,,1.345907,9.786511,,,7.601340,62.502926,0.393074,0.494436,,,,0.138260,0.312929,1.948502,,,,,,
115558,,,,,,,,,1.373374,9.134078,,,16.197544,70.015335,0.313784,0.426352,,,,,,,,,,,,
115564,,,,,,,,,,,,,,,,,,,,0.134737,0.313064,1.991669,,,,,,
115568,0.134109,0.319121,2.013015,-0.180000,0.500000,-3.141592,0.800000,-0.000000,1.043764,9.134080,79.743896,130.619965,20.707674,73.069016,0.582374,0.661353,0.297901,0.206487,1.128578,,,,,,,,,
115579,,,,,,,,,1.483244,11.743815,,,27.225212,82.172905,0.527703,0.580004,,,,,,,,,,,,
115588,,,,,,,,,1.593114,7.829210,,,35.431782,86.565651,0.454499,0.544887,,,,,,,,,,,,
115596,,,,,,,,,,,,,39.614075,86.994453,0.420702,0.549324,,,,0.123950,0.316206,2.130524,,,,,,
115599,,,,,,,,,1.208569,5.219474,,,,,,,,,,,,,,,,,,
115602,,,,,,,,,,,,,,,,,,,,0.120292,0.318170,2.168309,,,,,,
115608,,,,,,,,,1.538179,6.524342,,,44.766685,90.622505,0.376172,0.521043,,,,0.116515,0.320682,2.205656,,,,,,
115618,0.114369,0.325893,2.216937,-0.220000,0.500000,-3.141592,0.800000,-0.000000,1.153634,6.524343,103.609337,148.040695,47.468460,91.496971,0.599037,0.697815,0.340336,0.162133,0.924656,,,,,,,,,
115625,,,,,,,,,,,,,,,,,,,,0.112266,0.323428,2.242785,,,,,,
115628,,,,,,,,,1.785386,11.091378,,,53.008995,98.767265,0.553751,0.634966,,,,,,,,,,,,
115633,,,,,,,,,,,,,,,,,,,,0.107889,0.326584,2.282555,,,,,,
115638,,,,,,,,,1.730451,5.871908,,,58.759888,103.250862,0.505212,0.599088,,,,,,,,,,,,
115641,,,,,,,,,,,,,,,,,,,,0.103431,0.330233,2.315917,,,,,,
115648,,,,,,,,,1.812854,7.829211,,,64.143227,107.567902,0.459272,0.564013,,,,,,,,,,,,
115656,,,,,,,,,,,,,65.950050,104.121201,0.448736,0.607264,,,,0.098580,0.334283,2.346019,,,,,,
115659,,,,,,,,,1.236037,1.957302,,,,,,,,,,,,,,,,,,
115662,,,,,,,,,,,,,,,,,,,,0.093405,0.338580,2.381883,,,,,,
115668,0.091821,0.341480,2.376284,-0.260000,0.500000,-3.141592,0.800000,-0.000000,1.345907,5.871908,119.170082,157.437149,66.381226,103.399315,0.610589,0.719254,0.363539,0.129408,0.765309,,,,,,,,,
115678,,,,,,,,,1.922724,9.134081,,,71.100365,109.326439,0.573012,0.669605,,,,,,,,,,,,
115685,,,,,,,,,,,,,,,,,,,,0.082229,0.348188,2.444135,,,,,,
115688,,,,,,,,,1.922724,5.219474,,,76.160133,113.768982,0.531016,0.633914,,,,,,,,,,,,
115693,,,,,,,,,,,,,,,,,,,,0.076287,0.353464,2.470584,,,,,,
115698,,,,,,,,,2.032593,6.524344,,,81.506508,118.596024,0.485085,0.593411,,,,,,,,,,,,
115701,,,,,,,,,,,,,,,,,,,,0.069636,0.358954,2.502784,,,,,,
115708,,,,,,,,,1.867789,7.829210,,,84.371315,121.568405,0.463397,0.570861,,,,,,,,,,,,
115716,0.058618,0.367346,2.551497,-0.300000,0.500000,-3.141592,0.800000,-0.000000,,,,,,,,,,,,0.062696,0.364969,2.531703,,,,,,
115719,,,,,,,,,1.126167,1.957302,130.925171,161.293015,81.336334,114.267593,0.621215,0.691833,0.371786,0.089329,0.590096,,,,,,,,,
115728,,,,,,,,,2.005126,5.871905,,,85.861763,118.471008,0.584974,0.658363,,,,0.047820,0.376856,2.595287,,,,,,
115738,,,,,,,,,1.977659,3.914606,,,89.669456,120.918678,0.555148,0.641962,,,,,,,,,,,,
115744,,,,,,,,,,,,,,,,,,,,0.039946,0.383082,2.626896,,,,,,
115748,,,,,,,,,1.977659,5.219473,,,92.873253,123.522690,0.530720,0.623475,,,,,,,,,,,,
115752,,,,,,,,,,,,,,,,,,,,0.031566,0.389559,2.658338,,,,,,
115758,,,,,,,,,2.087528,5.219474,,,96.658012,126.258247,0.499726,0.603127,,,,0.022613,0.396048,2.689698,,,,,,
115768,0.017824,0.397605,2.699942,-0.340000,0.500000,-3.141592,0.800000,0.000000,1.483244,3.914604,136.933853,160.052856,94.941620,123.114510,0.585375,0.629550,0.367257,0.060376,0.441651,,,,,,,,,
115786,,,,,,,,,0.576817,-0.652434,,,85.873840,109.033966,0.686265,0.780560,,,,0.013191,0.402646,2.723630,,,,,,
115789,,,,,,,,,0.741622,1.957302,,,80.422386,99.909309,0.752082,0.883835,,,,0.003581,0.409521,-2.975224,,,,,,
115798,,,,,,,,,2.169931,3.262173,,,86.181854,106.934494,0.704638,0.824207,,,,,,,,,,,,
115804,,,,,,,,,,,,,,,,,,,,-0.017245,0.422996,2.830472,,,,,,
115808,,,,,,,,,2.362203,2.609739,,,94.839668,114.479111,0.626478,0.757875,,,,,,,,,,,,
115816,-0.033772,0.430726,2.866176,-0.380000,0.500000,-3.141592,0.800000,-0.000000,,,,,,,,,,,,-0.028428,0.429802,2.869561,,,,,,
115819,,,,,,,,,1.290972,0.652435,139.904175,154.337479,92.322578,109.391747,0.690869,0.760584,0.352019,0.027493,0.275417,,,,,,,,,
115828,,,,,,,,,2.609410,1.957303,,,102.729195,118.724815,0.594238,0.674376,,,,,,,,,,,,
115835,,,,,,,,,,,,,,,,,,,,-0.052426,0.442909,2.961521,,,,,,
115838,,,,,,,,,2.554476,4.567039,,,109.851692,126.033119,0.529023,0.606954,,,,,,,,,,,,
115843,,,,,,,,,,,,,,,,,,,,-0.064970,0.449341,3.008750,,,,,,
115848,,,,,,,,,2.307268,1.304871,,,114.755470,130.548691,0.485015,0.566556,,,,-0.078057,0.455823,3.058594,,,,,,
115858,,,,,,,,,2.252333,3.914604,,,117.247879,133.259003,0.464622,0.543669,,,,,,,,,,,,
115864,,,,,,,,,,,,,,,,,,,,-0.091809,0.461798,3.111060,,,,,,
115868,-0.096244,0.460840,3.106784,-0.420000,0.500000,-3.141592,0.800000,-0.000000,1.895256,7.176775,140.827072,141.881302,114.444107,129.004944,0.507165,0.464223,0.324923,-0.027869,0.034809,,,,,,,,,
115878,,,,,,,,,1.510711,-5.871908,,,113.174095,125.970123,0.525396,0.497753,,,,,,,,,,,,
115886,,,,,,,,,,,,,113.194595,124.505714,0.530718,0.515872,,,,-0.120255,0.473228,-3.053255,,,,,,
115889,,,,,,,,,1.840321,0.652435,,,,,,,,,,,,,,,,,,
115894,,,,,,,,,,,,,,,,,,,,-0.134470,0.477954,-2.992105,,,,,,
115898,,,,,,,,,1.812854,0.000000,,,113.756386,123.273560,0.530514,0.531915,,,,,,,,,,,,
115901,,,,,,,,,,,,,,,,,,,,-0.149095,0.481897,-2.930986,,,,,,
115908,,,,,,,,,2.060061,0.652434,,,115.318161,123.870453,0.519998,0.529549,,,,,,,,,,,,
115915,,,,,,,,,,,,,,,,,,,,-0.163986,0.485469,-2.872508,,,,,,
115918,-0.166947,0.483397,-2.895443,-0.460000,0.500000,-3.141592,0.800000,-0.000000,1.538179,0.000000,134.552185,120.031395,112.820442,120.016335,0.486573,0.349594,0.280174,-0.087511,-0.246149,,,,,,,,,
115923,,,,,,,,,,,,,,,,,,,,-0.179256,0.488867,-2.816519,,,,,,
115928,,,,,,,,,2.169931,-1.957300,,,116.708832,121.674370,0.451257,0.332685,,,,,,,,,,,,
115931,,,,,,,,,,,,,,,,,,,,-0.194848,0.491382,-2.757542,,,,,,
115938,,,,,,,,,1.290972,0.652435,,,111.267830,115.445839,0.510324,0.395887,,,,,,,,,,,,
115945,,,,,,,,,,,,,,,,,,,,-0.210320,0.493454,-2.698159,,,,,,
115948,,,,,,,,,1.675516,-3.262171,,,111.046120,112.383324,0.517243,0.428042,,,,,,,,,,,,
115953,,,,,,,,,,,,,,,,,,,,-0.225365,0.495019,-2.643968,,,,,,
115958,,,,,,,,,1.757919,-1.304868,,,111.404114,110.895607,0.518292,0.444746,,,,-0.240257,0.495590,-2.598161,,,,,,
115968,-0.241273,0.492815,-2.628755,-0.500000,0.500000,-2.356195,0.800000,5.000000,1.373374,-1.304869,92.294945,128.842545,108.438072,106.921127,0.122152,0.576987,0.221918,-0.133206,0.272560,,,,,,,,,
115977,,,,,,,,,1.483244,1.304866,,,105.397903,105.210632,0.149933,0.598818,,,,-0.254447,0.496027,-2.551996,,,,,,
115983,,,,,,,,,,,,,,,,,,,,-0.269861,0.495630,-2.511316,,,,,,
115988,,,,,,,,,1.538179,7.829211,,,100.661728,107.038681,0.195621,0.584898,,,,,,,,,,,,
115991,,,,,,,,,,,,,,,,,,,,-0.284243,0.494588,-2.464583,,,,,,
115998,,,,,,,,,1.483244,10.438947,,,95.043083,109.121346,0.251258,0.568016,,,,,,,,,,,,
116005,,,,,,,,,,,,,,,,,,,,-0.298633,0.493176,-2.414474,,,,,,
116008,,,,,,,,,1.455776,12.396250,,,89.226471,110.873695,0.310038,0.554086,,,,,,,,,,,,
116015,,,,,,,,,,,,,,,,,,,,-0.312827,0.490869,-2.351921,,,,,,
116018,-0.311107,0.486677,-2.323370,-0.500000,0.460000,-1.570796,0.565685,20.000000,1.400841,15.005987,3.831051,131.361389,82.698746,108.536324,-0.525097,0.607213,0.148584,-0.119645,0.752574,,,,,,,,,
116023,,,,,,,,,,,,,,,,,,,,-0.326482,0.488076,-2.279390,,,,,,
116028,,,,,,,,,1.236037,13.701117,,,76.117233,114.737808,-0.473740,0.548523,,,,,,,,,,,,
116031,,,,,,,,,,,,,,,,,,,,-0.339629,0.485102,-2.199385,,,,,,
116038,,,,,,,,,0.659220,22.182762,,,61.322311,111.787582,-0.337289,0.581940,,,,,,,,,,,,
116045,,,,,,,,,,,,,,,,,,,,-0.353608,0.481304,-2.105048,,,,,,
116048,,,,,,,,,0.631752,30.664406,,,45.606609,113.661613,-0.188487,0.566740,,,,,,,,,,,,
116053,,,,,,,,,,,,,,,,,,,,-0.367400,0.476772,-2.011216,,,,,,
116058,,,,,,,,,0.741622,29.359537,,,32.927963,114.693878,-0.067520,0.559751,,,,-0.380311,0.472049,-1.893980,,,,,,
116068,-0.374817,0.470173,-1.806981,-0.500000,0.420000,-1.570796,0.800000,5.000000,0.604285,20.877893,52.891502,88.247665,24.982868,111.750626,0.508118,0.153346,0.078072,-0.109967,0.236185,,,,,,,,,
116075,,,,,,,,,,,,,,,,,,,,-0.392644,0.466901,-1.743039,,,,,,
116078,,,,,,,,,0.933894,22.182762,,,21.020582,112.541428,0.554115,0.140579,,,,,,,,,,,,
116082,,,,,,,,,,,,,,,,,,,,-0.403831,0.462035,-1.585660,,,,,,
116088,,,,,,,,,0.961362,7.176775,,,24.221233,106.672295,0.527842,0.195585,,,,-0.415036,0.457066,-1.405422,,,,,,
116098,,,,,,,,,1.071232,-3.262170,,,31.270607,99.011292,0.461673,0.270043,,,,,,,,,,,,
116104,,,,,,,,,,,,,,,,,,,,-0.425384,0.452537,-1.236939,,,,,,
116108,,,,,,,,,1.126167,-4.567039,,,40.469208,93.109863,0.372171,0.328084,,,,,,,,,,,,
116112,,,,,,,,,,,,,,,,,,,,-0.435055,0.447123,-1.075015,,,,,,
116118,-0.431302,0.444503,-1.155798,-0.500000,0.380000,-1.570796,0.800000,0.000000,0.961362,-4.567040,65.874115,43.260071,45.486195,85.966232,0.455905,-0.058897,0.031329,-0.088874,-0.414999,-0.444035,0.441101,-0.917443,,,,,,
116128,,,,,,,,,1.208569,-9.134080,,,53.519287,80.500122,0.378045,-0.011683,,,,,,,,,,,,
116136,,,,,,,,,,,,,55.377441,69.910965,0.361563,0.088878,,,,-0.452560,0.435240,-0.762797,,,,,,
116139,,,,,,,,,0.604285,-9.134079,,,,,,,,,,,,,,,,,,
116142,,,,,,,,,,,,,,,,,,,,-0.460158,0.429707,-0.618666,,,,,,
116148,,,,,,,,,0.659220,-11.743815,,,58.029980,59.912163,0.336606,0.185536,,,,,,,,,,,,
116156,,,,,,,,,,,,,59.717281,53.132801,0.320965,0.251355,,,,-0.467080,0.424956,-0.477779,,,,,,
116159,,,,,,,,,0.659220,-10.438947,,,,,,,,,,,,,,,,,,
116164,,,,,,,,,,,,,,,,,,,,-0.473805,0.420036,-0.347721,,,,,,
116168,-0.469534,0.419398,-0.459442,-0.500000,0.340000,-1.570796,0.800000,0.000000,0.576817,-7.176776,48.104900,0.684954,58.958805,47.428646,0.148686,-0.126704,0.007902,-0.084674,-1.111354,,,,,,,,,
116178,,,,,,,,,0.549350,-9.134079,,,58.865166,41.540085,0.147471,-0.075989,,,,,,,,,,,,
116186,,,,,,,,,,,,,54.430031,33.862736,0.190557,-0.005851,,,,-0.485142,0.411324,-0.119052,,,,,,
116189,,,,,,,,,0.192272,-7.176776,,,,,,,,,,,,,,,,,,
116196,,,,,,,,,,,,,49.064682,28.492102,0.244019,0.042294,,,,-0.490067,0.407586,-0.008272,,,,,,
116199,,,,,,,,,0.164805,-3.914605,,,,,,,,,,-0.494803,0.404181,0.091386,,,,,,
116208,,,,,,,,,0.137337,-3.262171,,,44.005733,23.973251,0.295428,0.082825,,,,,,,,,,,,
116215,,,,,,,,,,,,,,,,,,,,-0.499306,0.401316,0.185696,,,,,,
116218,-0.496294,0.402567,0.117853,-0.500000,0.300000,-1.570796,0.800000,0.000000,0.109870,-2.609737,16.059616,-36.671814,39.204590,20.171091,0.018358,-0.264090,-0.015741,-0.101420,-1.688650,,,,,,,,,
116223,,,,,,,,,,,,,,,,,,,,-0.503701,0.398964,0.266476,,,,,,
116228,,,,,,,,,0.000000,-5.219473,,,35.164909,14.793780,0.054933,-0.220610,,,,-0.507800,0.396933,0.347689,,,,,,
116238,,,,,,,,,-0.164805,-3.914605,,,29.587749,9.180225,0.107999,-0.173645,,,,,,,,,,,,
116245,,,,,,,,,,,,,,,,,,,,-0.511361,0.395293,0.421000,,,,,,
116248,,,,,,,,,-0.137337,-1.957303,,,24.350586,5.546068,0.158713,-0.145747,,,,,,,,,,,,
116256,,,,,,,,,,,,,20.488579,1.943744,0.196447,-0.117447,,,,-0.514182,0.394159,0.472087,,,,,,
116259,,,,,,,,,-0.137337,-3.262171,,,,,,,,,,-0.517014,0.393008,0.486330,,,,,,
116268,-0.515850,0.393766,0.441723,-0.500000,0.260000,-1.570796,0.800000,0.000000,-0.137337,-3.262171,-8.979831,-57.876499,17.239088,-1.087250,-0.026696,-0.310542,-0.042856,-0.127702,-2.012520,,,,,,,,,
116275,,,,,,,,,,,,,,,,,,,,-0.519952,0.391584,0.480620,,,,,,
116278,,,,,,,,,-0.302142,-5.871907,,,13.960423,-5.815701,0.001502,-0.273669,,,,,,,,,,,,
116282,,,,,,,,,,,,,,,,,,,,-0.522411,0.390398,0.460700,,,,,,
116288,,,,,,,,,-0.247207,-5.871908,,,11.746298,-10.338762,0.019498,-0.237946,,,,-0.524124,0.389562,0.420975,,,,,,
116298,,,,,,,,,-0.274675,-6.524341,,,9.883333,-13.599922,0.034355,-0.214190,,,,-0.524124,0.389562,0.420975,,,,,,
116308,,,,,,,,,-0.247207,-5.871908,,,8.315835,-16.888405,0.046571,-0.189503,,,,,,,,,,,,
116311,,,,,,,,,,,,,,,,,,,,-0.524124,0.389562,0.420975,,,,,,
116318,-0.524416,0.389592,0.398079,-0.500000,0.220000,-1.570796,0.800000,0.000000,-0.247207,-5.871908,-6.163414,-56.921139,6.996943,-19.110790,0.085292,-0.165287,-0.043235,-0.165796,-1.968875,,,,,,,,,
116328,,,,,,,,,-0.329610,-7.829210,,,5.887227,-22.614334,0.093979,-0.137113,,,,,,,,,,,,
116337,,,,,,,,,-0.247207,-7.176775,,,5.498055,-24.473129,0.095539,-0.125015,,,,-0.526842,0.388824,0.300086,,,,,,
116345,,,,,,,,,,,,,,,,,,,,-0.529922,0.388711,0.158241,,,,,,
116348,,,,,,,,,-0.247207,-5.871908,,,4.626063,-25.492577,0.102101,-0.121106,,,,,,,,,,,,
116356,,,,,,,,,,,,,4.436912,-26.350340,0.101872,-0.118643,,,,-0.531602,0.388772,0.086086,,,,,,
116359,,,,,,,,,-0.219740,-6.524341,,,,,,,,,,-0.533341,0.388772,0.017023,,,,,,
116368,-0.533490,0.388630,0.021625,-0.500000,0.180000,-1.570796,0.800000,0.000000,-0.219740,-5.219473,34.964432,-20.830799,3.733217,-26.527517,0.526434,0.245172,0.028971,-0.209305,-1.592421,-0.535242,0.388837,-0.049305,,,,,,
116376,,,,,,,,,,,,,5.863845,-25.042965,0.510947,0.231169,,,,-0.537640,0.389146,-0.118702,,,,,,
116379,,,,,,,,,-0.027467,-7.176776,,,,,,,,,,,,,,,,,,
116383,,,,,,,,,,,,,,,,,,,,-0.540561,0.389546,-0.174379,,,,,,
116388,,,,,,,,,0.302142,-7.176775,,,10.379271,-21.615690,0.470710,0.197053,,,,,,,,,,,,
116391,,,,,,,,,,,,,,,,,,,,-0.543489,0.390134,-0.238434,,,,,,
116398,,,,,,,,,0.412012,-9.786511,,,16.901264,-18.187439,0.409103,0.162242,,,,-0.528320,0.388706,0.230418,,,,,,
116407,,,,,,,,,0.549350,-9.134079,,,24.022499,-13.669279,0.340079,0.115628,,,,-0.547071,0.391236,-0.302769,,,,,,
116416,-0.546511,0.391600,-0.357832,-0.500000,0.140000,-1.570796,0.800000,0.000000,,,,,,,,,,,,-0.550170,0.392373,-0.350755,,,,,,
116419,,,,,,,,,0.549350,-7.829210,80.979706,28.118351,28.925219,-9.323156,0.761616,0.569146,0.131686,-0.219373,-1.212964,,,,,,,,,
116428,,,,,,,,,1.153634,-10.438947,,,40.129429,-1.309983,0.657743,0.494900,,,,,,,,,,,,
116438,,,,,,,,,1.208569,-10.438947,,,50.101192,7.065928,0.564201,0.415352,,,,,,,,,,,,
116444,,,,,,,,,,,,,,,,,,,,-0.548904,0.390520,-0.492021,,,,,,
116448,,,,,,,,,1.043764,-10.438947,,,56.857803,11.935246,0.501460,0.369895,,,,,,,,,,,,
116451,,,,,,,,,,,,,,,,,,,,-0.548952,0.389880,-0.543553,,,,,,
116458,,,,,,,,,1.263504,-7.829210,,,63.631901,19.299549,0.437188,0.298016,,,,,,,,,,,,
116465,,,,,,,,,,,,,,,,,,,,-0.548579,0.389046,-0.586901,,,,,,
116468,-0.543861,0.386529,-0.600545,-0.500000,0.100000,-1.570796,0.800000,0.000000,1.208569,-6.524341,107.483620,60.457985,68.242538,25.495872,0.663969,0.566442,0.198102,-0.211609,-0.970251,,,,,,,,,
116478,,,,,,,,,1.455776,-4.567039,,,73.755554,33.432175,0.615585,0.492484,,,,,,,,,,,,
116481,,,,,,,,,,,,,,,,,,,,-0.545077,0.385853,-0.671216,,,,,,
116488,,,,,,,,,1.318439,-7.829209,,,78.394211,38.476147,0.575016,0.446440,,,,,,,,,,,,
116495,,,,,,,,,,,,,,,,,,,,-0.542893,0.383931,-0.709429,,,,,,
116498,,,,,,,,,1.428309,-6.524341,,,82.841721,43.264690,0.535469,0.401994,,,,,,,,,,,,
116502,,,,,,,,,,,,,,,,,,,,-0.540707,0.381890,-0.747943,,,,,,
116508,,,,,,,,,1.648049,-7.829210,,,88.217484,48.927399,0.485565,0.347673,,,,-0.537974,0.379160,-0.783743,,,,,,
116518,-0.533553,0.374913,-0.801232,-0.500000,0.060000,-1.570796,0.800000,0.000000,0.906427,-1.957303,126.128342,86.049049,85.117043,50.424740,0.711219,0.595735,0.249522,-0.195026,-0.769564,,,,,,,,,
116524,,,,,,,,,,,,,,,,,,,,-0.535011,0.376303,-0.819817,,,,,,
116528,,,,,,,,,1.702984,-7.829210,,,91.765564,56.040951,0.651606,0.545574,,,,,,,,,,,,
116532,,,,,,,,,,,,,,,,,,,,-0.531567,0.373022,-0.856176,,,,,,
116538,,,,,,,,,1.620581,-5.871908,,,95.726006,60.766430,0.618082,0.503376,,,,-0.527882,0.369224,-0.889805,,,,,,
116548,,,,,,,,,1.840321,-5.871907,,,100.147408,66.376076,0.579064,0.451214,,,,,,,,,,,,
116554,,,,,,,,,,,,,,,,,,,,-0.524043,0.365035,-0.926749,,,,,,
116558,,,,,,,,,1.620581,-5.871908,,,103.867569,70.006943,0.546315,0.418114,,,,,,,,,,,,
116562,,,,,,,,,,,,,,,,,,,,-0.520269,0.360662,-0.960915,,,,,,
116568,-0.517360,0.356377,-0.972144,-0.500000,0.020000,-1.570796,0.800000,0.000000,1.345907,-5.871908,138.657486,105.761986,103.185913,69.794693,0.685517,0.624559,0.287662,-0.175217,-0.598652,,,,,,,,,
116577,,,,,,,,,1.620581,-4.567038,,,104.245995,72.883369,0.681799,0.600248,,,,-0.515978,0.355657,-0.992258,,,,,,
116584,,,,,,,,,,,,,,,,,,,,-0.511532,0.350351,-1.023870,,,,,,
116588,,,,,,,,,1.867789,-5.219474,,,108.405205,77.660355,0.646257,0.558099,,,,,,,,,,,,
116591,,,,,,,,,,,,,,,,,,,,-0.507139,0.344593,-1.058912,,,,,,
116598,,,,,,,,,1.950191,-4.567040,,,112.993851,82.768791,0.605503,0.511613,,,,,,,,,,,,
116605,,,,,,,,,,,,,,,,,,,,-0.502441,0.338366,-1.087886,,,,,,
116608,,,,,,,,,1.977659,-5.219473,,,116.310196,87.067032,0.576809,0.472369,,,,,,,,,,,,
116613,,,,,,,,,,,,,,,,,,,,-0.497637,0.331764,-1.120389,,,,,,
116618,-0.495480,0.326458,-1.129813,-0.500000,-0.020000,-1.570796,0.800000,0.000000,1.977659,-3.914606,145.494400,120.092331,119.645111,91.228111,0.616999,0.579835,0.311384,-0.151966,-0.440983,,,,,,,,,
116628,,,,,,,,,1.785386,-4.567039,,,119.728394,92.006531,0.621320,0.577668,,,,,,,,,,,,
116638,,,,,,,,,1.345907,-0.652434,,,114.897575,90.483322,0.675747,0.598822,,,,,,,,,,,,
116643,,,,,,,,,,,,,,,,,,,,-0.482413,0.309216,-1.209923,,,,,,
116648,,,,,,,,,2.005126,-3.262171,,,117.911987,94.647125,0.651120,0.562273,,,,-0.477056,0.300694,-1.240423,,,,,,
116658,,,,,,,,,2.005126,-3.262171,,,120.448318,98.695091,0.630765,0.526073,,,,,,,,,,,,
116664,,,,,,,,,,,,,,,,,,,,-0.471701,0.291871,-1.274694,,,,,,
116668,-0.470720,0.286904,-1.276159,-0.500000,-0.060000,-1.570796,0.800000,0.000000,1.895256,3.262171,147.777756,129.854736,118.770584,103.190132,0.676178,0.584079,0.323452,-0.128756,-0.294637,,,,,,,,,
116677,,,,,,,,,1.510711,-3.262170,,,116.269852,99.893204,0.707487,0.623041,,,,-0.466678,0.282508,-1.312909,,,,,,
116682,,,,,,,,,,,,,,,,,,,,-0.461484,0.272831,-1.351719,,,,,,
116688,,,,,,,,,2.005126,-4.567039,,,119.066628,102.564598,0.685261,0.601785,,,,,,,,,,,,
116691,,,,,,,,,,,,,,,,,,,,-0.456293,0.262664,-1.390953,,,,,,
116698,,,,,,,,,2.197398,-1.304865,,,121.964371,106.445938,0.661446,0.567653,,,,-0.451471,0.252203,-1.430847,,,,,,
116708,,,,,,,,,1.977659,-1.304869,,,123.857994,109.167152,0.647294,0.544579,,,,,,,,,,,,
116714,,,,,,,,,,,,,,,,,,,,-0.446969,0.241057,-1.478951,,,,,,
116718,-0.446891,0.236868,-1.467330,-0.500000,-0.100000,-1.570796,0.800000,0.000000,1.730451,-3.262171,146.142899,138.711899,122.728569,108.189522,0.646923,0.649031,0.329581,-0.087617,-0.103466,,,,,,,,,
116729,,,,,,,,,2.362203,-1.304865,,,127.223701,113.901466,0.605755,0.596874,,,,,,,,,,,,
116738,,,,,,,,,1.565646,-0.652435,,,122.837761,111.083885,0.654276,0.630575,,,,,,,,,,,,
116744,,,,,,,,,,,,,,,,,,,,-0.434105,0.204557,-1.636258,,,,,,
116748,,,,,,,,,2.224866,0.652433,,,124.592865,115.247696,0.641035,0.593630,,,,,,,,,,,,
116752,,,,,,,,,,,,,,,,,,,,-0.430230,0.191273,-1.688706,,,,,,
116758,,,,,,,,,2.252333,-1.304871,,,127.158691,118.751122,0.619173,0.562588,,,,-0.427268,0.178015,-1.743503,,,,,,
116768,-0.428386,0.173517,-1.725676,-0.500000,-0.140000,-1.570796,0.800000,0.000000,1.757919,0.000000,136.015793,143.243454,125.505775,117.887100,0.536533,0.621615,0.320811,-0.022393,0.154880,,,,,,,,,
116774,,,,,,,,,,,,,,,,,,,,-0.423983,0.164038,-1.800731,,,,,,
116778,,,,,,,,,2.362203,1.304865,,,128.471359,122.061005,0.508386,0.584112,,,,,,,,,,,,
116782,,,,,,,,,,,,,,,,,,,,-0.421266,0.149791,-1.860028,,,,,,
116788,,,,,,,,,2.005126,0.652434,,,127.699341,123.939301,0.517770,0.569190,,,,,,,,,,,,
116796,,,,,,,,,,,,,122.148872,119.529724,0.576048,0.618028,,,,-0.419116,0.135226,-1.921493,,,,,,
116799,,,,,,,,,1.510711,0.652434,,,,,,,,,,,,,,,,,,
116804,,,,,,,,,,,,,,,,,,,,-0.417493,0.120711,-1.981694,,,,,,
116808,,,,,,,,,2.087528,3.914604,,,121.835060,122.354019,0.582022,0.593963,,,,,,,,,,,,
116812,,,,,,,,,,,,,,,,,,,,-0.416274,0.106550,-2.043966,,,,,,
116818,-0.418125,0.103444,-2.000694,-0.500000,-0.180000,-1.570796,0.800000,0.000000,1.757919,1.304868,116.432686,138.592346,119.392845,121.463127,0.410021,0.559787,0.291776,0.043708,0.429897,-0.415557,0.091811,-2.101892,,,,,,
116828,,,,,,,,,2.197398,2.609739,,,120.605225,125.069878,0.397063,0.526424,,,,,,,,,,,,
116834,,,,,,,,,,,,,,,,,,,,-0.415501,0.077063,-2.168255,,,,,,
116838,,,,,,,,,1.950191,4.567040,,,118.902603,126.470963,0.413595,0.514838,,,,,,,,,,,,
116841,,,,,,,,,,,,,,,,,,,,-0.415828,0.061929,-2.224252,,,,,,
116848,,,,,,,,,1.812854,6.524342,,,115.836388,127.105293,0.444377,0.510792,,,,,,,,,,,,
116856,,,,,,,,,,,,,108.900131,121.104500,0.515246,0.574297,,,,-0.417029,0.047167,-2.282476,,,,,,
116859,,,,,,,,,1.290972,3.262171,,,,,,,,,,,,,,,,,,
116863,,,,,,,,,,,,,,,,,,,,-0.418774,0.033037,-2.342928,,,,,,
116868,-0.420762,0.033924,-2.300411,-0.500000,-0.220000,-1.570796,0.800000,0.000000,1.812854,9.134077,87.132973,123.592224,105.786682,123.679039,0.249652,0.398533,0.242101,0.110195,0.729614,,,,,,,,,
116878,,,,,,,,,1.867789,-1.304868,,,107.523369,121.488907,0.228207,0.420855,,,,,,,,,,,,
116885,,,,,,,,,,,,,,,,,,,,-0.423599,0.004940,-2.449941,,,,,,
116888,,,,,,,,,1.510711,4.567039,,,103.539185,119.646133,0.264768,0.440072,,,,,,,,,,,,
116893,,,,,,,,,,,,,,,,,,,,-0.426810,-0.009055,-2.502677,,,,,,
116898,,,,,,,,,1.428309,6.524341,,,99.097809,117.551079,0.306789,0.462231,,,,-0.430482,-0.022679,-2.549095,,,,,,
116908,,,,,,,,,1.428309,5.219473,,,95.360832,115.243759,0.342513,0.486974,,,,,,,,,,,,
116916,-0.437168,-0.034927,-2.543247,-0.500000,-0.260000,-1.570796,0.800000,0.000000,,,,,,,,,,,,-0.434760,-0.035982,-2.589556,,,,,,
116919,,,,,,,,,0.878959,2.609737,55.648354,101.195076,87.860199,106.767860,0.096231,0.346647,0.178695,0.150579,0.972451,,,,,,,,,
116924,,,,,,,,,,,,,,,,,,,,-0.439470,-0.048686,-2.624051,,,,,,
116928,,,,,,,,,1.565646,7.176778,,,86.450050,108.348930,0.104172,0.329405,,,,,,,,,,,,
116931,,,,,,,,,,,,,,,,,,,,-0.444376,-0.060564,-2.652523,,,,,,
116938,,,,,,,,,1.208569,7.829209,,,81.451752,105.867439,0.148994,0.353286,,,,,,,,,,,,
116946,,,,,,,,,,,,,75.612556,102.690430,0.203393,0.384757,,,,-0.449821,-0.072162,-2.675311,,,,,,
116949,,,,,,,,,1.043764,6.524342,,,,,,,,,,,,,,,,,,
116956,,,,,,,,,,,,,71.788544,97.839119,0.238405,0.433941,,,,-0.455630,-0.083170,-2.689522,,,,,,
116959,,,,,,,,,1.016297,4.567039,,,,,,,,,,-0.462093,-0.093644,-2.692405,,,,,,
116968,-0.463307,-0.091413,-2.660626,-0.500000,-0.300000,-1.570796,0.800000,0.000000,0.878959,5.219473,34.905945,83.936722,67.481934,93.757233,0.067532,0.300212,0.129030,0.167947,1.089830,,,,,,,,,
116975,,,,,,,,,,,,,,,,,,,,-0.468797,-0.103887,-2.686818,,,,,,
116978,,,,,,,,,1.290972,7.176776,,,66.581070,94.679077,0.070206,0.288845,,,,,,,,,,,,
116983,,,,,,,,,,,,,,,,,,,,-0.475348,-0.112801,-2.672582,,,,,,
116988,,,,,,,,,0.988829,7.829210,,,62.011276,92.732002,0.110483,0.306557,,,,,,,,,,,,
116991,,,,,,,,,,,,,,,,,,,,-0.482453,-0.121498,-2.646857,,,,,,
116998,,,,,,,,,0.933894,7.829209,,,58.710796,90.004646,0.138726,0.332617,,,,,,,,,,,,
117005,,,,,,,,,,,,,,,,,,,,-0.489544,-0.129866,-2.615420,,,,,,
117008,,,,,,,,,0.906427,5.871908,,,55.933773,87.709846,0.162291,0.354810,,,,,,,,,,,,
117016,-0.497413,-0.136114,-2.552481,-0.500000,-0.340000,-1.570796,0.800000,0.000000,,,,,,,,,,,,-0.497140,-0.137821,-2.569528,,,,,,
117019,,,,,,,,,0.714154,2.609737,37.122349,83.372139,53.052643,81.967201,0.210080,0.406872,0.115435,0.168081,0.981685,-0.505596,-0.144953,-2.520361,,,,,,
117028,,,,,,,,,1.263504,9.134077,,,52.806633,84.758949,0.209404,0.378677,,,,,,,,,,,,
117034,,,,,,,,,,,,,,,,,,,,-0.513921,-0.151286,-2.461878,,,,,,
117038,,,,,,,,,1.016297,5.871907,,,52.055099,84.385208,0.213932,0.382212,,,,,,,,,,,,
117042,,,,,,,,,,,,,,,,,,,,-0.522275,-0.157503,-2.387775,,,,,,
117048,,,,,,,,,1.071232,8.481646,,,50.878216,84.615280,0.222950,0.379662,,,,,,,,,,,,
117056,,,,,,,,,,,,,50.432529,84.808868,0.224745,0.377439,,,,-0.530378,-0.163720,-2.315584,,,,,,
117059,,,,,,,,,1.016297,7.176775,,,,,,,,,,,,,,,,,,
117065,,,,,,,,,,,,,,,,,,,,-0.537795,-0.170313,-2.242567,,,,,,
117068,-0.537483,-0.170396,-2.238472,-0.500000,-0.380000,-1.570796,0.800000,0.000000,0.906427,7.176775,61.377216,96.679016,48.423897,83.338120,0.489971,0.527884,0.141387,0.159213,0.667675,,,,,,,,,
117078,,,,,,,,,1.236037,7.176775,,,50.001095,85.367889,0.476474,0.509848,,,,,,,,,,,,
117083,,,,,,,,,,,,,,,,,,,,-0.544940,-0.177145,-2.158702,,,,,,
117088,,,,,,,,,1.373374,6.524341,,,52.961777,87.620285,0.448550,0.489136,,,,,,,,,,,,
117091,,,,,,,,,,,,,,,,,,,,-0.551575,-0.184053,-2.076200,,,,,,
117098,,,,,,,,,1.455776,3.262171,,,59.264698,91.149078,0.385943,0.454954,,,,-0.557806,-0.190885,-1.994925,,,,,,
117106,,,,,,,,,,,,,62.389801,93.029121,0.354490,0.436884,,,,-0.564283,-0.199089,-1.908006,,,,,,
117109,,,,,,,,,1.620581,4.567038,,,,,,,,,,,,,,,,,,
117116,-0.571595,-0.211264,-1.844136,-0.500000,-0.420000,-1.570796,0.800000,0.000000,,,,,,,,,,,,-0.570903,-0.208641,-1.828876,,,,,,
117119,,,,,,,,,0.961362,1.957303,90.834206,107.636711,61.207462,89.165558,0.666808,0.588790,0.181659,0.125285,0.273340,,,,,,,,,
117128,,,,,,,,,1.675516,3.262171,,,66.747162,92.993813,0.616229,0.553436,,,,,,,,,,,,
117136,,,,,,,,,,,,,73.041893,95.670364,0.556840,0.529064,,,,-0.583005,-0.227408,-1.651237,,,,,,
117139,,,,,,,,,1.757919,1.304868,,,,,,,,,,,,,,,,,,
117143,,,,,,,,,,,,,,,,,,,,-0.588167,-0.236988,-1.567130,,,,,,
117148,,,,,,,,,1.757919,-2.609739,,,79.427368,97.377869,0.495267,0.514041,,,,,,,,,,,,
117151,,,,,,,,,,,,,,,,,,,,-0.592910,-0.246973,-1.482690,,,,,,
117158,,,,,,,,,1.867789,1.304868,,,85.344650,100.448196,0.437192,0.484775,,,,,,,,,,,,
117165,,,,,,,,,,,,,,,,,,,,-0.597096,-0.257265,-1.398082,,,,,,
117168,-0.596609,-0.261069,-1.430140,-0.500000,-0.460000,-1.570796,0.800000,0.000000,1.510711,-0.652434,111.397552,106.026772,87.056183,99.764305,0.630578,0.476767,0.210510,0.067766,-0.140656,,,,,,,,,
117177,,,,,,,,,1.620581,-3.262171,,,90.129898,98.644341,0.604095,0.489444,,,,-0.600882,-0.268623,-1.309270,,,,,,
117181,,,,,,,,,,,,,,,,,,,,-0.604561,-0.279799,-1.226873,,,,,,
117188,,,,,,,,,1.757919,-2.609739,,,94.894295,99.335632,0.559751,0.483869,,,,,,,,,,,,
117191,,,,,,,,,,,,,,,,,,,,-0.607400,-0.291301,-1.136833,,,,,,
117198,,,,,,,,,1.867789,-5.219474,,,99.992149,99.917282,0.511054,0.479274,,,,,,,,,,,,
117205,,,,,,,,,,,,,,,,,,,,-0.609637,-0.302555,-1.055754,,,,,,
117208,,,,,,,,,1.895256,-3.262171,,,104.281479,100.951225,0.469584,0.469950,,,,,,,,,,,,
117213,,,,,,,,,,,,,,,,,,,,-0.611256,-0.314018,-0.970275,,,,,,
117218,-0.609187,-0.317492,-1.022693,-0.500000,-0.500000,-1.570796,0.800000,0.000000,1.455776,-1.957302,115.674644,89.302025,103.534180,99.098473,0.522256,0.319271,0.212667,-0.001907,-0.548104,,,,,,,,,
117223,,,,,,,,,,,,,,,,,,,,-0.611256,-0.314018,-0.970275,,,,,,
117228,,,,,,,,,1.950191,-3.262171,,,107.806290,101.351364,0.481108,0.294332,,,,,,,,,,,,
117231,,,,,,,,,,,,,,,,,,,,-0.612186,-0.325606,-0.883620,,,,,,
117238,,,,,,,,,1.345906,-3.262171,,,103.777237,96.167885,0.523778,0.344793,,,,-0.612817,-0.337707,-0.801750,,,,,,
117246,,,,,,,,,,,,,104.198990,92.895592,0.521856,0.376798,,,,-0.612866,-0.349466,-0.718337,,,,,,
117249,,,,,,,,,1.373374,-6.524341,,,,,,,,,,,,,,,,,,
117255,,,,,,,,,,,,,,,,,,,,-0.612243,-0.360849,-0.642007,,,,,,
117258,,,,,,,,,1.538179,-6.524342,,,106.187485,90.686829,0.503868,0.398608,,,,,,,,,,,,
117262,,,,,,,,,,,,,,,,,,,,-0.611207,-0.372011,-0.569474,,,,,,
117268,-0.608261,-0.373276,-0.635020,,,,,,,,,,,,,,,,,,,,,,,,,
