ts,x,y,yaw,x_des,y_des,yaw_des,v_ff,w_ff,v_actual,w_actual,omega_l_cmd,omega_r_cmd,omega_l_meas,omega_r_meas,duty_l,duty_r,x_err,y_err,yaw_err,x_raw,y_raw,yaw_raw,acc_x,acc_y,acc_z,gyro_x,gyro_y,gyro_z
113468,,,,,,,,,,,,,-0.000000,-0.000000,0.000000,0.000000,,,,,,,,,,,,
113478,,,,,,,,,,,,,-0.000000,-0.000000,0.000000,0.000000,,,,,,,,,,,,
113488,,,,,,,,,,,,,-0.000000,-0.000000,0.000000,0.000000,,,,,,,,,,,,
113498,,,,,,,,,,,,,-0.000000,-0.000000,0.000000,0.000000,,,,,,,,,,,,
113508,,,,,,,,,,,,,-0.000000,-0.000000,0.000000,0.000000,,,,,,,,,,,,
113518,,,,,,,,,,,,,-0.000000,-0.000000,0.221923,0.303044,,,,,,,,,,,,
113528,,,,,,,,,,,,,3.437216,10.311646,0.191215,0.203807,,,,,,,,,,,,
113538,,,,,,,,,,,,,6.859324,13.718649,0.159974,0.172935,,,,,,,,,,,,
113548,,,,,,,,,,,,,6.864810,13.729620,0.162897,0.176022,,,,,,,,,,,,
113558,,,,,,,,,,,,,3.440660,10.321980,0.200802,0.213976,,,,,,,,,,,,
113568,,,,,,,,,,,,,10.294127,10.294127,0.236753,0.312728,,,,,,,,,,,,
113578,,,,,,,,,,,,,10.288986,17.148312,0.241102,0.248553,,,,,,,,,,,,
113588,,,,,,,,,,,,,17.129488,23.981283,0.175626,0.183224,,,,,,,,,,,,
113598,,,,,,,,,,,,,13.761262,20.641893,0.212911,0.220286,,,,,,,,,,,,
113608,,,,,,,,,,,,,17.175760,20.610912,0.181686,0.224270,,,,,,,,,,,,
113618,,,,,,,,,,,,,17.156879,20.588255,0.280938,0.309235,,,,,,,,,,,,
113628,,,,,,,,,,,,,24.012432,24.012432,0.215820,0.279577,,,,,,,,,,,,
113638,,,,,,,,,,,,,20.590313,30.885471,0.254164,0.214056,,,,,,,,,,,,
113648,,,,,,,,,,,,,27.525280,27.525280,0.187549,0.251538,,,,,,,,,,,,
113658,,,,,,,,,,,,,24.005238,27.434557,0.226189,0.256345,,,,,,,,,,,,
113669,,,,,,,,,,,,,15.783004,18.939604,0.394642,0.415450,,,,,,,,,,,,
113678,,,,,,,,,,,,,45.107529,52.625450,0.102206,0.078797,,,,,,,,,,,,
113688,,,,,,,,,,,,,30.947334,30.947334,0.247450,0.300119,,,,,,,,,,,,
113698,,,,,,,,,,,,,30.944235,37.820728,0.251124,0.234551,,,,,,,,,,,,
113708,,,,,,,,,,,,,34.214596,37.636055,0.221409,0.239601,,,,,,,,,,,,
113718,,,,,,,,,,,,,34.365273,37.801800,0.294645,0.279534,,,,,,,,,,,,
113728,,,,,,,,,,,,,41.333481,37.889023,0.227935,0.282568,,,,,,,,,,,,
113738,,,,,,,,,,,,,37.684872,41.110771,0.268123,0.253612,,,,,,,,,,,,
113748,,,,,,,,,,,,,41.246586,41.246586,0.235496,0.255488,,,,,,,,,,,,
113758,,,,,,,,,,,,,41.176510,41.176510,0.239200,0.259437,,,,,,,,,,,,
113768,,,,,,,,,,,,,41.263111,44.701706,0.305516,0.276336,,,,,,,,,,,,
113778,,,,,,,,,,,,,44.616806,44.616806,0.275554,0.280718,,,,,,,,,,,,
113788,,,,,,,,,,,,,48.034462,48.034462,0.244268,0.249391,,,,,,,,,,,,
113798,,,,,,,,,,,,,44.523342,47.948215,0.282972,0.253120,,,,,,,,,,,,
113808,,,,,,,,,,,,,51.501518,48.068085,0.215388,0.254764,,,,,,,,,,,,
113818,,,,,,,,,,,,,48.092129,44.656979,0.302323,0.339188,,,,,,,,,,,,
113828,,,,,,,,,,,,,51.635773,51.635773,0.270037,0.272446,,,,,,,,,,,,
113838,,,,,,,,,,,,,51.373085,51.373085,0.275866,0.278172,,,,,,,,,,,,
113848,,,,,,,,,,,,,54.951439,54.951439,0.242570,0.244772,,,,,,,,,,,,
113858,,,,,,,,,,,,,51.465496,51.465496,0.280613,0.282713,,,,,,,,,,,,
113869,,,,,,,,,,,,,55.737579,52.641048,0.312685,0.303999,,,,,,,,,,,,
113878,,,,,,,,,,,,,54.094177,54.094177,0.333198,0.292615,,,,,,,,,,,,
113888,,,,,,,,,,,,,61.808010,54.940453,0.258597,0.287130,,,,,,,,,,,,
113898,,,,,,,,,,,,,58.246075,58.246075,0.297465,0.256391,,,,,,,,,,,,
113908,,,,,,,,,,,,,58.467785,58.467785,0.298452,0.256446,,,,,,,,,,,,
113918,,,,,,,,,,,,,61.888470,58.450222,0.334325,0.294774,,,,,,,,,,,,
113928,,,,,,,,,,,,,65.111549,54.830776,0.305295,0.334671,,,,,,,,,,,,
113938,,,,,,,,,,,,,65.241783,61.808010,0.307167,0.267207,,,,,,,,,,,,
113948,,,,,,,,,,,,,65.079071,58.228642,0.312001,0.306024,,,,,,,,,,,,
113958,,,,,,,,,,,,,68.703041,61.832741,0.278244,0.272286,,,,,,,,,,,,
113968,,,,,,,,,,,,,65.438118,61.994011,0.359064,0.346007,,,,,,,,,,,,
113978,,,,,,,,,,,,,68.627518,61.764767,0.330550,0.352048,,,,,,,,,,,,
113988,,,,,,,,,,,,,68.634377,65.202652,0.333861,0.320731,,,,,,,,,,,,
113998,,,,,,,,,,,,,72.159859,65.287491,0.301280,0.322927,,,,,,,,,,,,
114008,,,,,,,,,,,,,72.159859,68.723671,0.303954,0.290923,,,,,,,,,,,,
114018,,,,,,,,,,,,,71.907982,65.059601,0.369673,0.378184,,,,,,,,,,,,
114028,,,,,,,,,,,,,72.275597,68.833900,0.369833,0.343708,,,,,,,,,,,,
114038,,,,,,,,,,,,,75.505356,72.073303,0.340727,0.313933,,,,,,,,,,,,
114048,,,,,,,,,,,,,78.850723,68.565849,0.309794,0.352329,,,,,,,,,,,,
114058,,,,,,,,,,,,,78.874344,75.445030,0.312075,0.285482,,,,,,,,,,,,
114069,,,,,,,,,,,,,40.182438,68.001045,0.759067,0.424755,,,,,,,,,,,,
114078,,,,,,,,,,,,,116.112091,73.537659,-0.004183,0.372919,,,,,,,,,,,,
114088,,,,,,,,,,,,,75.626312,75.626312,0.404818,0.355146,,,,,,,,,,,,
114098,,,,,,,,,,,,,72.015709,75.445030,0.445789,0.360107,,,,,,,,,,,,
114108,,,,,,,,,,,,,85.818703,78.953201,0.309864,0.327473,,,,,,,,,,,,
114118,,,,,,,,,,,,,78.913757,75.482727,0.184476,0.192475,,,,,,,,,,,,
114128,,,,,,,,,,,,,75.709694,72.268349,0.216763,0.225014,,,,,,,,,,,,
114138,,,,,,,,,,,,,68.524788,65.098549,0.290295,0.298541,,,,,,,,,,,,
114148,,,,,,,,,,,,,75.460098,72.030098,0.221237,0.229668,,,,,,,,,,,,
114158,,,,,,,,,,,,,72.037292,72.037292,0.256445,0.230037,,,,,,,,,,,,
114168,,,,,,,,,,,,,72.340851,68.896049,0.615104,0.542119,,,,,,,,,,,,
114178,,,,,,,,,,,,,89.144501,82.287224,0.451701,0.412081,,,,,,,,,,,,
114188,,,,,,,,,,,,,92.776962,85.904594,0.419282,0.379057,,,,,,,,,,,,
114198,,,,,,,,,,,,,89.233612,82.369484,0.459331,0.418266,,,,,,,,,,,,
114208,,,,,,,,,,,,,92.684196,82.385956,0.428750,0.421955,,,,,,,,,,,,
114218,,,,,,,,,,,,,96.155403,82.418915,0.456433,0.499617,,,,,,,,,,,,
114228,,,,,,,,,,,,,99.559654,96.126556,0.426100,0.365100,,,,,,,,,,,,
114238,,,,,,,,,,,,,103.168106,99.729179,0.393004,0.330913,,,,,,,,,,,,
114248,,,,,,,,,,,,,92.315018,82.057793,0.506693,0.513000,,,,,,,,,,,,
114258,,,,,,,,,,,,,96.406113,86.076889,0.470123,0.477379,,,,,,,,,,,,
114269,,,,,,,,,,,,,52.338943,52.338943,0.968557,0.923640,,,,,,,,,,,,
114278,,,,,,,,,,,,,150.623123,142.898849,-0.019913,0.013159,,,,,,,,,,,,
114288,,,,,,,,,,,,,106.853210,99.959450,0.420912,0.446259,,,,,,,,,,,,
114298,,,,,,,,,,,,,89.037804,85.613274,0.605755,0.596296,,,,,,,,,,,,
114308,,,,,,,,,,,,,106.831757,103.385559,0.430946,0.421594,,,,,,,,,,,,
114318,,,,,,,,,,,,,103.023636,96.155403,0.529487,0.546898,,,,,,,,,,,,
114328,,,,,,,,,,,,,109.891884,103.023636,0.464432,0.482261,,,,,,,,,,,,
114338,,,,,,,,,,,,,109.913879,106.479073,0.467835,0.451060,,,,,,,,,,,,
114348,,,,,,,,,,,,,109.595917,106.171051,0.474701,0.457556,,,,,,,,,,,,
114358,,,,,,,,,,,,,110.068031,103.188774,0.473572,0.491391,,,,,,,,,,,,
114368,,,,,,,,,,,,,109.694397,102.838493,0.500649,0.548115,,,,,,,,,,,,
114378,,,,,,,,,,,,,109.924866,106.489716,0.502351,0.515918,,,,,,,,,,,,
114388,,,,,,,,,,,,,113.269363,109.836960,0.472244,0.486091,,,,,,,,,,,,
114398,,,,,,,,,,,,,113.337341,109.902878,0.474888,0.489064,,,,,,,,,,,,
114408,,,,,,,,,,,,,113.484917,110.045990,0.476707,0.491237,,,,,,,,,,,,
114418,,,,,,,,,,,,,116.736786,113.303345,0.472641,0.483891,,,,,,,,,,,,
114428,,,,,,,,,,,,,112.885658,109.464890,0.515073,0.526432,,,,,,,,,,,,
114438,,,,,,,,,,,,,116.865334,113.428108,0.478401,0.490164,,,,,,,,,,,,
114448,,,,,,,,,,,,,116.970726,113.530403,0.480450,0.492485,,,,,,,,,,,,
114458,,,,,,,,,,,,,116.795174,113.360016,0.485344,0.497567,,,,,,,,,,,,
114469,,,,,,,,,,,,,94.922394,91.860374,0.745192,0.712521,,,,,,,,,,,,
114478,,,,,,,,,,,,,132.294632,120.621574,0.372167,0.426684,,,,,,,,,,,,
114488,,,,,,,,,,,,,127.240677,123.801743,0.424415,0.396020,,,,,,,,,,,,
114498,,,,,,,,,,,,,116.947289,113.507652,0.531116,0.502158,,,,,,,,,,,,
114508,,,,,,,,,,,,,123.184830,116.341225,0.471260,0.476452,,,,,,,,,,,,
114518,,,,,,,,,,,,,120.640717,117.193840,0.190719,0.235828,,,,,,,,,,,,
114528,,,,,,,,,,,,,109.858925,106.425835,0.297663,0.343523,,,,,,,,,,,,
114538,,,,,,,,,,,,,106.181641,102.756424,0.334297,0.380965,,,,,,,,,,,,
114548,,,,,,,,,,,,,103.033951,109.902878,0.366264,0.308819,,,,,,,,,,,,
114558,,,,,,,,,,,,,109.990898,103.116463,0.295794,0.377359,,,,,,,,,,,,
114568,,,,,,,,,,,,,102.776924,102.776924,0.711271,0.647717,,,,,,,,,,,,
114578,,,,,,,,,,,,,123.209381,119.786896,0.510124,0.480179,,,,,,,,,,,,
114588,,,,,,,,,,,,,134.347305,127.457695,0.399694,0.404499,,,,,,,,,,,,
114598,,,,,,,,,,,,,127.342712,123.901024,0.472090,0.441805,,,,,,,,,,,,
114608,,,,,,,,,,,,,120.038177,113.178848,0.548947,0.552910,,,,,,,,,,,,
114618,,,,,,,,,,,,,123.640747,120.206276,0.505100,0.476360,,,,,,,,,,,,
114628,,,,,,,,,,,,,126.872147,120.014191,0.475017,0.480626,,,,,,,,,,,,
114638,,,,,,,,,,,,,127.202446,123.764542,0.473879,0.444717,,,,,,,,,,,,
114648,,,,,,,,,,,,,126.821487,123.393883,0.479929,0.450093,,,,,,,,,,,,
114658,,,,,,,,,,,,,123.739769,116.865334,0.513603,0.518353,,,,,,,,,,,,
114669,,,,,,,,,,,,,66.203407,59.898319,1.000000,1.000000,,,,,,,,,,,,
114678,,,,,,,,,,,,,176.922958,165.630005,-0.049603,0.005766,,,,,,,,,,,,
114688,,,,,,,,,,,,,130.876236,130.876236,0.411564,0.352851,,,,,,,,,,,,
114698,,,,,,,,,,,,,102.972153,99.539749,0.696885,0.672030,,,,,,,,,,,,
114708,,,,,,,,,,,,,127.049797,120.182236,0.457574,0.467291,,,,,,,,,,,,
114718,,,,,,,,,,,,,126.745575,119.894455,0.450038,0.469074,,,,,,,,,,,,
114728,,,,,,,,,,,,,120.483467,113.598694,0.515200,0.534978,,,,,,,,,,,,
114738,,,,,,,,,,,,,126.581390,116.318039,0.455542,0.510187,,,,,,,,,,,,
114748,,,,,,,,,,,,,123.925858,120.483467,0.483949,0.470103,,,,,,,,,,,,
114758,,,,,,,,,,,,,126.796173,123.369255,0.456525,0.442238,,,,,,,,,,,,
114768,,,,,,,,,,,,,126.935539,120.074158,0.156048,0.214349,,,,,,,,,,,,
114778,,,,,,,,,,,,,106.756752,103.312973,0.357233,0.381818,,,,,,,,,,,,
114788,,,,,,,,,,,,,109.869911,106.436478,0.324876,0.349815,,,,,,,,,,,,
114798,,,,,,,,,,,,,106.139290,106.139290,0.361703,0.352079,,,,,,,,,,,,
114808,,,,,,,,,,,,,106.756752,106.756752,0.354926,0.345072,,,,,,,,,,,,
114818,,,,,,,,,,,,,109.552208,106.128700,0.561936,0.541631,,,,,,,,,,,,
114828,,,,,,,,,,,,,116.841934,113.405403,0.491049,0.470447,,,,,,,,,,,,
114838,,,,,,,,,,,,,127.329948,120.447243,0.386082,0.400203,,,,,,,,,,,,
114849,,,,,,,,,,,,,68.091537,64.849083,0.990226,0.967480,,,,,,,,,,,,
114858,,,,,,,,,,,,,163.548813,156.279968,0.028322,0.046179,,,,,,,,,,,,
114868,,,,,,,,,,,,,124.062683,113.724113,0.385920,0.494049,,,,,,,,,,,,
114878,,,,,,,,,,,,,102.848770,106.277069,0.602126,0.571937,,,,,,,,,,,,
114888,,,,,,,,,,,,,120.002205,120.002205,0.431229,0.435357,,,,,,,,,,,,
114898,,,,,,,,,,,,,120.483467,117.041084,0.426956,0.466232,,,,,,,,,,,,
114908,,,,,,,,,,,,,116.596870,113.167542,0.467140,0.507006,,,,,,,,,,,,
114918,,,,,,,,,,,,,116.795174,120.230324,0.396414,0.358170,,,,,,,,,,,,
114928,,,,,,,,,,,,,119.846626,112.998245,0.365194,0.431017,,,,,,,,,,,,
114938,,,,,,,,,,,,,113.735535,113.735535,0.426822,0.424024,,,,,,,,,,,,
114948,,,,,,,,,,,,,113.065903,113.065903,0.434169,0.431233,,,,,,,,,,,,
114958,,,,,,,,,,,,,116.841934,116.841934,0.396304,0.393231,,,,,,,,,,,,
114968,,,,,,,,,,,,,116.387627,112.964455,0.299005,0.362167,,,,,,,,,,,,
114978,,,,,,,,,,,,,109.924866,106.489716,0.362915,0.427363,,,,,,,,,,,,
114988,,,,,,,,,,,,,106.457771,109.891884,0.397562,0.393110,,,,,,,,,,,,
114998,,,,,,,,,,,,,110.200508,113.644272,0.359362,0.354603,,,,,,,,,,,,
115008,,,,,,,,,,,,,109.891884,106.457771,0.361737,0.426923,,,,,,,,,,,,
115018,,,,,,,,,,,,,106.330147,109.760147,0.122721,0.151498,,,,,,,,,,,,
115028,,,,,,,,,,,,,92.721275,96.155403,0.256148,0.285312,,,,,,,,,,,,
115038,,,,,,,,,,,,,89.100014,92.526939,0.290423,0.320088,,,,,,,,,,,,
115049,,,,,,,,,,,,,74.031120,83.687355,0.442188,0.408744,,,,,,,,,,,,
115058,,,,,,,,,,,,,95.813354,99.498474,0.221085,0.247731,,,,,,,,,,,,
115068,,,,,,,,,,,,,99.699211,99.699211,0.349660,0.365626,,,,,,,,,,,,
115078,,,,,,,,,,,,,99.460205,99.460205,0.351403,0.367530,,,,,,,,,,,,
115088,,,,,,,,,,,,,99.420479,102.848770,0.351161,0.332481,,,,,,,,,,,,
115098,,,,,,,,,,,,,96.213142,99.649330,0.383237,0.363952,,,,,,,,,,,,
115108,,,,,,,,,,,,,103.085510,99.649330,0.313141,0.363428,,,,,,,,,,,,
115118,,,,,,,,,,,,,99.539749,99.539749,0.254098,0.287360,,,,,,,,,,,,
115128,,,,,,,,,,,,,92.767670,99.639359,0.320671,0.284340,,,,,,,,,,,,
115138,,,,,,,,,,,,,92.416245,88.993423,0.323107,0.390903,,,,,,,,,,,,
115148,,,,,,,,,,,,,92.944389,92.944389,0.316641,0.350708,,,,,,,,,,,,
115158,,,,,,,,,,,,,96.242035,99.679253,0.281821,0.281326,,,,,,,,,,,,
115168,,,,,,,,,,,,,89.100014,92.526939,0.263244,0.258913,,,,,,,,,,,,
115178,,,,,,,,,,,,,92.619377,89.189034,0.225175,0.290528,,,,,,,,,,,,
115188,,,,,,,,,,,,,85.844460,89.278236,0.291404,0.287853,,,,,,,,,,,,
115198,,,,,,,,,,,,,85.724426,85.724426,0.291108,0.322319,,,,,,,,,,,,
115208,,,,,,,,,,,,,82.733360,86.180588,0.320120,0.316595,,,,,,,,,,,,
115218,,,,,,,,,,,,,89.091125,89.091125,0.161762,0.223518,,,,,,,,,,,,
115228,,,,,,,,,,,,,78.756355,89.028931,0.263191,0.221187,,,,,,,,,,,,
115238,,,,,,,,,,,,,82.642090,82.642090,0.221638,0.283380,,,,,,,,,,,,
115249,,,,,,,,,,,,,74.065842,74.065842,0.306420,0.369182,,,,,,,,,,,,
115258,,,,,,,,,,,,,80.795341,88.140373,0.236798,0.225662,,,,,,,,,,,,
115268,,,,,,,,,,,,,79.230453,82.675255,0.187254,0.227358,,,,,,,,,,,,
115278,,,,,,,,,,,,,71.900810,78.748497,0.258764,0.264723,,,,,,,,,,,,
115288,,,,,,,,,,,,,75.437492,75.437492,0.220903,0.296593,,,,,,,,,,,,
115298,,,,,,,,,,,,,72.253860,79.135178,0.250883,0.257637,,,,,,,,,,,,
115308,,,,,,,,,,,,,72.181526,79.055962,0.249763,0.256465,,,,,,,,,,,,
115318,,,,,,,,,,,,,75.414894,78.842850,0.158573,0.174640,,,,,,,,,,,,
115328,,,,,,,,,,,,,68.826996,72.268349,0.222175,0.238170,,,,,,,,,,,,
115338,,,,,,,,,,,,,68.388298,71.807716,0.224373,0.240654,,,,,,,,,,,,
115348,,,,,,,,,,,,,65.228737,72.094917,0.254412,0.235602,,,,,,,,,,,,
115358,,,,,,,,,,,,,68.813202,68.813202,0.216293,0.266895,,,,,,,,,,,,
115368,,,,,,,,,,,,,68.634377,72.066093,0.125933,0.190027,,,,,,,,,,,,
115378,,,,,,,,,,,,,58.473644,65.352890,0.225571,0.255501,,,,,,,,,,,,
115388,,,,,,,,,,,,,65.294022,68.730545,0.154034,0.219390,,,,,,,,,,,,
115398,,,,,,,,,,,,,58.135845,71.814873,0.223715,0.185596,,,,,,,,,,,,
115408,,,,,,,,,,,,,62.012669,65.457817,0.182269,0.247487,,,,,,,,,,,,
115418,,,,,,,,,,,,,58.280972,65.137550,0.159759,0.203196,,,,,,,,,,,,
115428,,,,,,,,,,,,,58.269333,65.124542,0.156811,0.200814,,,,,,,,,,,,
115438,,,,,,,,,,,,,54.962433,61.832741,0.187478,0.231878,,,,,,,,,,,,
115449,,,,,,,,,,,,,29.039482,32.266090,0.449490,0.531604,,,,,,,,,,,,
115458,,,,,,,,,,,,,95.618362,110.328873,-0.226832,-0.260577,,,,,,,,,,,,
115468,,,,,,,,,,,,,41.077984,51.347477,0.268716,0.279687,,,,,,,,,,,,
115478,,,,,,,,,,,,,37.900433,41.345928,0.300517,0.380970,,,,,,,,,,,,
115488,,,,,,,,,,,,,58.141640,68.401924,0.094082,0.106266,,,,,,,,,,,,
115498,,,,,,,,,,,,,44.710659,55.028500,0.227055,0.238531,,,,,,,,,,,,
115508,,,,,,,,,,,,,48.020065,51.450066,0.191962,0.273561,,,,,,,,,,,,
115518,,,,,,,,,,,,,51.656487,61.987789,0.100672,0.153920,,,,,,,,,,,,
115528,,,,,,,,,,,,,44.545563,58.251888,0.169454,0.188942,,,,,,,,,,,,
115538,,,,,,,,,,,,,44.692753,51.568554,0.165626,0.254774,,,,,,,,,,,,
115548,,,,,,,,,,,,,48.106571,54.978939,0.128448,0.218987,,,,,,,,,,,,
115558,,,,,,,,,,,,,41.106670,58.234451,0.196808,0.184098,,,,,,,,,,,,
115568,,,,,,,,,,,,,44.733063,58.497086,0.089887,0.045894,,,,,,,,,,,,
115578,,,,,,,,,,,,,41.209457,44.643581,0.122124,0.182202,,,,,,,,,,,,
115588,,,,,,,,,,,,,37.748905,48.044064,0.154422,0.145289,,,,,,,,,,,,
115598,,,,,,,,,,,,,41.213581,44.648048,0.116775,0.177021,,,,,,,,,,,,
115608,,,,,,,,,,,,,37.730049,48.020065,0.149308,0.140398,,,,,,,,,,,,
115618,,,,,,,,,,,,,41.172398,48.034462,0.092163,0.224749,,,,,,,,,,,,
115628,,,,,,,,,,,,,34.368713,48.116199,0.158182,0.222723,,,,,,,,,,,,
115638,,,,,,,,,,,,,41.263111,55.017483,0.085841,0.151122,,,,,,,,,,,,
115649,,,,,,,,,,,,,19.408901,22.643719,0.305357,0.478746,,,,,,,,,,,,
115658,,,,,,,,,,,,,54.800507,84.027443,-0.054663,-0.143482,,,,,,,,,,,,
115668,,,,,,,,,,,,,30.934942,41.246586,0.156346,0.277480,,,,,,,,,,,,
115678,,,,,,,,,,,,,27.456495,37.752678,0.189980,0.313146,,,,,,,,,,,,
115688,,,,,,,,,,,,,37.730049,58.310078,0.084038,0.104188,,,,,,,,,,,,
115698,,,,,,,,,,,,,30.882383,44.607887,0.150678,0.240565,,,,,,,,,,,,
115708,,,,,,,,,,,,,27.530798,41.296200,0.183028,0.273701,,,,,,,,,,,,
115718,,,,,,,,,,,,,34.258976,54.814362,0.110351,0.142744,,,,,,,,,,,,
115728,,,,,,,,,,,,,30.947334,44.701706,0.141561,0.243343,,,,,,,,,,,,
115738,,,,,,,,,,,,,27.437298,44.585609,0.175458,0.244000,,,,,,,,,,,,
115748,,,,,,,,,,,,,30.879299,51.465496,0.139145,0.173321,,,,,,,,,,,,
115758,,,,,,,,,,,,,30.938040,51.563396,0.136654,0.170442,,,,,,,,,,,,
115768,,,,,,,,,,,,,27.461985,44.625725,0.170609,0.229904,,,,,,,,,,,,
115778,,,,,,,,,,,,,34.265816,44.545563,0.100009,0.230025,,,,,,,,,,,,
115788,,,,,,,,,,,,,27.456495,54.912991,0.166902,0.123597,,,,,,,,,,,,
115798,,,,,,,,,,,,,27.558420,41.337627,0.164663,0.259311,,,,,,,,,,,,
115808,,,,,,,,,,,,,34.235065,44.505585,0.095340,0.226959,,,,,,,,,,,,
115818,,,,,,,,,,,,,27.533560,55.067120,0.118999,0.041199,,,,,,,,,,,,
