ts,x,y,yaw,x_des,y_des,yaw_des,v_ff,w_ff,v_actual,w_actual,omega_l_cmd,omega_r_cmd,omega_l_meas,omega_r_meas,duty_l,duty_r,x_err,y_err,yaw_err,x_raw,y_raw,yaw_raw,acc_x,acc_y,acc_z,gyro_x,gyro_y,gyro_z
68080,,,,,,,,,-0.000000,0.000000,,,0.000000,0.000000,0.000000,0.000000,,,,,,,,,,,,
68085,,,,,,,,,,,,,,,,,,,,-0.015193,-1.075003,-1.532091,,,,,,
68089,,,,,,,,,-0.000000,0.000000,,,0.000000,0.000000,0.000000,0.000000,,,,,,,,,,,,
68095,,,,,,,,,,,,,,,,,,,,-0.015192,-1.075000,-1.532091,,,,,,
68099,,,,,,,,,-0.000000,0.000000,,,0.000000,0.000000,0.000000,0.000000,,,,,,,,,,,,
68105,,,,,,,,,,,,,,,,,,,,-0.015238,-1.075018,-1.532091,,,,,,
68109,,,,,,,,,-0.000000,0.000000,,,0.000000,0.000000,0.000000,0.000000,,,,,,,,,,,,
68115,,,,,,,,,,,,,,,,,,,,-0.015230,-1.075013,-1.532091,,,,,,
68119,,,,,,,,,-0.000000,0.000000,,,0.000000,0.000000,0.000000,0.000000,,,,,,,,,,,,
68125,,,,,,,,,,,,,,,,,,,,-0.015227,-1.075015,-1.532091,,,,,,
68130,-0.015227,-1.075015,-1.532091,0.001110,-1.002185,-1.100233,0.018589,0.008938,-0.000000,0.000000,-19.509914,-18.960297,0.000000,0.000000,-0.199001,-0.193395,-0.072143,0.019143,0.431859,,,,,,,,,
68135,,,,,,,,,,,,,,,,,,,,-0.015226,-1.075016,-1.532091,,,,,,
68140,,,,,,,,,-0.109870,0.000000,,,-1.089086,-0.544543,-0.191794,-0.191633,,,,,,,,,,,,
68145,,,,,,,,,,,,,,,,,,,,-0.015224,-1.075014,-1.532091,,,,,,
68150,,,,,,,,,-0.054935,0.000000,,,-1.460900,-1.547265,-0.191686,-0.185088,,,,,,,,,,,,
68155,,,,,,,,,,,,,,,,,,,,-0.015191,-1.075074,-1.528287,,,,,,
68159,,,,,,,,,-0.109870,1.304868,,,-2.862831,-1.846412,-0.180996,-0.185519,,,,,,,,,,,,
68165,,,,,,,,,,,,,,,,,,,,-0.015204,-1.075379,-1.520900,,,,,,
68169,,,,,,,,,-0.137337,0.652434,,,-3.497872,-2.642657,-0.177848,-0.180821,,,,,,,,,,,,
68175,,,,,,,,,,,,,,,,,,,,-0.015208,-1.075659,-1.517633,,,,,,
68180,-0.015240,-1.075034,-1.516119,0.003684,-1.007228,-1.097477,0.072641,0.035112,-0.137337,-0.652434,-15.653728,-13.552290,-4.576739,-3.857161,-0.130713,-0.116534,-0.066670,0.022602,0.418642,,,,,,,,,
68185,,,,,,,,,,,,,,,,,,,,-0.015143,-1.076021,-1.507502,,,,,,
68191,,,,,,,,,-0.109870,1.304868,,,-6.573584,-4.334501,-0.112561,-0.113605,,,,,,,,,,,,
68195,,,,,,,,,,,,,,,,,,,,-0.015078,-1.076364,-1.501274,,,,,,
68200,,,,,,,,,-0.164805,1.304868,,,-6.620099,-4.191592,-0.113902,-0.116906,,,,,,,,,,,,
68205,,,,,,,,,,,,,,,,,,,,-0.015078,-1.076216,-1.498914,,,,,,
68209,,,,,,,,,-0.082402,0.652434,,,-6.659236,-4.071348,-0.115310,-0.120004,,,,,,,,,,,,
68215,,,,,,,,,,,,,,,,,,,,-0.015256,-1.074383,-1.490137,,,,,,
68219,,,,,,,,,-0.082402,0.652434,,,-6.692167,-3.970175,-0.116773,-0.122933,,,,,,,,,,,,
68225,,,,,,,,,,,,,,,,,,,,-0.015415,-1.072829,-1.482375,,,,,,
68230,-0.015425,-1.072669,-1.482469,0.008576,-1.016719,-1.092169,0.158836,0.077881,-0.137337,0.652434,-8.083923,-3.713162,-6.719875,-3.885048,-0.041070,-0.025358,-0.053615,0.028843,0.390300,,,,,,,,,
68235,,,,,,,,,,,,,,,,,,,,-0.015626,-1.070919,-1.477617,,,,,,
68239,,,,,,,,,-0.027467,0.652434,,,-6.743188,-3.813422,-0.041105,-0.026054,,,,,,,,,,,,
68245,,,,,,,,,,,,,,,,,,,,-0.015841,-1.069075,-1.469481,,,,,,
68251,,,,,,,,,-0.000000,0.000000,,,-5.673717,-3.208613,-0.052282,-0.032203,,,,,,,,,,,,
68255,,,,,,,,,,,,,,,,,,,,-0.016179,-1.067280,-1.461597,,,,,,
68259,,,,,,,,,-0.054935,1.304868,,,-5.862952,-2.699726,-0.050834,-0.037495,,,,,,,,,,,,
68265,,,,,,,,,,,,,,,,,,,,-0.016518,-1.065263,-1.461223,,,,,,
68269,,,,,,,,,-0.054935,0.000000,,,-5.477630,-2.816092,-0.055209,-0.036511,,,,,,,,,,,,
68275,,,,,,,,,,,,,,,,,,,,-0.016796,-1.063097,-1.460513,,,,,,
68280,-0.016702,-1.063671,-1.462356,0.016425,-1.031687,-1.083463,0.272347,0.137231,-0.027467,0.652434,4.181748,11.578557,-5.153420,-2.369460,0.066073,0.114730,-0.028211,0.036394,0.378893,,,,,,,,,
68285,,,,,,,,,,,,,,,,,,,,-0.017117,-1.060950,-1.452886,,,,,,
68290,,,,,,,,,-0.000000,0.000000,,,-4.336087,-1.993663,0.059603,0.113686,,,,,,,,,,,,
68295,,,,,,,,,,,,,,,,,,,,-0.017168,-1.060704,-1.449207,,,,,,
68300,,,,,,,,,-0.000000,0.000000,,,-3.648383,-1.677468,0.054292,0.113175,,,,,,,,,,,,
68305,,,,,,,,,,,,,,,,,,,,-0.017143,-1.060675,-1.445538,,,,,,
68310,,,,,,,,,-0.000000,0.000000,,,-3.069749,-1.411421,0.049956,0.113113,,,,,,,,,,,,
68315,,,,,,,,,,,,,,,,,,,,-0.017102,-1.060871,-1.445538,,,,,,
68319,,,,,,,,,0.054935,0.000000,,,-2.038343,-0.643026,0.040886,0.107873,,,,,,,,,,,,
68325,,,,,,,,,,,,,,,,,,,,-0.017057,-1.061377,-1.449300,,,,,,
68330,-0.017002,-1.061798,-1.450396,0.027771,-1.052766,-1.070437,0.406428,0.214064,-0.000000,0.000000,16.965660,28.195547,-1.715062,-0.541042,0.169229,0.278771,-0.003589,0.045534,0.379959,,,,,,,,,
68335,,,,,,,,,,,,,,,,,,,,-0.017020,-1.061743,-1.445570,,,,,,
68339,,,,,,,,,0.082402,0.652434,,,-0.898510,0.633853,0.164636,0.272534,,,,,,,,,,,,
68345,,,,,,,,,,,,,,,,,,,,-0.016929,-1.062211,-1.445610,,,,,,
68351,,,,,,,,,0.082402,0.652434,,,-0.211463,1.622411,0.161201,0.267963,,,,,,,,,,,,
68355,,,,,,,,,,,,,,,,,,,,-0.017013,-1.062357,-1.434452,,,,,,
68360,,,,,,,,,0.219740,2.609737,,,0.911162,4.632356,0.153186,0.242576,,,,,,,,,,,,
68365,,,,,,,,,,,,,,,,,,,,-0.016962,-1.063156,-1.427119,,,,,,
68369,,,,,,,,,0.164805,2.609737,,,1.311195,6.620379,0.152316,0.227011,,,,,,,,,,,,
68375,,,,,,,,,,,,,,,,,,,,-0.016843,-1.064614,-1.416163,,,,,,
68380,-0.016734,-1.065058,-1.408086,0.043043,-1.080105,-1.052024,0.552327,0.310504,0.164805,1.304868,31.865395,46.644112,2.192325,8.837646,0.298437,0.396885,0.024532,0.056549,0.356062,,,,,,,,,
68385,,,,,,,,,,,,,,,,,,,,-0.016627,-1.066055,-1.398062,,,,,,
68389,,,,,,,,,0.274675,2.609737,,,3.478252,10.158710,0.291255,0.390972,,,,,,,,,,,,
68395,,,,,,,,,,,,,,,,,,,,-0.016376,-1.067903,-1.380051,,,,,,
68400,,,,,,,,,0.466947,1.957303,,,6.193860,13.992969,0.269233,0.359159,,,,,,,,,,,,
68405,,,,,,,,,,,,,,,,,,,,-0.016039,-1.069874,-1.365714,,,,,,
68410,,,,,,,,,0.302142,1.957302,,,10.112402,19.397285,0.234398,0.310566,,,,,,,,,,,,
68415,,,,,,,,,,,,,,,,,,,,-0.015546,-1.072353,-1.348001,,,,,,
68420,,,,,,,,,0.769089,5.219474,,,11.775833,21.766306,0.221782,0.291851,,,,,,,,,,,,
68426,,,,,,,,,,,,,,,,,,,,-0.014960,-1.075053,-1.330322,,,,,,
68430,-0.014220,-1.077317,-1.314949,0.062527,-1.113278,-1.026915,0.699567,0.430324,0.466947,0.652434,49.042553,65.295624,14.264530,23.759600,0.375622,0.466740,0.054213,0.065148,0.288034,,,,,,,,,
68435,,,,,,,,,,,,,,,,,,,,-0.014265,-1.078161,-1.316264,,,,,,
68440,,,,,,,,,0.521882,3.262171,,,15.813976,26.525843,0.366773,0.446832,,,,,,,,,,,,
68445,,,,,,,,,,,,,,,,,,,,-0.013203,-1.081847,-1.295325,,,,,,
68449,,,,,,,,,0.769089,3.914606,,,19.295853,31.031532,0.337904,0.408628,,,,,,,,,,,,
68455,,,,,,,,,,,,,,,,,,,,-0.012216,-1.085827,-1.277996,,,,,,
68460,,,,,,,,,0.769089,2.609737,,,22.770046,34.822617,0.308417,0.376812,,,,,,,,,,,,
68465,,,,,,,,,,,,,,,,,,,,-0.011144,-1.090008,-1.264261,,,,,,
68470,,,,,,,,,0.604285,-3.914605,,,22.970516,34.200634,0.311626,0.389250,,,,,,,,,,,,
68475,,,,,,,,,,,,,,,,,,,,-0.009855,-1.094553,-1.247122,,,,,,
68480,-0.009771,-1.095603,-1.269238,0.086343,-1.151248,-0.993420,0.836602,0.579593,0.961362,7.176775,63.571293,82.996971,29.673710,41.300903,0.396661,0.503600,0.081681,0.075250,0.275818,,,,,,,,,
68485,,,,,,,,,,,,,,,,,,,,-0.008355,-1.099519,-1.230092,,,,,,
68490,,,,,,,,,0.906427,1.957303,,,33.135605,44.552353,0.368129,0.478775,,,,,,,,,,,,
68495,,,,,,,,,,,,,,,,,,,,-0.006818,-1.104929,-1.213296,,,,,,
68500,,,,,,,,,0.906427,3.262171,,,35.503899,47.832664,0.350060,0.453005,,,,,,,,,,,,
68505,,,,,,,,,,,,,,,,,,,,-0.005046,-1.110543,-1.193136,,,,,,
68510,,,,,,,,,0.604285,1.304869,,,35.318409,46.780914,0.357566,0.470765,,,,,,,,,,,,
68515,,,,,,,,,,,,,,,,,,,,-0.002994,-1.116540,-1.176442,,,,,,
68520,,,,,,,,,1.345907,1.957305,,,42.241398,53.519581,0.292602,0.409274,,,,,,,,,,,,
68525,,,,,,,,,,,,,,,,,,,,-0.000717,-1.123226,-1.159827,,,,,,
68530,0.000466,-1.126211,-1.160801,0.114420,-1.192397,-0.949265,0.951825,0.767687,0.933894,0.000000,78.506088,97.514397,44.799141,54.288605,0.423114,0.555403,0.106123,0.078127,0.211536,,,,,,,,,
68535,,,,,,,,,,,,,,,,,,,,0.001780,-1.129756,-1.133459,,,,,,
68539,,,,,,,,,0.933894,5.219474,,,44.773052,57.113834,0.430121,0.535231,,,,,,,,,,,,
68545,,,,,,,,,,,,,,,,,,,,0.004645,-1.136452,-1.110532,,,,,,
68549,,,,,,,,,1.208569,3.914605,,,48.018360,61.669151,0.403765,0.496847,,,,,,,,,,,,
68555,,,,,,,,,,,,,,,,,,,,0.008051,-1.144027,-1.087828,,,,,,
68559,,,,,,,,,1.208569,2.609737,,,51.293507,64.957451,0.376457,0.470475,,,,,,,,,,,,
68565,,,,,,,,,,,,,,,,,,,,0.011418,-1.151476,-1.062070,,,,,,
68570,,,,,,,,,0.659220,1.304869,,,49.148323,61.734253,0.403780,0.509863,,,,,,,,,,,,
68575,,,,,,,,,,,,,,,,,,,,0.015102,-1.159248,-1.042845,,,,,,
68580,0.015069,-1.158970,-1.047271,0.146463,-1.234600,-0.891288,1.034848,1.008905,1.428309,1.304868,91.817368,109.761833,54.966972,66.645859,0.486076,0.591845,0.131189,0.075985,0.155983,,,,,,,,,
68585,,,,,,,,,,,,,,,,,,,,0.019026,-1.167261,-1.014200,,,,,,
68590,,,,,,,,,1.400841,1.957302,,,59.318241,70.778481,0.449063,0.558315,,,,,,,,,,,,
68595,,,,,,,,,,,,,,,,,,,,0.023570,-1.175807,-0.982722,,,,,,
68600,,,,,,,,,1.373374,2.609737,,,61.890312,74.255669,0.429328,0.530645,,,,,,,,,,,,
68605,,,,,,,,,,,,,,,,,,,,0.028175,-1.184430,-0.957737,,,,,,
68610,,,,,,,,,1.290972,3.262171,,,64.054451,76.636833,0.413239,0.513458,,,,,,,,,,,,
68615,,,,,,,,,,,,,,,,,,,,0.033371,-1.193280,-0.926692,,,,,,
68619,,,,,,,,,1.373374,2.609737,,,66.419899,78.640343,0.394664,0.499647,,,,,,,,,,,,
68631,0.038516,-1.201195,-0.903066,0.181936,-1.275383,-0.814979,1.077910,1.324995,0.769089,1.304867,100.853867,116.084381,62.964756,74.880669,0.434986,0.544220,,,,0.038784,-1.202083,-0.895824,,,,,,
68634,,,,,,,,,,,,,,,,,0.147061,0.066680,0.088086,0.044605,-1.211205,-0.862147,,,,,,
68640,,,,,,,,,1.702984,2.609736,,,68.770294,80.429970,0.473713,0.559084,,,,,,,,,,,,
68645,,,,,,,,,,,,,,,,,,,,0.051117,-1.220398,-0.825762,,,,,,
68650,,,,,,,,,1.345907,0.652434,,,70.932350,81.831894,0.458076,0.551915,,,,,,,,,,,,
68655,,,,,,,,,,,,,,,,,,,,0.057699,-1.229757,-0.792683,,,,,,
68659,,,,,,,,,1.455776,3.262171,,,72.751511,84.100555,0.445505,0.535625,,,,,,,,,,,,
68665,,,,,,,,,,,,,,,,,,,,0.064981,-1.239114,-0.753868,,,,,,
68671,,,,,,,,,0.906427,0.652435,,,75.371239,85.464859,0.424405,0.528106,,,,,,,,,,,,
68675,,,,,,,,,,,,,,,,,,,,0.072549,-1.248420,-0.715275,,,,,,
68680,0.072131,-1.247376,-0.728309,0.220044,-1.312124,-0.713813,1.077275,1.748843,1.648049,1.304868,104.542778,116.437347,73.763672,83.890068,0.483525,0.553893,0.153484,0.050131,0.014495,,,,,,,,,
68685,,,,,,,,,,,,,,,,,,,,0.080794,-1.257679,-0.674093,,,,,,
68690,,,,,,,,,1.565646,1.957302,,,76.767410,86.921387,0.459043,0.529483,,,,,,,,,,,,
68695,,,,,,,,,,,,,,,,,,,,0.089435,-1.266717,-0.630261,,,,,,
68699,,,,,,,,,1.483244,2.609737,,,78.205666,88.927399,0.449928,0.514925,,,,,,,,,,,,
68705,,,,,,,,,,,,,,,,,,,,0.098261,-1.275635,-0.589580,,,,,,
68709,,,,,,,,,1.620581,1.957303,,,81.049446,91.159798,0.426189,0.497656,,,,,,,,,,,,
68715,,,,,,,,,,,,,,,,,,,,0.107880,-1.284349,-0.546274,,,,,,
68719,,,,,,,,,1.565646,1.957302,,,82.897659,93.038139,0.412035,0.483553,,,,,,,,,,,,
68725,,,,,,,,,,,,,,,,,,,,0.117928,-1.293267,-0.509111,,,,,,
68731,0.116823,-1.291712,-0.524784,0.259733,-1.342316,-0.578448,1.034438,2.328709,0.851492,0.652435,101.645287,111.304428,77.918228,87.539513,0.467155,0.544319,0.149033,0.027807,-0.053664,,,,,,,,,
68735,,,,,,,,,,,,,,,,,,,,0.128409,-1.302019,-0.466369,,,,,,
68740,,,,,,,,,1.428309,2.609736,,,78.629425,88.902946,0.435671,0.483835,,,,,,,,,,,,
68745,,,,,,,,,,,,,,,,,,,,0.139338,-1.310004,-0.426639,,,,,,
68750,,,,,,,,,1.538179,2.609734,,,80.316910,91.139221,0.423062,0.465506,,,,,,,,,,,,
68755,,,,,,,,,,,,,,,,,,,,0.150198,-1.317399,-0.386940,,,,,,
68759,,,,,,,,,1.565646,0.652435,,,82.281303,91.931740,0.407291,0.461455,,,,,,,,,,,,
68765,,,,,,,,,,,,,,,,,,,,0.161735,-1.324550,-0.350342,,,,,,
68770,,,,,,,,,1.483244,2.609737,,,83.389603,93.687653,0.399859,0.447419,,,,,,,,,,,,
68775,,,,,,,,,,,,,,,,,,,,0.173694,-1.331668,-0.311079,,,,,,
68780,0.174516,-1.331043,-0.318115,0.299708,-1.363820,-0.396363,0.957031,3.128195,1.400841,0.652435,89.968338,101.948769,83.777580,92.986900,0.280448,0.362663,0.129163,0.008024,-0.078248,,,,,,,,,
68785,,,,,,,,,,,,,,,,,,,,0.186051,-1.338278,-0.277504,,,,,,
68791,,,,,,,,,1.016297,1.957302,,,85.193108,95.120003,0.267247,0.342697,,,,,,,,,,,,
68795,,,,,,,,,,,,,,,,,,,,0.198774,-1.344707,-0.238503,,,,,,
68800,,,,,,,,,1.648049,3.914605,,,80.938705,91.469368,0.311597,0.381299,,,,,,,,,,,,
68805,,,,,,,,,,,,,,,,,,,,0.211825,-1.350425,-0.207927,,,,,,
68810,,,,,,,,,1.290972,1.957303,,,80.081764,91.120438,0.322144,0.386954,,,,,,,,,,,,
68815,,,,,,,,,,,,,,,,,,,,0.225000,-1.355433,-0.171952,,,,,,
68819,,,,,,,,,1.290972,3.262171,,,78.816193,90.826851,0.337030,0.392115,,,,,,,,,,,,
68825,,,,,,,,,,,,,,,,,,,,0.238072,-1.359692,-0.138607,,,,,,
68830,0.236064,-1.358233,-0.148223,0.338467,-1.375101,-0.154271,0.859247,4.202590,0.824024,1.304869,,,73.939537,85.134392,0.389003,0.452402,,,,,,,,,,,,
68833,,,,,,,,,,,72.014809,93.760429,,,,,0.103771,-0.001560,-0.006048,0.251028,-1.363460,-0.105335,,,,,,
68840,,,,,,,,,1.400841,3.262171,,,74.737213,86.334732,0.200946,0.360001,,,,,,,,,,,,
68845,,,,,,,,,,,,,,,,,,,,0.263965,-1.366594,-0.074895,,,,,,
68850,,,,,,,,,1.263504,2.609736,,,74.319290,86.800156,0.204664,0.356738,,,,,,,,,,,,
68855,,,,,,,,,,,,,,,,,,,,0.276743,-1.368657,-0.041514,,,,,,
68859,,,,,,,,,1.263504,3.914606,,,72.878563,87.191765,0.218899,0.354136,,,,,,,,,,,,
68865,,,,,,,,,,,,,,,,,,,,0.289266,-1.370342,-0.010841,,,,,,
68870,,,,,,,,,1.208569,5.219474,,,71.666336,87.521263,0.231091,0.352089,,,,,,,,,,,,
68875,,,,,,,,,,,,,,,,,,,,0.302038,-1.371807,0.030793,,,,,,
68880,0.301571,-1.370792,0.037624,0.374365,-1.375415,0.152029,0.761264,5.501726,1.126167,4.567039,50.546017,84.809898,69.557281,86.709419,0.033691,0.270322,0.072569,-0.007358,0.114405,,,,,,,,,
68885,,,,,,,,,,,,,,,,,,,,0.315290,-1.372526,0.069285,,,,,,
68891,,,,,,,,,0.796557,3.262171,,,68.871811,87.115417,0.036881,0.265801,,,,,,,,,,,,
68895,,,,,,,,,,,,,,,,,,,,0.328326,-1.373013,0.116331,,,,,,
68899,,,,,,,,,1.236037,7.176775,,,63.394165,83.645218,0.089088,0.300736,,,,,,,,,,,,
68905,,,,,,,,,,,,,,,,,,,,0.341636,-1.372709,0.160343,,,,,,
68909,,,,,,,,,0.961362,8.481646,,,58.785275,83.448112,0.133529,0.302979,,,,,,,,,,,,
68915,,,,,,,,,,,,,,,,,,,,0.354650,-1.371975,0.212718,,,,,,
68920,,,,,,,,,0.933894,7.829209,,,55.996441,82.193184,0.160327,0.316052,,,,,,,,,,,,
68925,,,,,,,,,,,,,,,,,,,,0.367760,-1.370487,0.270833,,,,,,
68930,0.366029,-1.369655,0.284070,0.405699,-1.364914,0.501984,0.685912,6.682049,0.851492,7.176777,30.746218,75.132774,52.560829,81.137283,-0.007678,0.228639,0.039409,-0.006567,0.217914,,,,,,,,,
68935,,,,,,,,,,,,,,,,,,,,0.380343,-1.368082,0.334473,,,,,,
68939,,,,,,,,,0.906427,8.481643,,,49.670105,80.793396,0.017445,0.230946,,,,,,,,,,,,
68950,,,,,,,,,0.659220,10.438947,,,43.970592,73.969528,0.071795,0.299417,,,,0.390272,-1.366492,0.399577,,,,,,
68955,,,,,,,,,,,,,,,,,,,,0.399910,-1.365093,0.467856,,,,,,
68959,,,,,,,,,0.769089,6.524341,,,41.897739,77.485161,0.090293,0.263790,,,,,,,,,,,,
68965,,,,,,,,,,,,,,,,,,,,0.409693,-1.363253,0.536737,,,,,,
68969,,,,,,,,,0.796557,9.786511,,,39.064556,76.631409,0.116961,0.272028,,,,,,,,,,,,
68975,,,,,,,,,,,,,,,,,,,,0.418707,-1.360277,0.614586,,,,,,
68980,0.417193,-1.359415,0.627866,0.430805,-1.344626,0.853892,0.649928,7.162419,0.714154,6.524342,21.642870,68.614594,37.225258,74.823975,0.041204,0.223679,0.019703,0.003973,0.226026,,,,,,,,,
68985,,,,,,,,,,,,,,,,,,,,0.427660,-1.356925,0.690458,,,,,,
68991,,,,,,,,,0.466947,7.176775,,,34.588585,76.025917,0.064982,0.210177,,,,,,,,,,,,
68995,,,,,,,,,,,,,,,,,,,,0.435932,-1.353866,0.776739,,,,,,
69000,,,,,,,,,0.933894,11.743816,,,31.281004,72.136345,0.096130,0.248368,,,,,,,,,,,,
69005,,,,,,,,,,,,,,,,,,,,0.443397,-1.350413,0.852474,,,,,,
69009,,,,,,,,,0.604285,7.829210,,,29.042549,70.497292,0.117035,0.264382,,,,,,,,,,,,
69015,,,,,,,,,,,,,,,,,,,,0.450107,-1.347224,0.935569,,,,,,
69019,,,,,,,,,0.631752,8.481645,,,27.703655,69.118187,0.129211,0.278073,,,,,,,,,,,,
69025,,,,,,,,,,,,,,,,,,,,0.456752,-1.343225,1.014002,,,,,,
69030,0.455208,-1.342616,1.017148,0.448181,-1.316350,1.177649,0.653600,6.808008,0.576817,7.176776,24.153646,66.985382,26.032568,66.868721,0.170654,0.284298,0.018647,0.019788,0.160501,,,,,,,,,
69039,,,,,,,,,0.741622,8.481645,,,25.715601,66.609657,0.173512,0.286964,,,,,,,,,,,,
69050,,,,,,,,,0.384545,3.914605,,,23.815275,62.035332,0.192583,0.333697,,,,,,,,,,,,
69055,,,,,,,,,,,,,,,,,,,,0.471673,-1.330400,1.260886,,,,,,
69059,,,,,,,,,0.988829,10.438949,,,25.483601,66.354645,0.175633,0.290630,,,,,,,,,,,,
69065,,,,,,,,,,,,,,,,,,,,0.475463,-1.325521,1.337532,,,,,,
69070,,,,,,,,,0.659220,6.524342,,,25.253700,65.088028,0.177712,0.303676,,,,,,,,,,,,
69075,,,,,,,,,,,,,,,,,,,,0.478776,-1.321270,1.416060,,,,,,
69080,0.477837,-1.320498,1.409930,0.456602,-1.282421,1.470138,0.682542,6.139090,0.631752,7.176776,34.454121,69.937775,24.515718,64.022293,0.290085,0.345040,0.034184,0.027060,0.060207,,,,,,,,,
69085,,,,,,,,,,,,,,,,,,,,0.481491,-1.316885,1.494014,,,,,,
69090,,,,,,,,,0.796557,7.176775,,,25.528412,64.214668,0.281743,0.344261,,,,,,,,,,,,
69095,,,,,,,,,,,,,,,,,,,,0.483805,-1.312692,1.570735,,,,,,
69100,,,,,,,,,0.769089,3.914606,,,27.469578,63.831993,0.263728,0.349309,,,,,,,,,,,,
69105,,,,,,,,,,,,,,,,,,,,0.485659,-1.307284,1.643705,,,,,,
69110,,,,,,,,,0.769089,7.829210,,,27.469244,64.599098,0.265128,0.342706,,,,,,,,,,,,
69115,,,,,,,,,,,,,,,,,,,,0.487112,-1.300741,1.710516,,,,,,
69119,,,,,,,,,0.824024,1.304869,,,30.736223,63.066364,0.233202,0.359408,,,,,,,,,,,,
69125,,,,,,,,,,,,,,,,,,,,0.488549,-1.294863,1.786564,,,,,,
69128,0.488011,-1.293574,1.760410,0.455226,-1.245420,1.739995,0.721600,5.595091,,,,,,,,,,,,0.488549,-1.294863,1.786564,,,,,,
69131,,,,,,,,,0.741622,3.262171,45.608845,74.649620,31.851429,61.776722,0.336349,0.421997,0.053471,0.023121,-0.020414,,,,,,,,,
69135,,,,,,,,,,,,,,,,,,,,0.488821,-1.288317,1.849542,,,,,,
69140,,,,,,,,,0.851492,7.176777,,,32.245220,63.414333,0.335084,0.407868,,,,,,,,,,,,
69145,,,,,,,,,,,,,,,,,,,,0.488954,-1.282308,1.918165,,,,,,
69151,,,,,,,,,0.494415,2.609737,,,30.942926,59.346786,0.351040,0.451604,,,,,,,,,,,,
69155,,,,,,,,,,,,,,,,,,,,0.488482,-1.275443,1.981691,,,,,,
69158,,,,,,,,,1.181102,4.567039,,,35.837151,63.547958,0.304052,0.411813,,,,0.488482,-1.275443,1.981691,,,,,,
69165,,,,,,,,,,,,,,,,,,,,0.487432,-1.268704,2.047140,,,,,,
69169,,,,,,,,,0.961362,3.262171,,,38.321522,64.360107,0.280666,0.405749,,,,0.487432,-1.268704,2.047140,,,,,,
69172,,,,,,,,,,,,,,,,,,,,0.487432,-1.268704,2.047140,,,,,,
69175,,,,,,,,,,,,,,,,,,,,0.487432,-1.268704,2.047140,,,,,,
69178,0.485178,-1.260735,2.092681,0.443692,-1.207836,1.991168,0.764550,5.213987,,,,,,,,,,,,0.486158,-1.261953,2.108203,,,,,,
69181,,,,,,,,,0.878959,3.914604,54.863647,77.641068,39.322784,64.498909,0.366309,0.436904,0.066539,0.009593,-0.101513,,,,,,,,,
69185,,,,,,,,,,,,,,,,,,,,0.484165,-1.254792,2.171253,,,,,,
69191,,,,,,,,,0.686687,3.262170,,,42.887962,67.338409,0.333052,0.410569,,,,,,,,,,,,
69195,,,,,,,,,,,,,,,,,,,,0.481613,-1.247596,2.236475,,,,,,
69199,,,,,,,,,1.236037,3.262171,,,42.620445,65.371223,0.338176,0.432695,,,,,,,,,,,,
69205,,,,,,,,,,,,,,,,,,,,0.478677,-1.240414,2.297547,,,,,,
69210,,,,,,,,,1.016297,3.262172,,,44.573528,66.438744,0.320703,0.424261,,,,,,,,,,,,
69215,,,,,,,,,,,,,,,,,,,,0.475161,-1.233390,2.360838,,,,,,
69219,,,,,,,,,1.043764,3.914604,,,46.216850,67.881500,0.306000,0.411785,,,,,,,,,,,,
69225,,,,,,,,,,,,,,,,,,,,0.471100,-1.226350,2.423360,,,,,,
69230,0.469702,-1.225696,2.412004,0.422170,-1.171725,2.217644,0.813675,4.811158,0.906427,3.262171,62.393097,77.567963,46.510456,67.461807,0.381535,0.417272,0.071408,-0.008550,-0.194361,,,,,,,,,
69235,,,,,,,,,,,,,,,,,,,,0.466265,-1.219144,2.482045,,,,,,
69239,,,,,,,,,1.126167,3.262170,,,48.391125,68.742302,0.365528,0.406232,,,,,,,,,,,,
69245,,,,,,,,,,,,,,,,,,,,0.461129,-1.212607,2.543123,,,,,,
69251,,,,,,,,,0.576817,1.957303,,,46.161716,64.918823,0.391069,0.446997,,,,,,,,,,,,
69255,,,,,,,,,,,,,,,,,,,,0.455566,-1.206300,2.597994,,,,,,
69259,,,,,,,,,1.400841,0.652435,,,52.454041,68.780815,0.330133,0.410134,,,,,,,,,,,,
69265,,,,,,,,,,,,,,,,,,,,0.449454,-1.200188,2.655233,,,,,,
69270,,,,,,,,,1.181102,3.262171,,,54.481144,70.396660,0.311445,0.395410,,,,,,,,,,,,
69275,,,,,,,,,,,,,,,,,,,,0.442950,-1.194538,2.709089,,,,,,
69280,0.441214,-1.194201,2.697810,0.391389,-1.138461,2.407749,0.873407,4.206012,0.961362,1.957303,68.914032,74.474709,54.553120,70.122604,0.378806,0.368089,0.068931,-0.028948,-0.290061,,,,,,,,,
69285,,,,,,,,,,,,,,,,,,,,0.436030,-1.188622,2.762831,,,,,,
69291,,,,,,,,,0.741622,1.957302,,,52.435505,67.169296,0.403278,0.399083,,,,,,,,,,,,
69295,,,,,,,,,,,,,,,,,,,,0.428489,-1.183533,2.810497,,,,,,
69300,,,,,,,,,1.400841,0.652435,,,57.732807,70.674362,0.352541,0.364792,,,,,,,,,,,,
69305,,,,,,,,,,,,,,,,,,,,0.420925,-1.178646,2.861099,,,,,,
69310,,,,,,,,,1.153634,1.304868,,,58.922699,71.445351,0.342641,0.357688,,,,,,,,,,,,
69315,,,,,,,,,,,,,,,,,,,,0.412836,-1.174082,2.902961,,,,,,
69320,,,,,,,,,1.098699,1.304869,,,59.923874,71.004974,0.334427,0.362786,,,,,,,,,,,,
69325,,,,,,,,,,,,,,,,,,,,0.404162,-1.169924,2.947377,,,,,,
69330,0.403020,-1.170178,2.931879,0.352614,-1.108561,2.551696,0.943469,3.364355,0.933894,1.304869,75.173775,69.286331,59.677174,70.089897,0.402591,0.319892,0.062129,-0.049774,-0.380183,,,,,,,,,
69335,,,,,,,,,,,,,,,,,,,,0.394858,-1.166295,2.986111,,,,,,
69340,,,,,,,,,1.126167,1.957302,,,60.558685,70.953583,0.396699,0.310922,,,,,,,,,,,,
69345,,,,,,,,,,,,,,,,,,,,0.386031,-1.163310,3.019403,,,,,,
69351,,,,,,,,,0.686687,-0.652435,,,58.033131,66.234856,0.425382,0.358719,,,,,,,,,,,,
69355,,,,,,,,,,,,,,,,,,,,0.376839,-1.160647,3.050084,,,,,,
69359,,,,,,,,,1.455776,-0.652433,,,63.531734,69.888123,0.372725,0.322066,,,,,,,,,,,,
69365,,,,,,,,,,,,,,,,,,,,0.366989,-1.158557,3.072227,,,,,,
69369,,,,,,,,,1.098699,-1.304869,,,64.890999,69.150177,0.361189,0.329473,,,,,,,,,,,,
69375,,,,,,,,,,,,,,,,,,,,0.357435,-1.156890,3.088839,,,,,,
69380,0.356766,-1.156975,3.070181,0.307583,-1.081665,2.645149,1.016318,2.379782,1.016297,-0.652434,81.296562,65.057396,64.945602,67.984726,0.425141,0.298253,0.054431,-0.071609,-0.425032,,,,,,,,,
69385,,,,,,,,,,,,,,,,,,,,0.347487,-1.155507,3.102722,,,,,,
69390,,,,,,,,,1.153634,0.000000,,,66.080627,68.637749,0.416834,0.291006,,,,,,,,,,,,
69395,,,,,,,,,,,,,,,,,,,,0.336843,-1.154579,3.108151,,,,,,
69400,,,,,,,,,1.126167,-0.652435,,,67.035637,68.098114,0.410136,0.295795,,,,,,,,,,,,
69405,,,,,,,,,,,,,,,,,,,,0.326714,-1.153925,3.108312,,,,,,
69412,,,,,,,,,0.631752,-1.957303,,,63.482838,63.287720,0.449226,0.344253,,,,,,,,,,,,
69415,,,,,,,,,,,,,,,,,,,,0.315997,-1.153654,3.097172,,,,,,
69420,,,,,,,,,1.236036,-0.652434,,,65.938942,65.230232,0.427737,0.324793,,,,,,,,,,,,
69425,,,,,,,,,,,,,,,,,,,,0.305160,-1.153632,3.083258,,,,,,
69430,0.304322,-1.153476,3.079427,0.258411,-1.056639,2.687822,1.079951,1.358413,1.098699,-2.609736,88.006653,65.927208,67.460968,64.686485,0.483727,0.339177,0.051839,-0.093798,-0.391605,,,,,,,,,
69436,,,,,,,,,,,,,,,,,,,,0.293926,-1.153651,3.058434,,,,,,
69440,,,,,,,,,1.290972,-4.567039,,,71.464317,65.318062,0.447002,0.332983,,,,,,,,,,,,
69445,,,,,,,,,,,,,,,,,,,,0.283059,-1.153224,3.033539,,,,,,
69451,,,,,,,,,0.769089,-2.609737,,,68.842758,61.493126,0.477050,0.372119,,,,,,,,,,,,
69455,,,,,,,,,,,,,,,,,,,,0.271210,-1.153062,3.003010,,,,,,
69460,,,,,,,,,1.455776,-3.262171,,,73.716042,64.809341,0.431175,0.339180,,,,,,,,,,,,
69465,,,,,,,,,,,,,,,,,,,,0.259438,-1.152290,2.964137,,,,,,
69469,,,,,,,,,1.263504,-3.914606,,,76.182793,64.876892,0.408873,0.338715,,,,,,,,,,,,
69475,,,,,,,,,,,,,,,,,,,,0.247651,-1.151162,2.927982,,,,,,
69480,0.247170,-1.150531,2.924292,0.207454,-1.031822,2.680789,1.123069,0.352533,1.126167,-4.567039,95.752106,76.700928,77.169228,64.389183,0.480179,0.453791,0.064375,-0.107355,-0.243503,,,,,,,,,
69485,,,,,,,,,,,,,,,,,,,,0.235746,-1.149707,2.880652,,,,,,
69490,,,,,,,,,1.455776,-4.567039,,,80.721931,66.156998,0.447658,0.438222,,,,,,,,,,,,
69495,,,,,,,,,,,,,,,,,,,,0.223635,-1.148052,2.835925,,,,,,
69500,,,,,,,,,1.318439,-3.914604,,,83.166634,67.644440,0.425728,0.425159,,,,,,,,,,,,
69505,,,,,,,,,,,,,,,,,,,,0.211009,-1.145830,2.785341,,,,,,
69510,,,,,,,,,0.796557,-1.957302,,,83.589973,68.895973,0.423927,0.414205,,,,,,,,,,,,
69515,,,,,,,,,,,,,,,,,,,,0.198598,-1.143213,2.740202,,,,,,
69520,,,,,,,,,1.730451,-1.957303,,,83.401627,68.859924,0.428281,0.416133,,,,,,,,,,,,
69525,,,,,,,,,,,,,,,,,,,,0.186353,-1.140269,2.695094,,,,,,
69530,0.184470,-1.139151,2.706155,0.157170,-1.005350,2.625154,1.139441,-0.630398,1.263504,-3.914606,100.361511,87.271530,84.332245,69.374138,0.468275,0.520277,0.081191,-0.109800,-0.081001,,,,,,,,,
69535,,,,,,,,,,,,,,,,,,,,0.174068,-1.136487,2.649599,,,,,,
69540,,,,,,,,,1.565646,-1.957302,,,87.293434,72.529518,0.441277,0.491671,,,,,,,,,,,,
69545,,,,,,,,,,,,,,,,,,,,0.161623,-1.132281,2.603699,,,,,,
69550,,,,,,,,,1.510711,-3.262170,,,89.240440,75.184448,0.424031,0.467539,,,,,,,,,,,,
69555,,,,,,,,,,,,,,,,,,,,0.149642,-1.127500,2.560555,,,,,,
69560,,,,,,,,,1.483244,0.000000,,,90.334106,77.418312,0.415100,0.447171,,,,,,,,,,,,
69565,,,,,,,,,,,,,,,,,,,,0.137099,-1.122497,2.517199,,,,,,
69570,,,,,,,,,0.851492,-1.957303,,,85.264343,73.307907,0.468817,0.491068,,,,,,,,,,,,
69575,,,,,,,,,,,,,,,,,,,,0.124591,-1.116434,2.476046,,,,,,
69580,0.126471,-1.116645,2.487167,0.109957,-0.975506,2.522669,1.130104,-1.589969,1.620581,-0.652433,103.170273,93.699120,88.077705,77.473015,0.471789,0.516938,0.099014,-0.101927,0.035502,,,,,,,,,
69585,,,,,,,,,,,,,,,,,,,,0.112560,-1.110261,2.437911,,,,,,
69590,,,,,,,,,1.675516,-1.957302,,,90.989410,80.432991,0.445108,0.489992,,,,,,,,,,,,
69595,,,,,,,,,,,,,,,,,,,,0.100635,-1.103663,2.405560,,,,,,
69600,,,,,,,,,1.483244,-1.304866,,,92.350235,82.378975,0.433664,0.472796,,,,,,,,,,,,
69605,,,,,,,,,,,,,,,,,,,,0.088730,-1.096358,2.366820,,,,,,
69610,,,,,,,,,1.593114,0.000000,,,93.495232,84.560867,0.424149,0.452805,,,,,,,,,,,,
69615,,,,,,,,,,,,,,,,,,,,0.077338,-1.088792,2.330914,,,,,,
69620,,,,,,,,,1.538179,-2.609734,,,95.003174,85.852165,0.410703,0.441461,,,,,,,,,,,,
69625,,,,,,,,,,,,,,,,,,,,0.065443,-1.080387,2.297609,,,,,,
69630,0.066042,-1.079857,2.313558,0.068006,-0.941043,2.377927,1.103091,-2.495022,1.373374,0.000000,,,93.004692,85.849579,0.432721,0.443057,,,,,,,,,,,,
69633,,,,,,,,,,,103.169670,91.200119,,,,,0.100923,-0.095331,0.064369,0.053882,-1.071787,2.267006,,,,,,
69640,,,,,,,,,1.400841,-1.957302,,,92.956802,85.302864,0.435236,0.424713,,,,,,,,,,,,
69645,,,,,,,,,,,,,,,,,,,,0.042632,-1.062530,2.239322,,,,,,
69650,,,,,,,,,1.510712,-1.957302,,,94.005592,85.931946,0.426581,0.419476,,,,,,,,,,,,
69655,,,,,,,,,,,,,,,,,,,,0.031501,-1.053124,2.208392,,,,,,
69660,,,,,,,,,1.455776,-0.652433,,,94.343506,86.461250,0.424967,0.415131,,,,,,,,,,,,
69665,,,,,,,,,,,,,,,,,,,,0.020795,-1.043019,2.180295,,,,,,
69670,,,,,,,,,0.851492,-1.957303,,,88.637848,80.372086,0.484930,0.478188,,,,,,,,,,,,
69675,,,,,,,,,,,,,,,,,,,,0.010832,-1.032437,2.148983,,,,,,
69680,0.013193,-1.033659,2.154615,0.033170,-0.901405,2.200601,1.070690,-3.262368,1.730451,-0.652434,103.329735,86.241653,92.005257,84.505905,0.455122,0.387612,0.099336,-0.089568,0.045985,,,,,,,,,
69686,,,,,,,,,,,,,,,,,,,,0.001524,-1.021932,2.117538,,,,,,
69690,,,,,,,,,1.757919,-2.609739,,,95.383133,86.895012,0.422932,0.363591,,,,,,,,,,,,
69695,,,,,,,,,,,,,,,,,,,,-0.007728,-1.011008,2.088998,,,,,,
69699,,,,,,,,,1.483244,-3.914604,,,96.591652,86.182487,0.412195,0.370728,,,,,,,,,,,,
69705,,,,,,,,,,,,,,,,,,,,-0.017187,-0.998913,2.056653,,,,,,
69709,,,,,,,,,1.428309,-2.609736,,,97.063957,86.127510,0.408725,0.371300,,,,,,,,,,,,
69715,,,,,,,,,,,,,,,,,,,,-0.025955,-0.987094,2.024240,,,,,,
69719,,,,,,,,,1.510711,-3.262170,,,98.005898,85.536713,0.400370,0.377349,,,,,,,,,,,,
69725,,,,,,,,,,,,,,,,,,,,-0.033966,-0.974919,1.984787,,,,,,
69731,-0.033061,-0.974293,1.985415,0.006862,-0.856819,2.005006,1.044701,-3.781378,0.824024,-2.609737,101.684853,80.311378,91.719383,79.594185,0.448780,0.377615,0.091438,-0.083863,0.019591,,,,,,,,,
69735,,,,,,,,,,,,,,,,,,,,-0.041477,-0.962207,1.948199,,,,,,
69740,,,,,,,,,1.428309,-2.609736,,,92.419884,80.039574,0.443628,0.373216,,,,,,,,,,,,
69745,,,,,,,,,,,,,,,,,,,,-0.048647,-0.949757,1.907920,,,,,,
69750,,,,,,,,,1.483244,-3.914604,,,94.098373,80.414322,0.428360,0.369448,,,,,,,,,,,,
69755,,,,,,,,,,,,,,,,,,,,-0.055582,-0.936885,1.873788,,,,,,
69760,,,,,,,,,1.510711,-4.567039,,,96.055199,80.729637,0.409918,0.366211,,,,,,,,,,,,
69765,,,,,,,,,,,,,,,,,,,,-0.061940,-0.923133,1.832253,,,,,,
69770,,,,,,,,,1.510711,-4.567039,,,97.157127,80.994942,0.399804,0.363421,,,,,,,,,,,,
69775,,,,,,,,,,,,,,,,,,,,-0.067853,-0.909662,1.790042,,,,,,
69780,-0.066829,-0.909037,1.787343,-0.010024,-0.808228,1.805948,1.031671,-3.991328,1.290972,-3.262171,99.878532,77.573471,96.450661,79.584541,0.389491,0.349744,0.086250,-0.077138,0.018606,,,,,,,,,
69785,,,,,,,,,,,,,,,,,,,,-0.073725,-0.895899,1.747013,,,,,,
69790,,,,,,,,,0.933894,-2.609737,,,91.499893,75.130569,0.440674,0.394772,,,,,,,,,,,,
69795,,,,,,,,,,,,,,,,,,,,-0.078578,-0.881598,1.702960,,,,,,
69800,,,,,,,,,1.757919,-2.609739,,,95.502464,79.551147,0.401524,0.350171,,,,,,,,,,,,
69805,,,,,,,,,,,,,,,,,,,,-0.082849,-0.867463,1.658366,,,,,,
69809,,,,,,,,,1.510711,-4.567039,,,96.692055,79.458817,0.390265,0.350717,,,,,,,,,,,,
69815,,,,,,,,,,,,,,,,,,,,-0.086879,-0.853254,1.612942,,,,,,
69820,,,,,,,,,1.428309,-5.219473,,,97.692978,79.381134,0.380693,0.351132,,,,,,,,,,,,
69825,,,,,,,,,,,,,,,,,,,,-0.089805,-0.839631,1.566901,,,,,,
69830,-0.088375,-0.842034,1.574484,-0.017142,-0.757077,1.614315,1.031212,-3.934575,0.824024,-2.609737,,,92.000633,73.870338,0.439192,0.406981,,,,,,,,,,,,
69833,,,,,,,,,,,98.440773,77.998695,,,,,0.084694,-0.071546,0.039832,-0.092217,-0.825424,1.516786,,,,,,
69840,,,,,,,,,1.757919,-3.914604,,,95.923790,77.946243,0.386086,0.370485,,,,,,,,,,,,
69845,,,,,,,,,,,,,,,,,,,,-0.094170,-0.811706,1.475441,,,,,,
69849,,,,,,,,,1.483244,-2.609737,,,96.502014,78.652992,0.380692,0.363286,,,,,,,,,,,,
69855,,,,,,,,,,,,,,,,,,,,-0.095560,-0.797585,1.427293,,,,,,
69860,,,,,,,,,1.428309,-3.914606,,,96.988533,78.703110,0.376117,0.362644,,,,,,,,,,,,
69865,,,,,,,,,,,,,,,,,,,,-0.096465,-0.782751,1.380133,,,,,,
69869,,,,,,,,,1.373374,-2.609737,,,96.853348,78.745277,0.377786,0.362073,,,,,,,,,,,,
69875,,,,,,,,,,,,,,,,,,,,-0.097004,-0.768277,1.333878,,,,,,
69880,-0.095881,-0.768718,1.343180,-0.014700,-0.705027,1.436469,1.038534,-3.710558,1.290972,-4.567039,94.999161,79.459587,96.195061,77.691673,0.349714,0.387572,0.080367,-0.064715,0.093289,,,,,,,,,
69885,,,,,,,,,,,,,,,,,,,,-0.096682,-0.753849,1.288489,,,,,,
69891,,,,,,,,,0.988829,-2.609737,,,91.829376,74.082458,0.394005,0.424739,,,,,,,,,,,,
69895,,,,,,,,,,,,,,,,,,,,-0.095770,-0.739862,1.240462,,,,,,
69900,,,,,,,,,1.648049,-2.609737,,,94.146065,77.580177,0.371009,0.390138,,,,,,,,,,,,
69905,,,,,,,,,,,,,,,,,,,,-0.094247,-0.725989,1.196641,,,,,,
69909,,,,,,,,,1.455776,-1.957302,,,94.461693,78.344986,0.367960,0.382713,,,,,,,,,,,,
69915,,,,,,,,,,,,,,,,,,,,-0.092429,-0.712815,1.160200,,,,,,
69919,,,,,,,,,1.345907,-1.957305,,,94.182724,78.988495,0.370913,0.376372,,,,,,,,,,,,
69925,,,,,,,,,,,,,,,,,,,,-0.089547,-0.698900,1.117317,,,,,,
69930,-0.088487,-0.699341,1.128118,-0.003420,-0.653617,1.276819,1.048656,-3.389546,1.290972,-3.262171,91.647987,81.724960,93.403458,77.896317,0.344843,0.410713,0.077756,-0.057281,0.148701,,,,,,,,,
69935,,,,,,,,,,,,,,,,,,,,-0.086456,-0.685403,1.078503,,,,,,
69939,,,,,,,,,1.538179,-1.304869,,,94.381409,79.700073,0.334516,0.393081,,,,,,,,,,,,
69945,,,,,,,,,,,,,,,,,,,,-0.082635,-0.671599,1.040159,,,,,,
69950,,,,,,,,,0.769089,-1.304867,,,87.580650,74.683235,0.403337,0.444657,,,,,,,,,,,,
69955,,,,,,,,,,,,,,,,,,,,-0.078002,-0.658092,1.008032,,,,,,
69960,,,,,,,,,1.757919,-1.304868,,,91.660271,79.174759,0.362539,0.400252,,,,,,,,,,,,
69965,,,,,,,,,,,,,,,,,,,,-0.073387,-0.644974,0.976557,,,,,,
69970,,,,,,,,,1.373374,-2.609737,,,91.825607,79.686668,0.360850,0.395541,,,,,,,,,,,,
69975,,,,,,,,,,,,,,,,,,,,-0.068080,-0.632497,0.948452,,,,,,
69980,-0.066974,-0.633080,0.952646,0.015518,-0.603977,1.140413,1.058772,-2.979835,1.263504,-1.304869,87.568314,82.684059,90.331093,79.028305,0.334446,0.412446,0.071524,-0.050361,0.187767,,,,,,,,,
69986,,,,,,,,,,,,,,,,,,,,-0.062219,-0.620318,0.920713,,,,,,
69991,,,,,,,,,1.290972,-7.176776,,,91.796326,76.296181,0.318948,0.441045,,,,,,,,,,,,
69995,,,,,,,,,,,,,,,,,,,,-0.056000,-0.608664,0.896136,,,,,,
69999,,,,,,,,,1.400841,4.567040,,,89.217369,79.442802,0.344408,0.410227,,,,,,,,,,,,
70005,,,,,,,,,,,,,,,,,,,,-0.049042,-0.596552,0.874642,,,,,,
70010,,,,,,,,,1.345907,-0.652434,,,88.681061,80.456741,0.349548,0.400533,,,,,,,,,,,,
70015,,,,,,,,,,,,,,,,,,,,-0.041732,-0.584599,0.856301,,,,,,
70019,,,,,,,,,1.373374,-1.304869,,,88.774361,80.765327,0.348374,0.397831,,,,,,,,,,,,
70025,,,,,,,,,,,,,,,,,,,,-0.033676,-0.573156,0.838039,,,,,,
70030,-0.032964,-0.573612,0.842227,0.040563,-0.556635,1.033569,1.067865,-2.454869,1.290972,-0.652435,83.635857,82.073158,87.763771,80.480431,0.318330,0.394890,0.061621,-0.043557,0.191342,,,,,,,,,
70035,,,,,,,,,,,,,,,,,,,,-0.025445,-0.562075,0.832083,,,,,,
70040,,,,,,,,,1.483244,0.000000,,,88.547089,82.418892,0.309514,0.375436,,,,,,,,,,,,
70045,,,,,,,,,,,,,,,,,,,,-0.016813,-0.551085,0.819844,,,,,,
70051,,,,,,,,,0.796557,-0.652434,,,82.671654,76.970848,0.368461,0.430937,,,,,,,,,,,,
70055,,,,,,,,,,,,,,,,,,,,-0.008149,-0.540529,0.810756,,,,,,
70059,,,,,,,,,1.757919,0.000000,,,86.440758,81.644104,0.330209,0.384290,,,,,,,,,,,,
70065,,,,,,,,,,,,,,,,,,,,0.000720,-0.530320,0.804789,,,,,,
70069,,,,,,,,,1.373374,-1.304869,,,86.889366,82.308922,0.325073,0.377595,,,,,,,,,,,,
70075,,,,,,,,,,,,,,,,,,,,0.009701,-0.519905,0.804888,,,,,,
70080,0.010085,-0.520230,0.802573,0.069890,-0.511473,0.962701,1.075036,-1.796908,1.263504,1.304869,79.731476,79.846382,85.633194,82.323753,0.297410,0.354683,0.047853,-0.036923,0.160128,,,,,,,,,
70085,,,,,,,,,,,,,,,,,,,,0.018972,-0.509646,0.804941,,,,,,
70091,,,,,,,,,0.988829,0.000000,,,86.754425,83.969864,0.284793,0.337398,,,,,,,,,,,,
70095,,,,,,,,,,,,,,,,,,,,0.028678,-0.499359,0.801788,,,,,,
70100,,,,,,,,,1.565646,0.652435,,,83.341484,81.543098,0.318201,0.361326,,,,,,,,,,,,
70105,,,,,,,,,,,,,,,,,,,,0.038088,-0.489186,0.801925,,,,,,
70110,,,,,,,,,1.318439,0.000000,,,83.192551,81.679390,0.318998,0.359596,,,,,,,,,,,,
70115,,,,,,,,,,,,,,,,,,,,0.047356,-0.478893,0.804708,,,,,,
70119,,,,,,,,,1.373374,0.000000,,,83.611778,82.338608,0.314029,0.352506,,,,,,,,,,,,
70125,,,,,,,,,,,,,,,,,,,,0.057021,-0.468109,0.807558,,,,,,
70130,0.057085,-0.468337,0.807150,0.101501,-0.467811,0.932653,1.078588,-1.021290,1.263504,0.000000,74.591850,76.663017,82.875435,81.804184,0.268340,0.324988,0.031097,-0.031719,0.125503,,,,,,,,,
70135,,,,,,,,,,,,,,,,,,,,0.066456,-0.457766,0.807485,,,,,,
70140,,,,,,,,,1.400841,0.652435,,,83.344963,82.988152,0.261894,0.311883,,,,,,,,,,,,
70145,,,,,,,,,,,,,,,,,,,,0.075573,-0.447614,0.813422,,,,,,
70151,,,,,,,,,0.796557,0.652434,,,77.750046,77.994370,0.317212,0.361555,,,,,,,,,,,,
70155,,,,,,,,,,,,,,,,,,,,0.084911,-0.437218,0.816450,,,,,,
70160,,,,,,,,,1.593114,1.304868,,,80.666084,81.416206,0.286836,0.326386,,,,,,,,,,,,
70165,,,,,,,,,,,,,,,,,,,,0.094095,-0.427013,0.825436,,,,,,
70169,,,,,,,,,1.290972,-0.652435,,,80.941467,81.572624,0.282813,0.323840,,,,,,,,,,,,
70175,,,,,,,,,,,,,,,,,,,,0.103438,-0.416785,0.828408,,,,,,
70180,0.103341,-0.417243,0.823899,0.133344,-0.424620,0.945543,1.076676,-0.173391,1.181102,0.652433,67.795753,74.214905,79.539551,80.615143,0.226522,0.307653,0.014970,-0.027028,0.121644,,,,,,,,,
70185,,,,,,,,,,,,,,,,,,,,0.112158,-0.406527,0.834306,,,,,,
70191,,,,,,,,,0.961362,0.652434,,,81.082695,82.532234,0.208433,0.286819,,,,,,,,,,,,
70196,,,,,,,,,,,,,,,,,,,,0.120859,-0.396616,0.840367,,,,,,
70199,,,,,,,,,1.483244,0.000000,,,77.480202,79.244385,0.242521,0.318692,,,,,,,,,,,,
70205,,,,,,,,,,,,,,,,,,,,0.129832,-0.386277,0.843386,,,,,,
70210,,,,,,,,,1.236037,1.957302,,,76.627243,79.200706,0.249285,0.318131,,,,,,,,,,,,
70215,,,,,,,,,,,,,,,,,,,,0.138776,-0.376108,0.855804,,,,,,
70220,,,,,,,,,1.153634,1.304868,,,75.909561,79.163956,0.254839,0.317509,,,,,,,,,,,,
70225,,,,,,,,,,,,,,,,,,,,0.147583,-0.365682,0.870891,,,,,,
70230,0.147046,-0.366356,0.872424,0.163408,-0.380799,1.000201,1.068803,0.685140,1.126167,1.957302,60.368111,71.838219,74.216614,78.588493,0.194722,0.298147,-0.000542,-0.021818,0.127777,,,,,,,,,
70235,,,,,,,,,,,,,,,,,,,,0.155954,-0.355426,0.886531,,,,,,
70240,,,,,,,,,1.263504,2.609736,,,73.881256,79.737930,0.195373,0.285072,,,,,,,,,,,,
70245,,,,,,,,,,,,,,,,,,,,0.163811,-0.345596,0.901824,,,,,,
70250,,,,,,,,,0.686687,0.652435,,,68.698196,74.170547,0.245537,0.340280,,,,,,,,,,,,
70255,,,,,,,,,,,,,,,,,,,,0.171065,-0.336525,0.920385,,,,,,
70260,,,,,,,,,1.538179,1.304869,,,72.505318,78.198845,0.205039,0.298725,,,,,,,,,,,,
70265,,,,,,,,,,,,,,,,,,,,0.178160,-0.327159,0.942017,,,,,,
70269,,,,,,,,,1.126167,1.957302,,,71.352287,77.776451,0.214372,0.301761,,,,,,,,,,,,
70275,,,,,,,,,,,,,,,,,,,,0.184781,-0.317682,0.966810,,,,,,
70280,0.184473,-0.318004,0.967100,0.189838,-0.335442,1.091992,1.056741,1.485642,1.043764,2.609737,54.524323,70.177681,69.293037,76.876503,0.173573,0.292815,-0.011310,-0.014316,0.124893,,,,,,,,,
70285,,,,,,,,,,,,,,,,,,,,0.191341,-0.308143,0.991921,,,,,,
70290,,,,,,,,,1.208569,3.914605,,,68.649475,77.752914,0.177184,0.282536,,,,,,,,,,,,
70295,,,,,,,,,,,,,,,,,,,,0.197659,-0.298591,1.020173,,,,,,
70300,,,,,,,,,1.043764,2.609737,,,67.018890,77.401245,0.190991,0.284608,,,,,,,,,,,,
70305,,,,,,,,,,,,,,,,,,,,0.203794,-0.288790,1.049136,,,,,,
70310,,,,,,,,,0.604285,2.609737,,,61.290573,72.204460,0.246921,0.336171,,,,,,,,,,,,
70315,,,,,,,,,,,,,,,,,,,,0.209422,-0.279203,1.084642,,,,,,
70319,,,,,,,,,1.400841,1.957302,,,64.094376,75.455490,0.216969,0.302605,,,,,,,,,,,,
70325,,,,,,,,,,,,,,,,,,,,0.214771,-0.269364,1.117304,,,,,,
70330,0.215304,-0.268437,1.112909,0.211024,-0.288048,1.213159,1.044069,2.159765,0.961362,3.262171,50.544548,68.349747,62.641689,74.379105,0.189278,0.293883,-0.019483,-0.004830,0.100249,,,,,,,,,
70335,,,,,,,,,,,,,,,,,,,,0.219632,-0.259887,1.150126,,,,,,
70340,,,,,,,,,1.181102,3.262171,,,62.508488,75.651604,0.188217,0.279698,,,,,,,,,,,,
70345,,,,,,,,,,,,,,,,,,,,0.223858,-0.251220,1.186426,,,,,,
70351,,,,,,,,,0.604285,2.609737,,,58.040066,70.732315,0.231403,0.328414,,,,,,,,,,,,
70355,,,,,,,,,,,,,,,,,,,,0.227750,-0.241985,1.219870,,,,,,
70360,,,,,,,,,1.345906,3.262171,,,60.814854,73.672287,0.201601,0.297950,,,,,,,,,,,,
70365,,,,,,,,,,,,,,,,,,,,0.231365,-0.232982,1.260641,,,,,,
70369,,,,,,,,,1.016297,3.262172,,,59.882301,73.967804,0.209059,0.293871,,,,,,,,,,,,
70375,,,,,,,,,,,,,,,,,,,,0.234528,-0.223729,1.295167,,,,,,
70380,0.234476,-0.223513,1.293555,0.225693,-0.238617,1.353993,1.034566,2.653946,0.906427,3.262171,50.753597,68.807053,58.008564,72.582825,0.228435,0.311539,-0.016932,0.004313,0.060438,,,,,,,,,
70385,,,,,,,,,,,,,,,,,,,,0.237434,-0.214990,1.333647,,,,,,
70390,,,,,,,,,1.126167,4.567039,,,58.065632,73.595673,0.226402,0.300453,,,,,,,,,,,,
70396,,,,,,,,,,,,,,,,,,,,0.239993,-0.205725,1.369187,,,,,,
70399,,,,,,,,,1.016297,3.262172,,,57.569107,73.358795,0.230004,0.301911,,,,,,,,,,,,
70406,,,,,,,,,,,,,,,,,,,,0.242057,-0.196725,1.405374,,,,,,
70411,,,,,,,,,0.631752,1.957303,,,58.784962,74.248573,0.216240,0.291925,,,,,,,,,,,,
70415,,,,,,,,,,,,,,,,,,,,0.244019,-0.187593,1.442105,,,,,,
70420,,,,,,,,,1.290972,3.262171,,,55.996178,71.729973,0.243079,0.316527,,,,,,,,,,,,
70425,,,,,,,,,,,,,,,,,,,,0.245674,-0.178570,1.483323,,,,,,
70428,0.245778,-0.177026,1.481075,0.232980,-0.187622,1.504483,1.030627,2.945649,,,,,,,,,,,,0.245674,-0.178570,1.483323,,,,,,
70431,,,,,,,,,0.933894,3.914605,52.401459,69.810135,54.738781,71.244453,0.271664,0.331126,-0.011700,0.011797,0.023407,,,,,,,,,
70435,,,,,,,,,,,,,,,,,,,,0.246974,-0.168553,1.516971,,,,,,
70439,,,,,,,,,1.098699,3.914604,,,55.314438,71.925026,0.265325,0.323897,,,,,,,,,,,,
70445,,,,,,,,,,,,,,,,,,,,0.247966,-0.158748,1.547832,,,,,,
70450,,,,,,,,,0.933894,2.609737,,,54.709709,71.408569,0.270911,0.328742,,,,,,,,,,,,
70455,,,,,,,,,,,,,,,,,,,,0.248406,-0.148811,1.578421,,,,,,
70459,,,,,,,,,1.071232,3.262170,,,55.289978,71.518570,0.264530,0.327300,,,,,,,,,,,,
70465,,,,,,,,,,,,,,,,,,,,0.248620,-0.139027,1.613212,,,,,,
70470,,,,,,,,,0.549350,1.304868,,,51.421867,66.710236,0.303407,0.376004,,,,,,,,,,,,
70475,,,,,,,,,,,,,,,,,,,,0.248312,-0.129004,1.643707,,,,,,
70480,0.248213,-0.130732,1.635534,0.232485,-0.135868,1.655400,1.032777,3.043202,1.263504,1.304869,54.463985,72.297028,55.246304,69.199020,0.285632,0.376604,-0.004108,0.016027,0.019866,,,,,,,,,
70485,,,,,,,,,,,,,,,,,,,,0.247928,-0.119098,1.673726,,,,,,
70490,,,,,,,,,1.153634,2.609736,,,56.286011,70.748543,0.274870,0.361419,,,,,,,,,,,,
70495,,,,,,,,,,,,,,,,,,,,0.247109,-0.108938,1.703293,,,,,,
70499,,,,,,,,,1.043764,3.914604,,,56.071732,70.963226,0.276691,0.359539,,,,,,,,,,,,
70505,,,,,,,,,,,,,,,,,,,,0.246203,-0.098528,1.736158,,,,,,
70511,,,,,,,,,0.851492,7.176777,,,53.168724,71.688400,0.305981,0.352409,,,,,,,,,,,,
70515,,,,,,,,,,,,,,,,,,,,0.244821,-0.087938,1.764994,,,,,,
70520,,,,,,,,,1.208569,-2.609737,,,57.805195,70.664932,0.258948,0.362970,,,,,,,,,,,,
70525,,,,,,,,,,,,,,,,,,,,0.243153,-0.077601,1.797083,,,,,,
70530,0.243465,-0.076989,1.772590,0.224306,-0.084267,1.798304,1.040273,2.965572,0.933894,2.609737,55.090141,73.049973,56.805431,70.348328,0.274864,0.374206,-0.003291,0.020229,0.025714,,,,,,,,,
70535,,,,,,,,,,,,,,,,,,,,0.241085,-0.067316,1.828665,,,,,,
70540,,,,,,,,,1.181102,3.262171,,,58.142403,72.260109,0.260884,0.355246,,,,,,,,,,,,
70545,,,,,,,,,,,,,,,,,,,,0.238798,-0.057288,1.860051,,,,,,
70550,,,,,,,,,1.071232,3.262170,,,58.178246,72.779594,0.259908,0.350105,,,,,,,,,,,,
70555,,,,,,,,,,,,,,,,,,,,0.235843,-0.047154,1.891020,,,,,,
70559,,,,,,,,,1.071232,3.262170,,,58.208405,73.216690,0.258982,0.345701,,,,,,,,,,,,
70565,,,,,,,,,,,,,,,,,,,,0.232803,-0.036887,1.921459,,,,,,
70570,,,,,,,,,0.631752,1.957303,,,54.421974,68.683578,0.296980,0.391905,,,,,,,,,,,,
70575,,,,,,,,,,,,,,,,,,,,0.229436,-0.026486,1.958401,,,,,,
70580,0.229938,-0.028160,1.951023,0.209041,-0.033614,1.925057,1.051868,2.723463,1.345907,1.957305,59.816872,73.136215,58.315136,71.948479,0.305616,0.360356,0.002691,0.021429,-0.025966,,,,,,,,,
70586,,,,,,,,,,,,,,,,,,,,0.225701,-0.016197,1.988257,,,,,,
70590,,,,,,,,,1.181102,3.262171,,,59.412670,73.606476,0.294722,0.343682,,,,,,,,,,,,
70595,,,,,,,,,,,,,,,,,,,,0.221795,-0.006170,2.024391,,,,,,
70599,,,,,,,,,1.126167,3.262170,,,59.791592,74.456970,0.290938,0.334913,,,,,,,,,,,,
70605,,,,,,,,,,,,,,,,,,,,0.217322,0.003743,2.060125,,,,,,
70610,,,,,,,,,1.126167,3.262170,,,60.110416,74.628036,0.287691,0.332904,,,,,,,,,,,,
70615,,,,,,,,,,,,,,,,,,,,0.212402,0.013884,2.092110,,,,,,
70620,,,,,,,,,1.098699,2.609736,,,60.378674,74.771973,0.284896,0.331137,,,,,,,,,,,,
70625,,,,,,,,,,,,,,,,,,,,0.207067,0.023669,2.117543,,,,,,
70630,0.207335,0.022225,2.128192,0.187761,0.015609,2.027807,1.065895,2.320224,0.796557,5.871908,,,56.248039,69.447647,0.326916,0.385118,,,,,,,,,,,,
70633,,,,,,,,,,,64.545441,70.686729,,,,,0.004740,0.020110,-0.100385,0.201625,0.033346,2.149197,,,,,,
70640,,,,,,,,,1.153634,0.000000,,,58.762501,74.224991,0.350214,0.312142,,,,,,,,,,,,
70645,,,,,,,,,,,,,,,,,,,,0.195764,0.042751,2.174328,,,,,,
70650,,,,,,,,,1.153634,1.304868,,,59.789082,74.432846,0.340899,0.309315,,,,,,,,,,,,
70656,,,,,,,,,,,,,,,,,,,,0.189616,0.051893,2.199337,,,,,,
70660,,,,,,,,,1.126167,0.652435,,,61.197388,74.063194,0.327486,0.312336,,,,,,,,,,,,
70665,,,,,,,,,,,,,,,,,,,,0.183144,0.061104,2.217928,,,,,,
70671,,,,,,,,,0.714154,1.304868,,,58.570538,69.940369,0.354949,0.353713,,,,,,,,,,,,
70675,,,,,,,,,,,,,,,,,,,,0.176420,0.070628,2.233346,,,,,,
70680,0.177340,0.069051,2.229993,0.161942,0.063344,2.099642,1.079876,1.766474,1.428309,0.000000,67.820267,68.786507,63.439369,73.005943,0.339885,0.303212,0.004920,0.015667,-0.130351,,,,,,,,,
70685,,,,,,,,,,,,,,,,,,,,0.169299,0.079882,2.245537,,,,,,
70690,,,,,,,,,1.263504,1.304869,,,65.357826,73.951683,0.321193,0.292721,,,,,,,,,,,,
70695,,,,,,,,,,,,,,,,,,,,0.162018,0.088773,2.257755,,,,,,
70700,,,,,,,,,1.153634,-1.304868,,,66.427475,73.658348,0.310775,0.294680,,,,,,,,,,,,
70706,,,,,,,,,,,,,,,,,,,,0.154706,0.097362,2.263949,,,,,,
70710,,,,,,,,,1.153634,0.000000,,,67.872017,73.411530,0.296319,0.296223,,,,,,,,,,,,
70715,,,,,,,,,,,,,,,,,,,,0.147277,0.105955,2.264087,,,,,,
70719,,,,,,,,,1.098699,0.000000,,,67.998367,72.659317,0.295020,0.302971,,,,,,,,,,,,
70725,,,,,,,,,,,,,,,,,,,,0.139662,0.114738,2.267048,,,,,,
70730,0.140089,0.113711,2.285824,0.133380,0.109942,2.135378,1.090498,1.089495,0.933894,5.219474,,,64.292877,67.670059,0.332781,0.353087,,,,,,,,,,,,
70733,,,,,,,,,,,69.987198,65.658768,,,,,0.001553,0.007537,-0.150446,0.131969,0.123737,2.263994,,,,,,
70740,,,,,,,,,1.126167,-1.957302,,,65.531425,72.184792,0.342956,0.275357,,,,,,,,,,,,
70745,,,,,,,,,,,,,,,,,,,,0.124269,0.132567,2.260938,,,,,,
70750,,,,,,,,,1.181102,-0.652433,,,67.118080,72.171684,0.327663,0.274185,,,,,,,,,,,,
70755,,,,,,,,,,,,,,,,,,,,0.116549,0.141235,2.254738,,,,,,
70759,,,,,,,,,1.126167,-0.652435,,,68.453094,71.616112,0.314620,0.278550,,,,,,,,,,,,
70765,,,,,,,,,,,,,,,,,,,,0.109007,0.149924,2.251782,,,,,,
70770,,,,,,,,,1.208569,-1.304866,,,70.120918,71.148651,0.297915,0.282126,,,,,,,,,,,,
70775,,,,,,,,,,,,,,,,,,,,0.101600,0.158601,2.242646,,,,,,
70780,0.101624,0.158763,2.240800,0.104063,0.156062,2.132028,1.094497,0.329917,1.181102,1.957302,69.867920,64.092812,69.890594,72.388962,0.299020,0.252404,-0.003632,-0.000234,-0.108772,,,,,,,,,
70786,,,,,,,,,,,,,,,,,,,,0.093836,0.167372,2.227248,,,,,,
70791,,,,,,,,,0.659220,-5.219473,,,67.518631,65.808952,0.323210,0.317861,,,,,,,,,,,,
70795,,,,,,,,,,,,,,,,,,,,0.086412,0.176201,2.211827,,,,,,
70800,,,,,,,,,1.428309,0.000000,,,70.968292,68.985222,0.288493,0.285120,,,,,,,,,,,,
70806,,,,,,,,,,,,,,,,,,,,0.078709,0.185434,2.196149,,,,,,
70809,,,,,,,,,1.126167,-0.652435,,,71.148117,68.935020,0.286439,0.284654,,,,,,,,,,,,
70815,,,,,,,,,,,,,,,,,,,,0.071376,0.194550,2.177371,,,,,,
70820,,,,,,,,,1.126167,-3.262170,,,71.843964,68.348236,0.279085,0.289670,,,,,,,,,,,,
70825,,,,,,,,,,,,,,,,,,,,0.063893,0.204128,2.158488,,,,,,
70831,0.065355,0.202500,2.165399,0.076045,0.202484,2.089002,1.090060,-0.465941,0.659220,0.000000,70.247345,62.237015,,,,,-0.006001,-0.008846,-0.076397,,,,,,,,,
70834,,,,,,,,,,,,,72.429451,68.943604,0.276588,0.263817,,,,0.056863,0.213432,2.139605,,,,,,
70840,,,,,,,,,1.181102,-0.652433,,,68.021194,64.543655,0.321116,0.307355,,,,,,,,,,,,
70845,,,,,,,,,,,,,,,,,,,,0.050120,0.222871,2.120594,,,,,,
70850,,,,,,,,,1.126167,-1.957302,,,68.668434,64.653343,0.314959,0.305775,,,,,,,,,,,,
70856,,,,,,,,,,,,,,,,,,,,0.043626,0.232311,2.104698,,,,,,
70859,,,,,,,,,1.181102,-1.957302,,,70.846649,65.290176,0.293057,0.298796,,,,,,,,,,,,
70865,,,,,,,,,,,,,,,,,,,,0.037281,0.241678,2.085498,,,,,,
70870,,,,,,,,,1.153634,-1.304868,,,71.590309,65.826012,0.285352,0.292720,,,,,,,,,,,,
70875,,,,,,,,,,,,,,,,,,,,0.030943,0.251128,2.069346,,,,,,
70880,0.031261,0.251149,2.071944,0.051310,0.249887,2.008288,1.077868,-1.248523,1.043764,-1.304868,69.948936,58.470798,71.126938,65.187775,0.286766,0.260097,-0.010739,-0.016977,-0.063656,,,,,,,,,
70885,,,,,,,,,,,,,,,,,,,,0.024859,0.260919,2.056382,,,,,,
70891,,,,,,,,,0.769089,-1.304867,,,68.014343,61.928047,0.318279,0.292003,,,,,,,,,,,,
70895,,,,,,,,,,,,,,,,,,,,0.019155,0.270726,2.037084,,,,,,
70899,,,,,,,,,1.400841,-0.652435,,,71.385384,65.175285,0.284281,0.258190,,,,,,,,,,,,
70905,,,,,,,,,,,,,,,,,,,,0.013563,0.280688,2.017640,,,,,,
70909,,,,,,,,,1.153634,-2.609736,,,72.588142,65.184799,0.271726,0.256752,,,,,,,,,,,,
70915,,,,,,,,,,,,,,,,,,,,0.008136,0.290696,2.001179,,,,,,
70920,,,,,,,,,1.043764,-2.609737,,,72.511063,64.648262,0.271984,0.260882,,,,,,,,,,,,
70925,,,,,,,,,,,,,,,,,,,,0.002917,0.300701,1.981564,,,,,,
70930,0.003433,0.300507,1.978214,0.031645,0.298659,1.894558,1.061035,-1.964336,1.016297,-1.957302,70.851341,54.071980,71.901665,63.652275,0.286892,0.224937,-0.012875,-0.025171,-0.083656,,,,,,,,,
70935,,,,,,,,,,,,,,,,,,,,-0.002308,0.311004,1.961653,,,,,,
70940,,,,,,,,,1.181102,-1.957302,,,73.022545,64.447876,0.275249,0.214906,,,,,,,,,,,,
70950,,,,,,,,,0.824024,3.914605,,,67.975677,64.028214,0.326293,0.217111,,,,-0.006954,0.321262,1.941439,,,,,,
70955,,,,,,,,,,,,,,,,,,,,-0.011772,0.331791,1.921040,,,,,,
70959,,,,,,,,,1.236037,-7.176775,,,71.897392,63.130566,0.286867,0.224276,,,,,,,,,,,,
70965,,,,,,,,,,,,,,,,,,,,-0.016166,0.342067,1.893896,,,,,,
70970,,,,,,,,,1.016297,-3.262172,,,72.474403,61.830742,0.280772,0.235723,,,,,,,,,,,,
70975,,,,,,,,,,,,,,,,,,,,-0.020318,0.352393,1.862895,,,,,,
70980,-0.019706,0.352073,1.858903,0.018538,0.348764,1.754750,1.043890,-2.561305,0.988829,-3.914606,71.696083,50.186062,72.415359,60.192524,0.289666,0.211244,-0.014039,-0.035728,-0.104153,,,,,,,,,
70986,,,,,,,,,,,,,,,,,,,,-0.024044,0.362974,1.831358,,,,,,
70991,,,,,,,,,0.796557,-1.957302,,,74.543854,62.081390,0.267812,0.189977,,,,,,,,,,,,
70995,,,,,,,,,,,,,,,,,,,,-0.027623,0.373507,1.796033,,,,,,
71000,,,,,,,,,1.263504,-3.914606,,,71.978424,58.769791,0.293409,0.221376,,,,,,,,,,,,
71005,,,,,,,,,,,,,,,,,,,,-0.030847,0.383647,1.760691,,,,,,
71009,,,,,,,,,1.043764,-3.914604,,,72.542587,58.161587,0.287598,0.225863,,,,,,,,,,,,
71015,,,,,,,,,,,,,,,,,,,,-0.033747,0.394240,1.716593,,,,,,
71019,,,,,,,,,0.988829,-3.914606,,,72.472733,57.105301,0.288142,0.235042,,,,,,,,,,,,
71025,,,,,,,,,,,,,,,,,,,,-0.036001,0.404543,1.672294,,,,,,
71030,-0.035422,0.404213,1.671548,0.013102,0.399712,1.596878,1.030265,-3.003799,0.961362,-4.567040,72.688423,50.471558,72.413956,55.671997,0.298708,0.251190,-0.009359,-0.047825,-0.074670,,,,,,,,,
71035,,,,,,,,,,,,,,,,,,,,-0.038097,0.414825,1.630695,,,,,,
71040,,,,,,,,,1.098699,-3.914604,,,73.453583,55.555103,0.288158,0.251342,,,,,,,,,,,,
71045,,,,,,,,,,,,,,,,,,,,-0.039696,0.425218,1.584556,,,,,,
71050,,,,,,,,,0.796557,1.957302,,,68.882896,56.001293,0.334626,0.245774,,,,,,,,,,,,
71055,,,,,,,,,,,,,,,,,,,,-0.040733,0.435519,1.535891,,,,,,
71059,,,,,,,,,1.153634,-9.134078,,,73.205269,54.743084,0.291299,0.257502,,,,,,,,,,,,
71065,,,,,,,,,,,,,,,,,,,,-0.041127,0.445708,1.493976,,,,,,
71069,,,,,,,,,1.043764,-3.914604,,,73.574852,54.773514,0.287426,0.256337,,,,,,,,,,,,
71075,,,,,,,,,,,,,,,,,,,,-0.041318,0.455560,1.449113,,,,,,
71080,-0.040828,0.455631,1.451373,0.016029,0.450623,1.428705,1.022383,-3.284959,0.933894,-3.914605,74.685280,54.093143,72.796738,53.710033,0.315554,0.303264,0.001802,-0.057048,-0.022668,,,,,,,,,
71085,,,,,,,,,,,,,,,,,,,,-0.041232,0.465388,1.397953,,,,,,
71091,,,,,,,,,0.741622,-3.262171,,,69.963860,51.181591,0.344827,0.329131,,,,,,,,,,,,
71095,,,,,,,,,,,,,,,,,,,,-0.040606,0.474821,1.355044,,,,,,
71100,,,,,,,,,1.373374,-2.609737,,,73.570251,55.044132,0.308986,0.290316,,,,,,,,,,,,
71105,,,,,,,,,,,,,,,,,,,,-0.039703,0.484173,1.312987,,,,,,
71109,,,,,,,,,1.071232,-4.567039,,,74.426491,55.571362,0.300475,0.284748,,,,,,,,,,,,
71115,,,,,,,,,,,,,,,,,,,,-0.038507,0.493591,1.271608,,,,,,
71120,,,,,,,,,1.071232,-3.262170,,,74.602386,56.014973,0.298733,0.279927,,,,,,,,,,,,
71125,,,,,,,,,,,,,,,,,,,,-0.036986,0.504481,1.230368,,,,,,
71130,-0.036392,0.504782,1.235248,0.027572,0.500393,1.257244,1.020994,-3.418961,0.933894,-3.914605,77.838936,59.271065,73.661301,54.754597,0.340516,0.345213,0.016918,-0.061842,0.021996,,,,,,,,,
71135,,,,,,,,,,,,,,,,,,,,-0.034788,0.514923,1.186539,,,,,,
71140,,,,,,,,,1.098699,-3.914604,,,74.503105,55.327744,0.332765,0.340271,,,,,,,,,,,,
71145,,,,,,,,,,,,,,,,,,,,-0.031902,0.525230,1.146489,,,,,,
71150,,,,,,,,,0.631752,-1.957303,,,69.765968,51.998188,0.381751,0.375021,,,,,,,,,,,,
71155,,,,,,,,,,,,,,,,,,,,-0.028407,0.534963,1.104102,,,,,,
71160,,,,,,,,,1.510712,-1.957302,,,73.948288,57.909393,0.340706,0.316181,,,,,,,,,,,,
71165,,,,,,,,,,,,,,,,,,,,-0.025052,0.544376,1.068629,,,,,,
71170,,,,,,,,,1.071232,-1.957303,,,74.200027,58.526733,0.338916,0.310157,,,,,,,,,,,,
71175,,,,,,,,,,,,,,,,,,,,-0.021256,0.553831,1.030596,,,,,,
71180,-0.020806,0.553868,1.039574,0.047557,0.547895,1.089437,1.026319,-3.416751,1.016297,-3.262172,80.736328,63.977932,73.867302,57.957077,0.372591,0.364126,0.029482,-0.061968,0.049863,,,,,,,,,
71185,,,,,,,,,,,,,,,,,,,,-0.016847,0.563657,0.998701,,,,,,
71190,,,,,,,,,1.236037,-4.567040,,,75.765518,59.111397,0.354603,0.353556,,,,,,,,,,,,
71195,,,,,,,,,,,,,,,,,,,,-0.011995,0.573398,0.961067,,,,,,
71200,,,,,,,,,1.153634,-2.609736,,,76.273590,60.082642,0.350415,0.344623,,,,,,,,,,,,
71210,,,,,,,,,0.796557,-5.871908,,,75.067451,55.998959,0.363610,0.387055,,,,-0.006990,0.583214,0.930110,,,,,,
71215,,,,,,,,,,,,,,,,,,,,-0.000980,0.592962,0.892957,,,,,,
71220,,,,,,,,,1.318439,2.609739,,,75.141693,61.275642,0.363987,0.334829,,,,,,,,,,,,
71225,,,,,,,,,,,,,,,,,,,,0.004936,0.602160,0.862618,,,,,,
71230,0.005379,0.602991,0.888420,0.075404,0.592203,0.933000,1.038650,-3.269751,1.098699,-2.609736,83.061317,66.771919,75.204163,61.359097,0.388183,0.363017,0.035788,-0.061148,0.044580,,,,,,,,,
71235,,,,,,,,,,,,,,,,,,,,0.011318,0.611344,0.829238,,,,,,
71240,,,,,,,,,1.290972,-3.262171,,,77.434898,63.062943,0.367001,0.346720,,,,,,,,,,,,
71245,,,,,,,,,,,,,,,,,,,,0.017881,0.620342,0.799245,,,,,,
71251,,,,,,,,,0.714154,-1.304868,,,72.777321,59.595669,0.415634,0.382828,,,,,,,,,,,,
71255,,,,,,,,,,,,,,,,,,,,0.025099,0.629452,0.766101,,,,,,
71260,,,,,,,,,1.510711,-3.262170,,,77.571121,63.757370,0.368794,0.341814,,,,,,,,,,,,
71265,,,,,,,,,,,,,,,,,,,,0.032916,0.638533,0.733413,,,,,,
71270,,,,,,,,,1.236037,-3.262171,,,78.881912,64.536308,0.356522,0.334472,,,,,,,,,,,,
71275,,,,,,,,,,,,,,,,,,,,0.041027,0.647309,0.703842,,,,,,
71280,0.041629,0.647330,0.705664,0.110172,0.632784,0.796304,1.057813,-2.959354,1.126167,-3.262170,83.553398,72.171776,78.895721,64.102615,0.362236,0.394421,0.042740,-0.055525,0.090640,,,,,,,,,
71285,,,,,,,,,,,,,,,,,,,,0.049247,0.656109,0.671462,,,,,,
71289,,,,,,,,,1.345906,-3.262171,,,80.540977,65.915878,0.346386,0.377540,,,,,,,,,,,,
71295,,,,,,,,,,,,,,,,,,,,0.057847,0.664474,0.639206,,,,,,
71300,,,,,,,,,1.208569,-1.304866,,,80.836205,66.352478,0.343977,0.374338,,,,,,,,,,,,
71305,,,,,,,,,,,,,,,,,,,,0.067061,0.672622,0.604369,,,,,,
71310,,,,,,,,,0.741622,-1.957302,,,76.183716,62.908028,0.391976,0.410635,,,,,,,,,,,,
71315,,,,,,,,,,,,,,,,,,,,0.076115,0.680358,0.581183,,,,,,
71319,,,,,,,,,1.620581,-3.262171,,,80.981812,67.633469,0.344509,0.364288,,,,,,,,,,,,
71325,,,,,,,,,,,,,,,,,,,,0.085900,0.688459,0.549602,,,,,,
71330,0.087699,0.688987,0.549050,0.150598,0.669620,0.687223,1.081893,-2.481776,1.126167,-0.652435,81.889481,76.553635,80.118034,67.797653,0.336862,0.408216,0.043547,-0.049346,0.138173,,,,,,,,,
71335,,,,,,,,,,,,,,,,,,,,0.095787,0.695861,0.526474,,,,,,
71340,,,,,,,,,1.400841,-1.957302,,,82.113968,69.569427,0.316858,0.391895,,,,,,,,,,,,
71345,,,,,,,,,,,,,,,,,,,,0.106105,0.703184,0.503584,,,,,,
71350,,,,,,,,,1.263504,-1.304869,,,82.159721,71.060204,0.316346,0.378086,,,,,,,,,,,,
71355,,,,,,,,,,,,,,,,,,,,0.116781,0.710238,0.480703,,,,,,
71359,,,,,,,,,1.290972,-0.652435,,,82.198219,71.769997,0.315900,0.371945,,,,,,,,,,,,
71365,,,,,,,,,,,,,,,,,,,,0.127558,0.716848,0.466472,,,,,,
71370,,,,,,,,,0.714154,-1.304868,,,76.785172,67.466324,0.371051,0.416799,,,,,,,,,,,,
71375,,,,,,,,,,,,,,,,,,,,0.138746,0.723362,0.452212,,,,,,
71380,0.137071,0.721951,0.454874,0.195155,0.703245,0.611967,1.106498,-1.860729,1.538179,-1.304869,80.837616,80.498680,80.398788,71.468826,0.324484,0.418030,0.043959,-0.042323,0.157093,,,,,,,,,
71385,,,,,,,,,,,,,,,,,,,,0.149779,0.729416,0.440865,,,,,,
71390,,,,,,,,,1.455776,0.652433,,,81.805656,74.291985,0.310222,0.391040,,,,,,,,,,,,
71395,,,,,,,,,,,,,,,,,,,,0.161080,0.735318,0.432409,,,,,,
71400,,,,,,,,,1.318439,0.000000,,,81.900307,75.578300,0.309063,0.379161,,,,,,,,,,,,
71405,,,,,,,,,,,,,,,,,,,,0.172696,0.741227,0.426803,,,,,,
71410,,,,,,,,,0.769089,0.000000,,,80.890854,77.205154,0.319146,0.363551,,,,,,,,,,,,
71415,,,,,,,,,,,,,,,,,,,,0.184665,0.747156,0.423808,,,,,,
71420,,,,,,,,,1.648049,1.304868,,,79.496964,75.851273,0.333353,0.378019,,,,,,,,,,,,
71425,,,,,,,,,,,,,,,,,,,,0.196656,0.753009,0.420938,,,,,,
71430,0.197790,0.753595,0.429262,0.242105,0.734684,0.574851,1.125396,-1.135408,1.181102,-0.652433,77.177963,80.246780,78.868683,75.801201,0.302702,0.376890,0.032424,-0.035639,0.145589,,,,,,,,,
71435,,,,,,,,,,,,,,,,,,,,0.208711,0.758841,0.423643,,,,,,
71440,,,,,,,,,1.455776,1.957302,,,79.973679,78.481789,0.291093,0.350437,,,,,,,,,,,,
71445,,,,,,,,,,,,,,,,,,,,0.220563,0.764440,0.426568,,,,,,
71450,,,,,,,,,1.263504,0.000000,,,79.814339,79.103607,0.292159,0.344448,,,,,,,,,,,,
71455,,,,,,,,,,,,,,,,,,,,0.232351,0.770160,0.429400,,,,,,
71460,,,,,,,,,1.318439,1.304869,,,79.680267,80.171341,0.292999,0.333786,,,,,,,,,,,,
71465,,,,,,,,,,,,,,,,,,,,0.243821,0.775713,0.432410,,,,,,
71482,0.244922,0.776298,0.437619,0.289553,0.765321,0.578889,1.132471,-0.339417,-0.000000,0.000000,76.509743,83.761124,69.238945,69.586594,0.391028,0.477823,0.035773,-0.028857,0.141270,,,,,,,,,
71485,,,,,,,,,,,,,,,,,,,,0.255255,0.781527,0.438438,,,,,,
71490,,,,,,,,,0.933894,0.000000,,,66.970329,67.262840,0.415622,0.504360,,,,,,,,,,,,
71500,,,,,,,,,1.373374,1.304869,,,69.962410,70.753067,0.387011,0.472060,,,,,,,,,,,,
71505,,,,,,,,,,,,,,,,,,,,0.291186,0.799152,0.460686,,,,,,
71510,,,,,,,,,1.428309,1.304868,,,72.479942,74.234291,0.362641,0.439153,,,,,,,,,,,,
71515,,,,,,,,,,,,,,,,,,,,0.303101,0.805057,0.472111,,,,,,
71519,,,,,,,,,1.400841,0.652435,,,74.053650,77.163391,0.347395,0.411181,,,,,,,,,,,,
71525,,,,,,,,,,,,,,,,,,,,0.314809,0.811071,0.483664,,,,,,
71530,0.311823,0.809611,0.485273,0.335534,0.796701,0.626396,1.124039,0.508726,0.769089,1.304867,67.827377,79.690819,,,,,0.014951,-0.022479,0.141123,,,,,,,,,
71533,,,,,,,,,,,,,75.377769,77.449760,0.245821,0.368063,,,,0.327111,0.817735,0.494906,,,,,,
71540,,,,,,,,,1.428309,-1.304868,,,72.135536,74.423454,0.277381,0.399379,,,,,,,,,,,,
71545,,,,,,,,,,,,,,,,,,,,0.339033,0.824386,0.509590,,,,,,
71550,,,,,,,,,1.345907,4.567038,,,72.674782,77.322548,0.271019,0.370862,,,,,,,,,,,,
71555,,,,,,,,,,,,,,,,,,,,0.350957,0.831199,0.520933,,,,,,
71560,,,,,,,,,1.345907,1.957305,,,73.673042,79.217308,0.259868,0.352009,,,,,,,,,,,,
71565,,,,,,,,,,,,,,,,,,,,0.363204,0.838219,0.543748,,,,,,
71569,,,,,,,,,1.318439,2.609739,,,73.968437,80.811554,0.255685,0.335842,,,,,,,,,,,,
71575,,,,,,,,,,,,,,,,,,,,0.375527,0.845471,0.563674,,,,,,
71580,0.374908,0.845336,0.568035,0.378083,0.830313,0.718702,1.100715,1.396587,1.153634,1.304868,57.853291,75.136642,73.127899,80.519325,0.161295,0.292146,-0.005406,-0.014372,0.150667,,,,,,,,,
71585,,,,,,,,,,,,,,,,,,,,0.387617,0.853040,0.592474,,,,,,
71591,,,,,,,,,0.851492,1.957303,,,69.153412,77.006187,0.198780,0.326904,,,,,,,,,,,,
71595,,,,,,,,,,,,,,,,,,,,0.399278,0.860365,0.618360,,,,,,
71600,,,,,,,,,1.483244,3.914604,,,71.254707,80.584747,0.175087,0.290029,,,,,,,,,,,,
71605,,,,,,,,,,,,,,,,,,,,0.410636,0.868353,0.647362,,,,,,
71609,,,,,,,,,1.126167,3.262170,,,69.755478,80.873032,0.187698,0.285999,,,,,,,,,,,,
71615,,,,,,,,,,,,,,,,,,,,0.422113,0.876825,0.682280,,,,,,
71620,,,,,,,,,1.181102,4.567039,,,68.494026,81.115593,0.198185,0.282377,,,,,,,,,,,,
71625,,,,,,,,,,,,,,,,,,,,0.433015,0.885515,0.717640,,,,,,
71630,0.430295,0.883685,0.713296,0.415338,0.867372,0.854347,1.068188,2.291904,0.631752,1.957303,,,63.076298,75.874252,0.251318,0.334643,,,,,,,,,,,,
71633,,,,,,,,,,,49.186363,70.644737,,,,,-0.021985,-0.002550,0.141051,,,,,,,,,
71640,,,,,,,,,1.290972,3.262171,,,63.963253,77.454163,0.152823,0.272563,,,,,,,,,,,,
71650,,,,,,,,,1.043764,3.914604,,,63.075909,77.694412,0.158919,0.268751,,,,,,,,,,,,
71655,,,,,,,,,,,,,,,,,,,,0.461021,0.909335,0.828502,,,,,,
71660,,,,,,,,,1.126167,3.262170,,,62.329296,77.896561,0.163756,0.265279,,,,,,,,,,,,
71665,,,,,,,,,,,,,,,,,,,,0.469496,0.916958,0.865170,,,,,,
71670,,,,,,,,,1.043764,5.219473,,,61.156551,78.066650,0.173090,0.262093,,,,,,,,,,,,
71675,,,,,,,,,,,,,,,,,,,,0.476769,0.924828,0.910654,,,,,,
71680,0.475797,0.924633,0.915968,0.445633,0.908631,1.026142,1.036390,3.110491,0.933894,3.914605,43.630825,67.659859,59.080719,76.576134,0.135203,0.245367,-0.031062,0.014179,0.110174,,,,,,,,,
71685,,,,,,,,,,,,,,,,,,,,0.483974,0.933554,0.947801,,,,,,
71691,,,,,,,,,0.906427,-1.957303,,,55.155941,72.599297,0.172145,0.284147,,,,,,,,,,,,
71695,,,,,,,,,,,,,,,,,,,,0.490799,0.941755,0.995001,,,,,,
71700,,,,,,,,,1.016297,8.481645,,,56.754524,74.154076,0.153535,0.267300,,,,,,,,,,,,
71705,,,,,,,,,,,,,,,,,,,,0.497194,0.950836,1.033101,,,,,,
71710,,,,,,,,,0.906427,4.567039,,,55.376854,73.284096,0.164962,0.274875,,,,,,,,,,,,
71715,,,,,,,,,,,,,,,,,,,,0.503133,0.959530,1.078444,,,,,,
71720,,,,,,,,,0.933894,5.219474,,,53.673141,73.096634,0.179991,0.275663,,,,,,,,,,,,
71725,,,,,,,,,,,,,,,,,,,,0.508434,0.968011,1.124299,,,,,,
71730,0.507671,0.967754,1.128698,0.467611,0.954262,1.219969,1.016505,3.713054,0.824024,3.914605,41.833042,68.200661,51.695091,71.849815,0.179821,0.292809,-0.029334,0.030436,0.091271,,,,,,,,,
71735,,,,,,,,,,,,,,,,,,,,0.513338,0.976145,1.170278,,,,,,
71740,,,,,,,,,1.016297,5.871907,,,51.119846,72.434372,0.183716,0.286117,,,,,,,,,,,,
71745,,,,,,,,,,,,,,,,,,,,0.517506,0.984228,1.220420,,,,,,
71750,,,,,,,,,0.521882,1.957302,,,47.368576,67.480789,0.220122,0.335796,,,,,,,,,,,,
71755,,,,,,,,,,,,,,,,,,,,0.520983,0.992361,1.261424,,,,,,
71760,,,,,,,,,1.236037,3.262171,,,50.746777,70.391907,0.184557,0.306247,,,,,,,,,,,,
71765,,,,,,,,,,,,,,,,,,,,0.523864,1.000622,1.309239,,,,,,
71770,,,,,,,,,0.988829,5.219473,,,50.321938,71.207687,0.187108,0.297488,,,,,,,,,,,,
71775,,,,,,,,,,,,,,,,,,,,0.526483,1.009133,1.355030,,,,,,
71780,0.526188,1.009606,1.357920,0.480304,1.003773,1.418569,1.016037,3.979581,0.851492,4.567039,45.940128,72.170906,48.875389,70.260460,0.242057,0.347045,-0.015396,0.043616,0.060648,,,,,,,,,
71785,,,,,,,,,,,,,,,,,,,,0.528539,1.017343,1.401490,,,,,,
71791,,,,,,,,,0.686687,3.262170,,,46.569180,67.285286,0.264993,0.377774,,,,,,,,,,,,
71795,,,,,,,,,,,,,,,,,,,,0.530427,1.025740,1.449068,,,,,,
71799,,,,,,,,,1.208569,5.219474,,,48.985081,70.227409,0.240225,0.348741,,,,,,,,,,,,
71805,,,,,,,,,,,,,,,,,,,,0.531872,1.033679,1.497733,,,,,,
71809,,,,,,,,,1.016297,3.262172,,,49.384190,71.069283,0.235546,0.340543,,,,,,,,,,,,
71815,,,,,,,,,,,,,,,,,,,,0.532915,1.041756,1.547635,,,,,,
71819,,,,,,,,,0.988829,5.219473,,,49.175457,71.233093,0.236986,0.339092,,,,,,,,,,,,
71825,,,,,,,,,,,,,,,,,,,,0.533788,1.050136,1.597918,,,,,,
71830,0.533499,1.050869,1.599665,0.483215,1.056032,1.608828,1.034469,3.919244,0.824024,3.914605,55.080940,77.941437,48.455284,70.281837,0.336921,0.407842,0.006612,0.050114,0.009163,,,,,,,,,
71835,,,,,,,,,,,,,,,,,,,,0.534162,1.060407,1.639323,,,,,,
71840,,,,,,,,,1.071232,4.567039,,,49.482960,71.659622,0.327764,0.395320,,,,,,,,,,,,
71845,,,,,,,,,,,,,,,,,,,,0.534375,1.069915,1.691776,,,,,,
71850,,,,,,,,,0.604285,2.609737,,,46.535843,67.373459,0.358944,0.440296,,,,,,,,,,,,
71855,,,,,,,,,,,,,,,,,,,,0.533721,1.079713,1.735422,,,,,,
71860,,,,,,,,,1.373374,3.914605,,,51.135201,71.390686,0.313739,0.401433,,,,,,,,,,,,
71865,,,,,,,,,,,,,,,,,,,,0.532783,1.088787,1.779012,,,,,,
71870,,,,,,,,,1.126167,1.957302,,,52.826927,72.592606,0.297273,0.390484,,,,,,,,,,,,
71875,,,,,,,,,,,,,,,,,,,,0.531483,1.098340,1.821545,,,,,,
71880,0.531240,1.099064,1.811129,0.476353,1.109339,1.785972,1.062898,3.675608,1.043764,3.914604,63.210537,82.572060,53.705803,73.059357,0.371681,0.434025,0.023044,0.050864,-0.025157,,,,,,,,,
71885,,,,,,,,,,,,,,,,,,,,0.529681,1.108730,1.866467,,,,,,
71891,,,,,,,,,0.824024,2.609737,,,52.267117,70.729370,0.388257,0.459694,,,,,,,,,,,,
71896,,,,,,,,,,,,,,,,,,,,0.527713,1.119093,1.910863,,,,,,
71899,,,,,,,,,1.400841,1.957302,,,57.046581,74.214348,0.341695,0.426515,,,,,,,,,,,,
71905,,,,,,,,,,,,,,,,,,,,0.525037,1.129479,1.951153,,,,,,
71910,,,,,,,,,1.208569,3.914605,,,58.345306,75.512978,0.329681,0.414941,,,,,,,,,,,,
71915,,,,,,,,,,,,,,,,,,,,0.521915,1.139595,1.991166,,,,,,
71920,,,,,,,,,1.153634,2.609736,,,59.438053,76.605644,0.319508,0.405208,,,,,,,,,,,,
71925,,,,,,,,,,,,,,,,,,,,0.518275,1.149863,2.030472,,,,,,
71930,0.517875,1.150207,2.023003,0.460243,1.161556,1.952652,1.087970,3.419933,1.071232,3.262170,70.394432,85.172821,59.268406,76.435928,0.395268,0.434660,0.035391,0.046880,-0.070351,,,,,,,,,
71935,,,,,,,,,,,,,,,,,,,,0.514042,1.160087,2.069230,,,,,,
71940,,,,,,,,,1.290972,3.262171,,,61.303837,78.471306,0.376732,0.415646,,,,,,,,,,,,
71945,,,,,,,,,,,,,,,,,,,,0.509657,1.170241,2.107796,,,,,,
71951,,,,,,,,,0.769089,1.304867,,,58.660103,74.193893,0.405516,0.460616,,,,,,,,,,,,
71955,,,,,,,,,,,,,,,,,,,,0.504600,1.180375,2.142769,,,,,,
71960,,,,,,,,,1.565646,1.957302,,,64.059265,78.763031,0.352792,0.416207,,,,,,,,,,,,
71965,,,,,,,,,,,,,,,,,,,,0.499369,1.190380,2.177453,,,,,,
71970,,,,,,,,,1.263504,2.609736,,,65.334862,79.884781,0.341048,0.406047,,,,,,,,,,,,
71975,,,,,,,,,,,,,,,,,,,,0.493408,1.200317,2.208610,,,,,,
71980,0.492820,1.200708,2.203969,0.435880,1.210326,2.116126,1.096998,3.272406,1.236037,1.957302,73.686234,86.222610,66.408150,80.284081,0.364688,0.413739,0.041445,0.040212,-0.087842,,,,,,,,,
71985,,,,,,,,,,,,,,,,,,,,0.487059,1.210484,2.239519,,,,,,
71990,,,,,,,,,1.318439,2.609739,,,67.855759,81.709137,0.351378,0.400392,,,,,,,,,,,,
71995,,,,,,,,,,,,,,,,,,,,0.480212,1.220955,2.266953,,,,,,
71999,,,,,,,,,1.263504,2.609736,,,68.529236,82.363640,0.345675,0.394618,,,,,,,,,,,,
72005,,,,,,,,,,,,,,,,,,,,0.472717,1.231110,2.297297,,,,,,
72011,,,,,,,,,0.769089,1.304867,,,64.739555,77.468903,0.385361,0.445316,,,,,,,,,,,,
72015,,,,,,,,,,,,,,,,,,,,0.465032,1.240687,2.321539,,,,,,
72020,,,,,,,,,1.593114,2.609737,,,69.174522,82.063164,0.341914,0.400206,,,,,,,,,,,,
72025,,,,,,,,,,,,,,,,,,,,0.457082,1.249868,2.345768,,,,,,
72030,0.455779,1.250860,2.344796,0.404650,1.253267,2.286158,1.081742,3.299626,1.236037,1.957302,70.752480,85.304726,69.638840,82.116974,0.308156,0.391126,0.037461,0.034881,-0.058639,,,,,,,,,
72035,,,,,,,,,,,,,,,,,,,,0.448739,1.259119,2.372753,,,,,,
72040,,,,,,,,,1.428309,2.609736,,,71.118607,83.795876,0.293285,0.374639,,,,,,,,,,,,
72045,,,,,,,,,,,,,,,,,,,,0.439883,1.268302,2.396482,,,,,,
72050,,,,,,,,,1.236037,3.262171,,,71.274597,84.119415,0.291621,0.371641,,,,,,,,,,,,
72055,,,,,,,,,,,,,,,,,,,,0.430768,1.277340,2.423155,,,,,,
72060,,,,,,,,,1.263504,2.609736,,,71.405846,84.391647,0.290177,0.369101,,,,,,,,,,,,
72070,,,,,,,,,0.933894,6.524341,,,66.615387,83.531616,0.338909,0.378056,,,,0.421393,1.286080,2.446750,,,,,,
72075,,,,,,,,,,,,,,,,,,,,0.411804,1.294645,2.470294,,,,,,
72080,0.412374,1.293341,2.487113,0.368229,1.288198,2.473748,1.040438,3.538587,1.318439,-2.609739,64.610825,83.371429,70.208305,82.263443,0.240444,0.371626,0.031892,0.030953,-0.013365,,,,,,,,,
72086,,,,,,,,,,,,,,,,,,,,0.401728,1.302878,2.496521,,,,,,
72089,,,,,,,,,1.373374,3.914605,,,71.053207,83.919113,0.230707,0.354960,,,,,,,,,,,,
72095,,,,,,,,,,,,,,,,,,,,0.391844,1.310818,2.522818,,,,,,
72099,,,,,,,,,1.263504,2.609736,,,70.675026,84.223114,0.233276,0.351750,,,,,,,,,,,,
72105,,,,,,,,,,,,,,,,,,,,0.381616,1.318206,2.548948,,,,,,
72111,,,,,,,,,0.714154,2.609737,,,66.000473,79.578011,0.279743,0.398960,,,,,,,,,,,,
72115,,,,,,,,,,,,,,,,,,,,0.371169,1.325718,2.577859,,,,,,
72119,,,,,,,,,1.538179,2.609734,,,69.690910,83.293221,0.241823,0.361823,,,,,,,,,,,,
72125,,,,,,,,,,,,,,,,,,,,0.360117,1.332968,2.609261,,,,,,
72130,0.359140,1.333234,2.609941,0.328428,1.313378,2.689281,0.978627,4.001602,1.153634,3.914605,52.102898,79.069366,68.439697,83.151939,0.125988,0.319399,0.016407,0.032685,0.079340,,,,,,,,,
72135,,,,,,,,,,,,,,,,,,,,0.349417,1.339918,2.646518,,,,,,
72139,,,,,,,,,1.263504,3.914606,,,68.476013,84.122154,0.122351,0.308686,,,,,,,,,,,,
72145,,,,,,,,,,,,,,,,,,,,0.338272,1.346426,2.683377,,,,,,
72150,,,,,,,,,1.098699,5.219474,,,65.783859,83.849403,0.146536,0.310458,,,,,,,,,,,,
72155,,,,,,,,,,,,,,,,,,,,0.327266,1.352351,2.725952,,,,,,
72160,,,,,,,,,1.071232,5.871908,,,64.063225,83.619911,0.161350,0.311842,,,,,,,,,,,,
72165,,,,,,,,,,,,,,,,,,,,0.315850,1.357966,2.773676,,,,,,
72170,,,,,,,,,0.659220,3.914604,,,58.803677,78.525932,0.212606,0.362891,,,,,,,,,,,,
72175,,,,,,,,,,,,,,,,,,,,0.304383,1.363219,2.829521,,,,,,
72180,0.306467,1.361861,2.827511,0.287075,1.327651,2.937177,0.908898,4.637468,1.318439,5.219473,42.783318,74.575546,60.368271,81.318916,0.100247,0.288674,0.007874,0.038528,0.109666,,,,,,,,,
72185,,,,,,,,,,,,,,,,,,,,0.292654,1.367793,2.885033,,,,,,
72190,,,,,,,,,1.126167,7.176778,,,58.962002,82.579849,0.111074,0.274464,,,,,,,,,,,,
72195,,,,,,,,,,,,,,,,,,,,0.280860,1.371751,2.945827,,,,,,
72200,,,,,,,,,0.933894,6.524341,,,56.145138,81.462624,0.136570,0.284259,,,,,,,,,,,,
72205,,,,,,,,,,,,,,,,,,,,0.269223,1.374838,3.001060,,,,,,
72209,,,,,,,,,0.961362,7.176775,,,53.230488,81.067131,0.163627,0.286915,,,,,,,,,,,,
72215,,,,,,,,,,,,,,,,,,,,0.258841,1.377522,3.065023,,,,,,
72220,,,,,,,,,0.906427,7.176775,,,51.322643,80.189827,0.180998,0.294566,,,,,,,,,,,,
72225,,,,,,,,,,,,,,,,,,,,0.249295,1.379929,3.131780,,,,,,
72230,0.251732,1.378945,3.119925,0.245865,1.330585,-3.075433,0.848667,5.248053,0.576817,3.262172,,,47.539211,74.550774,0.217881,0.350961,,,,,,,,,,,,
72233,,,,,,,,,,,37.383347,71.001106,,,,,0.004818,0.048476,0.087827,0.239480,1.381652,-3.093217,,,,,,
72240,,,,,,,,,1.318439,6.524342,,,50.345806,78.518768,0.133223,0.274033,,,,,,,,,,,,
72245,,,,,,,,,,,,,,,,,,,,0.230146,1.382726,-3.026497,,,,,,
72250,,,,,,,,,0.961362,5.871906,,,49.440018,78.045631,0.139869,0.277356,,,,,,,,,,,,
72255,,,,,,,,,,,,,,,,,,,,0.220633,1.383026,-2.962497,,,,,,
72259,,,,,,,,,0.906427,7.176775,,,47.588799,77.102989,0.156340,0.285562,,,,,,,,,,,,
72265,,,,,,,,,,,,,,,,,,,,0.211699,1.383037,-2.895432,,,,,,
72270,,,,,,,,,0.494415,3.914605,,,43.308468,71.953506,0.197959,0.336866,,,,,,,,,,,,
72275,,,,,,,,,,,,,,,,,,,,0.202653,1.382435,-2.836560,,,,,,
72280,0.204705,1.381964,-2.847563,0.206260,1.322501,-2.808030,0.814331,5.483375,1.126167,7.176778,39.102322,71.465927,44.607887,74.699799,0.201053,0.313405,0.015745,0.057362,0.039533,,,,,,,,,
72285,,,,,,,,,,,,,,,,,,,,0.193970,1.381456,-2.768986,,,,,,
72290,,,,,,,,,1.043764,6.524342,,,45.156673,75.921440,0.194354,0.300297,,,,,,,,,,,,
72295,,,,,,,,,,,,,,,,,,,,0.185269,1.379844,-2.706774,,,,,,
72299,,,,,,,,,0.933894,6.524341,,,44.529339,75.315697,0.199542,0.305585,,,,,,,,,,,,
72305,,,,,,,,,,,,,,,,,,,,0.177291,1.377654,-2.646936,,,,,,
72309,,,,,,,,,0.851492,5.871908,,,43.456955,74.806023,0.209395,0.310013,,,,,,,,,,,,
72315,,,,,,,,,,,,,,,,,,,,0.169713,1.374817,-2.583754,,,,,,
72320,,,,,,,,,0.933894,5.219474,,,43.643738,74.377182,0.206619,0.313719,,,,,,,,,,,,
72325,,,,,,,,,,,,,,,,,,,,0.162459,1.371752,-2.522829,,,,,,
72330,0.163977,1.371780,-2.536404,0.169422,1.304445,-2.571661,0.812444,5.112545,0.521882,3.262171,,,40.533638,69.115471,0.237434,0.366807,,,,,,,,,,,,
72333,,,,,,,,,,,46.962875,73.559135,,,,,0.033830,0.058474,-0.035257,0.154928,1.368155,-2.461433,,,,,,
72340,,,,,,,,,1.043764,2.609737,,,43.362232,69.589157,0.288474,0.383796,,,,,,,,,,,,
72345,,,,,,,,,,,,,,,,,,,,0.146860,1.363584,-2.405555,,,,,,
72350,,,,,,,,,0.906427,4.567039,,,43.564037,69.443169,0.287135,0.386079,,,,,,,,,,,,
72355,,,,,,,,,,,,,,,,,,,,0.139740,1.358891,-2.345770,,,,,,
72359,,,,,,,,,0.933894,5.219474,,,43.733837,69.864883,0.286083,0.382601,,,,,,,,,,,,
72365,,,,,,,,,,,,,,,,,,,,0.132773,1.353546,-2.288414,,,,,,
72370,,,,,,,,,0.988829,5.219473,,,44.421249,70.764252,0.279717,0.374166,,,,,,,,,,,,
72375,,,,,,,,,,,,,,,,,,,,0.126018,1.347917,-2.230237,,,,,,
72380,0.126137,1.347125,-2.234055,0.136178,1.278098,-2.379966,0.834896,4.296208,1.071232,7.176776,57.049702,73.321732,44.999638,69.887352,0.377212,0.381248,0.048211,0.050412,-0.145911,,,,,,,,,
72390,,,,,,,,,0.466947,-0.652434,,,47.664467,71.327705,0.352441,0.367243,,,,0.119296,1.341542,-2.174402,,,,,,
72395,,,,,,,,,,,,,,,,,,,,0.113049,1.334808,-2.120850,,,,,,
72399,,,,,,,,,1.428309,2.609736,,,48.273026,70.361443,0.348110,0.377498,,,,,,,,,,,,
72405,,,,,,,,,,,,,,,,,,,,0.107242,1.327616,-2.072979,,,,,,
72410,,,,,,,,,1.126167,3.262170,,,50.418694,71.726601,0.327980,0.364165,,,,,,,,,,,,
72415,,,,,,,,,,,,,,,,,,,,0.101800,1.320298,-2.024217,,,,,,
72420,,,,,,,,,1.098699,1.304869,,,52.768604,71.786163,0.305337,0.363877,,,,,,,,,,,,
72425,,,,,,,,,,,,,,,,,,,,0.096445,1.311830,-1.981613,,,,,,
72431,0.097338,1.312534,-1.997330,0.106997,1.245586,-2.231755,0.864024,3.379017,0.659220,1.304869,65.490944,71.594460,55.290359,72.380821,0.366572,0.340500,0.056954,0.036491,-0.234425,,,,,,,,,
72436,,,,,,,,,,,,,,,,,,,,0.091525,1.303454,-1.938290,,,,,,
72440,,,,,,,,,1.126167,0.652435,,,52.511276,67.435730,0.396959,0.390783,,,,,,,,,,,,
72445,,,,,,,,,,,,,,,,,,,,0.086628,1.294456,-1.901127,,,,,,
72450,,,,,,,,,1.126167,1.957302,,,54.529301,68.720367,0.378971,0.378511,,,,,,,,,,,,
72455,,,,,,,,,,,,,,,,,,,,0.082571,1.285226,-1.866908,,,,,,
72459,,,,,,,,,1.126167,0.652435,,,56.771809,69.256714,0.358289,0.373615,,,,,,,,,,,,
72465,,,,,,,,,,,,,,,,,,,,0.078567,1.276162,-1.835738,,,,,,
72470,,,,,,,,,1.208569,1.304866,,,59.203201,70.252541,0.335233,0.363925,,,,,,,,,,,,
72475,,,,,,,,,,,,,,,,,,,,0.075089,1.265841,-1.807781,,,,,,
72480,0.075054,1.265058,-1.818225,0.082056,1.209304,-2.119454,0.881852,2.576480,0.988829,1.304868,68.552345,66.157753,59.070801,70.001343,0.369067,0.311302,0.052341,0.020443,-0.301228,,,,,,,,,
72486,,,,,,,,,,,,,,,,,,,,0.071698,1.255654,-1.783027,,,,,,
72491,,,,,,,,,1.071232,5.871908,,,62.771202,71.968155,0.333220,0.290471,,,,,,,,,,,,
72495,,,,,,,,,,,,,,,,,,,,0.069136,1.245460,-1.765088,,,,,,
72499,,,,,,,,,1.126167,-4.567039,,,60.983829,69.811234,0.352607,0.311310,,,,,,,,,,,,
72505,,,,,,,,,,,,,,,,,,,,0.066627,1.235052,-1.747068,,,,,,
72510,,,,,,,,,1.181102,0.652433,,,62.747192,70.174568,0.336134,0.306873,,,,,,,,,,,,
72515,,,,,,,,,,,,,,,,,,,,0.064483,1.224456,-1.736253,,,,,,
72519,,,,,,,,,1.126167,-0.652435,,,63.686344,70.480278,0.327716,0.302952,,,,,,,,,,,,
72525,,,,,,,,,,,,,,,,,,,,0.062602,1.213513,-1.732623,,,,,,
72530,0.062457,1.213265,-1.742541,0.061268,1.171667,-2.034837,0.875652,1.943975,0.988829,0.000000,66.761383,61.221706,63.932003,69.103874,0.307916,0.265779,0.041190,0.005938,-0.292295,,,,,,,,,
72535,,,,,,,,,,,,,,,,,,,,0.060911,1.202099,-1.732658,,,,,,
72540,,,,,,,,,1.236036,-0.652434,,,65.772331,69.579399,0.289710,0.259352,,,,,,,,,,,,
72551,,,,,,,,,0.576817,-0.652434,,,61.875351,64.534073,0.329657,0.309143,,,,0.059407,1.190814,-1.732688,,,,,,
72555,,,,,,,,,,,,,,,,,,,,0.057881,1.179349,-1.739913,,,,,,
72559,,,,,,,,,1.428309,-1.304868,,,66.764580,67.912544,0.280764,0.274020,,,,,,,,,,,,
72565,,,,,,,,,,,,,,,,,,,,0.056503,1.167847,-1.747209,,,,,,
72570,,,,,,,,,1.153634,0.000000,,,67.611115,68.032471,0.272129,0.271458,,,,,,,,,,,,
72575,,,,,,,,,,,,,,,,,,,,0.054722,1.156528,-1.761625,,,,,,
72580,0.054537,1.156521,-1.760015,0.044375,1.134946,-1.971238,0.839396,1.462731,0.988829,-1.304868,59.579941,56.007172,67.234306,67.044289,0.202552,0.226988,0.023101,-0.005923,-0.211223,,,,,,,,,
72585,,,,,,,,,,,,,,,,,,,,0.053162,1.145454,-1.772386,,,,,,
72591,,,,,,,,,0.796557,-0.652434,,,64.739082,64.034660,0.226472,0.255478,,,,,,,,,,,,
72595,,,,,,,,,,,,,,,,,,,,0.051265,1.134497,-1.786611,,,,,,
72600,,,,,,,,,1.318439,0.000000,,,67.540489,66.947792,0.196866,0.224159,,,,,,,,,,,,
72605,,,,,,,,,,,,,,,,,,,,0.049261,1.123365,-1.797258,,,,,,
72609,,,,,,,,,1.043764,0.000000,,,67.174881,66.131638,0.199003,0.230296,,,,0.049261,1.123365,-1.797258,,,,,,
72615,,,,,,,,,,,,,,,,,,,,0.047184,1.112373,-1.807853,,,,,,
72620,,,,,,,,,1.043764,-1.304868,,,66.867256,65.444931,0.200622,0.235275,,,,,,,,,,,,
72625,,,,,,,,,,,,,,,,,,,,0.044836,1.101271,-1.818396,,,,,,
72630,0.044689,1.101635,-1.818963,0.031000,1.101064,-1.923650,0.772950,1.097803,0.851492,-0.652435,48.968197,49.324306,65.519333,63.778046,0.104674,0.182224,0.003916,-0.013129,-0.104687,,,,,,,,,
72635,,,,,,,,,,,,,,,,,,,,0.042444,1.090398,-1.825271,,,,,,
72640,,,,,,,,,1.016297,-0.652434,,,64.929733,63.464619,0.107377,0.182531,,,,,,,,,,,,
72645,,,,,,,,,,,,,,,,,,,,0.039916,1.079714,-1.828602,,,,,,
72650,,,,,,,,,0.714154,6.524342,,,59.532757,63.200901,0.159234,0.182393,,,,,,,,,,,,
72655,,,,,,,,,,,,,,,,,,,,0.037514,1.068798,-1.831681,,,,,,
72660,,,,,,,,,1.016297,-4.567039,,,62.070805,61.345379,0.131233,0.198544,,,,,,,,,,,,
72665,,,,,,,,,,,,,,,,,,,,0.034973,1.057756,-1.827342,,,,,,
72670,,,,,,,,,0.824024,1.304869,,,59.305428,59.784142,0.156819,0.212064,,,,,,,,,,,,
72675,,,,,,,,,,,,,,,,,,,,0.032768,1.048344,-1.827111,,,,,,
72680,0.033010,1.049443,-1.820952,0.020702,1.071468,-1.888400,0.680839,0.818213,0.631752,0.652435,36.793655,37.828220,56.434097,57.381432,0.059859,0.117220,-0.018292,-0.017377,-0.067448,,,,,,,,,
72691,,,,,,,,,0.549350,1.304868,,,52.384529,54.270702,0.097237,0.145038,,,,,,,,,,,,
72700,,,,,,,,,1.043764,1.304868,,,53.878113,56.554226,0.078884,0.118458,,,,,,,,,,,,
72705,,,,,,,,,,,,,,,,,,,,0.027180,1.024249,-1.807050,,,,,,
72709,,,,,,,,,0.714154,1.304868,,,51.867554,54.663780,0.095975,0.133995,,,,,,,,,,,,
72715,,,,,,,,,,,,,,,,,,,,0.025397,1.016165,-1.796181,,,,,,
72719,,,,,,,,,0.631752,0.652435,,,49.631329,53.073158,0.115770,0.146852,,,,,,,,,,,,
72725,,,,,,,,,,,,,,,,,,,,0.023873,1.008642,-1.785763,,,,,,
72730,0.024026,1.009487,-1.785978,0.013037,1.047088,-1.862813,0.570633,0.600874,0.576817,0.652434,25.858976,25.916893,47.205227,50.645721,0.026415,0.047068,-0.034387,-0.018765,-0.076836,,,,,,,,,
72735,,,,,,,,,,,,,,,,,,,,0.022483,1.001731,-1.778558,,,,,,
72740,,,,,,,,,0.659220,1.304869,,,45.708447,49.692364,0.037412,0.051846,,,,,,,,,,,,
72745,,,,,,,,,,,,,,,,,,,,0.021236,0.995959,-1.768114,,,,,,
72751,,,,,,,,,0.466947,3.262170,,,41.726341,47.801125,0.074060,0.066382,,,,,,,,,,,,
72755,,,,,,,,,,,,,,,,,,,,0.020017,0.989610,-1.756891,,,,,,
72760,,,,,,,,,0.521882,-1.957302,,,41.098515,44.576206,0.077290,0.094899,,,,,,,,,,,,
72765,,,,,,,,,,,,,,,,,,,,0.018976,0.983620,-1.749541,,,,,,
72769,,,,,,,,,0.439480,0.000000,,,38.936630,41.862759,0.096294,0.118844,,,,,,,,,,,,
72776,,,,,,,,,,,,,,,,,,,,0.018078,0.978578,-1.738789,,,,,,
72780,0.018190,0.979369,-1.742748,0.007558,1.028240,-1.844800,0.451439,0.429813,0.412012,0.652434,15.492860,14.581933,36.573078,39.579666,0.012052,0.023326,-0.046332,-0.018837,-0.102053,,,,,,,,,
72785,,,,,,,,,,,,,,,,,,,,0.017248,0.974315,-1.731515,,,,,,
72790,,,,,,,,,0.466947,0.652434,,,35.128929,38.203217,0.022566,0.032366,,,,,,,,,,,,
72795,,,,,,,,,,,,,,,,,,,,0.016365,0.970016,-1.727862,,,,,,
72800,,,,,,,,,0.357077,0.652434,,,32.824738,35.955982,0.042142,0.050564,,,,,,,,,,,,
72805,,,,,,,,,,,,,,,,,,,,0.015867,0.965907,-1.724454,,,,,,
72810,,,,,,,,,0.164805,0.000000,,,30.885988,33.520618,0.058451,0.071130,,,,,,,,,,,,
72815,,,,,,,,,,,,,,,,,,,,0.015403,0.961736,-1.723860,,,,,,
72820,,,,,,,,,0.439480,0.000000,,,28.710182,30.926960,0.077565,0.093797,,,,,,,,,,,,
72825,,,,,,,,,,,,,,,,,,,,0.015082,0.958694,-1.720448,,,,,,
72830,0.015031,0.958612,-1.722319,0.003901,1.014922,-1.832883,0.332751,0.294373,0.302142,0.652434,5.973883,4.999542,26.879459,29.289200,-0.003498,0.009493,-0.053985,-0.019502,-0.110564,,,,,,,,,
72835,,,,,,,,,,,,,,,,,,,,0.014742,0.956122,-1.720739,,,,,,
72840,,,,,,,,,0.247207,-0.652434,,,25.339090,26.822102,0.008032,0.029800,,,,,,,,,,,,
72845,,,,,,,,,,,,,,,,,,,,0.014449,0.953880,-1.721133,,,,,,
72851,,,,,,,,,0.109870,0.000000,,,23.498480,24.746284,0.022933,0.046609,,,,,,,,,,,,
72855,,,,,,,,,,,,,,,,,,,,0.014145,0.951509,-1.721133,,,,,,
72859,,,,,,,,,0.247207,0.652434,,,20.860704,22.455151,0.046334,0.066029,,,,,,,,,,,,
72865,,,,,,,,,,,,,,,,,,,,0.013865,0.948911,-1.724114,,,,,,
72870,,,,,,,,,0.192272,-0.652434,,,19.730366,19.982847,0.054886,0.087755,,,,,,,,,,,,
72875,,,,,,,,,,,,,,,,,,,,0.013563,0.947163,-1.720322,,,,,,
72880,0.013553,0.947328,-1.723227,0.001663,1.006456,-1.825625,0.223227,0.187888,0.164805,0.000000,-1.751489,-2.349800,18.234756,18.991737,-0.011409,0.019905,-0.056637,-0.020731,-0.102397,,,,,,,,,
72885,,,,,,,,,,,,,,,,,,,,0.013395,0.945998,-1.720597,,,,,,
72890,,,,,,,,,0.082402,0.652434,,,15.887264,17.068731,0.008538,0.035251,,,,,,,,,,,,
72895,,,,,,,,,,,,,,,,,,,,0.013311,0.945151,-1.713681,,,,,,
72900,,,,,,,,,0.082402,0.652434,,,13.912086,15.450714,0.025157,0.047871,,,,,,,,,,,,
72905,,,,,,,,,,,,,,,,,,,,0.013198,0.944201,-1.710026,,,,,,
72910,,,,,,,,,0.054935,0.000000,,,12.250170,13.544772,0.038976,0.063751,,,,,,,,,,,,
72915,,,,,,,,,,,,,,,,,,,,0.013163,0.943186,-1.706135,,,,,,
72920,,,,,,,,,0.054935,0.000000,,,10.851834,11.941113,0.050439,0.076930,,,,,,,,,,,,
72925,,,,,,,,,,,,,,,,,,,,0.012988,0.942384,-1.705904,,,,,,
72930,0.013001,0.942571,-1.707358,0.000499,1.001951,-1.821857,0.130292,0.106338,0.082402,0.652434,-7.744294,-8.208935,9.675275,11.136337,-0.001208,0.022517,-0.057125,-0.020469,-0.114499,,,,,,,,,
72935,,,,,,,,,,,,,,,,,,,,0.012920,0.942081,-1.702418,,,,,,
72940,,,,,,,,,0.027467,0.652434,,,8.140775,9.914656,0.010960,0.031109,,,,,,,,,,,,
72945,,,,,,,,,,,,,,,,,,,,0.012944,0.941912,-1.695254,,,,,,
72949,,,,,,,,,-0.000000,0.000000,,,6.849647,8.342190,0.020953,0.043524,,,,,,,,,,,,
72955,,,,,,,,,,,,,,,,,,,,0.012964,0.941798,-1.691526,,,,,,
72959,,,,,,,,,-0.000000,0.000000,,,5.763292,7.019117,0.029115,0.053709,,,,,,,,,,,,
72965,,,,,,,,,,,,,,,,,,,,0.012906,0.941638,-1.687725,,,,,,
72970,,,,,,,,,-0.000000,0.000000,,,4.849233,5.905884,0.035737,0.062018,,,,,,,,,,,,
72975,,,,,,,,,,,,,,,,,,,,0.012881,0.941642,-1.687725,,,,,,
72980,0.012891,0.941720,-1.689372,0.000061,1.000240,-1.820443,0.059594,0.047859,-0.000000,0.000000,-12.085045,-12.362041,4.080144,4.969210,-0.003213,0.026388,-0.056591,-0.019662,-0.131071,,,,,,,,,
72986,,,,,,,,,,,,,,,,,,,,0.012926,0.941831,-1.687832,,,,,,
72990,,,,,,,,,0.027467,0.652434,,,3.433033,4.725636,0.000155,0.025406,,,,,,,,,,,,
72995,,,,,,,,,,,,,,,,,,,,0.012980,0.942059,-1.687934,,,,,,
72999,,,,,,,,,-0.000000,0.000000,,,2.888553,3.976150,0.002605,0.029633,,,,,,,,,,,,
73005,,,,,,,,,,,,,,,,,,,,0.013010,0.942385,-1.688029,,,,,,
73010,,,,,,,,,-0.000000,0.000000,,,2.430428,3.345532,0.004283,0.032798,,,,,,,,,,,,
73015,,,,,,,,,,,,,,,,,,,,0.013054,0.942778,-1.688202,,,,,,
73019,,,,,,,,,-0.000000,0.000000,,,2.044962,2.814930,0.005312,0.035068,,,,,,,,,,,,
73025,,,,,,,,,,,,,,,,,,,,0.013114,0.943323,-1.692074,,,,,,
73030,0.013095,0.943189,-1.691848,0.000000,1.000000,-1.820245,0.015251,0.012174,-0.000000,0.000000,-14.436686,-14.505503,1.720631,2.368482,-0.018193,0.014723,-0.054814,-0.019860,-0.128397,,,,,,,,,
73036,,,,,,,,,,,,,,,,,,,,0.013151,0.943860,-1.692261,,,,,,
73040,,,,,,,,,-0.000000,0.000000,,,1.447738,1.992840,-0.018641,0.015180,,,,,,,,,,,,
73045,,,,,,,,,,,,,,,,,,,,0.013174,0.944478,-1.692281,,,,,,
73049,,,,,,,,,-0.000000,0.000000,,,1.218127,1.676775,-0.019476,0.015104,,,,,,,,,,,,
73055,,,,,,,,,,,,,,,,,,,,0.013232,0.945111,-1.688645,,,,,,
73059,,,,,,,,,-0.000000,0.000000,,,1.024932,1.410839,-0.020636,0.014580,,,,,,,,,,,,
73065,,,,,,,,,,,,,,,,,,,,0.013271,0.945882,-1.688746,,,,,,
73070,,,,,,,,,-0.000000,0.000000,,,0.862377,1.187079,-0.022070,0.013680,,,,,,,,,,,,
73075,,,,,,,,,,,,,,,,,,,,0.013382,0.946777,-1.688720,,,,,,
73080,0.013357,0.946476,-1.688982,0.000000,1.000000,-1.820245,0.015251,0.012174,-0.000000,0.000000,-13.524988,-13.596406,0.725604,0.998809,-0.014436,0.021734,-0.051576,-0.019575,-0.131263,,,,,,,,,
73085,,,,,,,,,,,,,,,,,,,,0.013398,0.947543,-1.688626,,,,,,
73090,,,,,,,,,-0.000000,0.000000,,,0.610523,0.840397,-0.016112,0.020431,,,,,,,,,,,,
73095,,,,,,,,,,,,,,,,,,,,0.013514,0.947298,-1.688740,,,,,,
73099,,,,,,,,,-0.000000,0.000000,,,0.513694,0.707110,-0.017952,0.018903,,,,,,,,,,,,
73105,,,,,,,,,,,,,,,,,,,,0.013447,0.947430,-1.688723,,,,,,
73109,,,,,,,,,,,,,0.432222,0.594962,-0.019928,0.017186,,,,,,,,,,,,
