ts,x,y,yaw,x_des,y_des,yaw_des,v_ff,w_ff,v_actual,w_actual,omega_l_cmd,omega_r_cmd,omega_l_meas,omega_r_meas,duty_l,duty_r,x_err,y_err,yaw_err,x_raw,y_raw,yaw_raw,acc_x,acc_y,acc_z,gyro_x,gyro_y,gyro_z
351598,,,,,,,,,-0.000000,0.000000,,,0.000000,0.000000,0.000000,0.000000,,,,0.025776,-1.077959,-2.014684,,,,,,
351608,,,,,,,,,-0.000000,0.000000,,,0.000000,0.000000,0.000000,0.000000,,,,0.025775,-1.077946,-2.014684,,,,,,
351618,,,,,,,,,-0.000000,0.000000,,,0.000000,0.000000,0.000000,0.000000,,,,0.025777,-1.077953,-2.014684,,,,,,
351628,,,,,,,,,-0.000000,0.000000,,,0.000000,0.000000,0.000000,0.000000,,,,,,,,,,,,
351631,,,,,,,,,,,,,,,,,,,,0.025783,-1.077963,-2.014684,,,,,,
351638,,,,,,,,,-0.000000,0.000000,,,0.000000,0.000000,0.000000,0.000000,,,,,,,,,,,,
351645,0.025783,-1.077963,-2.014684,0.001110,-1.002185,-1.100233,0.018589,0.008938,,,-16.030426,-15.085577,,,,,-0.057838,-0.054824,0.914451,,,,,,,,,
351648,,,,,,,,,-0.000000,0.000000,,,0.000000,0.000000,-0.163510,-0.153873,,,,,,,,,,,,
351658,,,,,,,,,-0.054935,0.000000,,,-0.544543,-0.544543,-0.161162,-0.151336,,,,,,,,,,,,
351662,,,,,,,,,,,,,,,,,,,,0.025781,-1.077962,-2.014684,,,,,,
351668,,,,,,,,,-0.054935,0.000000,,,-1.002722,-1.002722,-0.159586,-0.149570,,,,,,,,,,,,
351676,,,,,,,,,,,,,-1.388233,-1.388233,-0.158659,-0.148455,,,,0.025774,-1.077939,-2.014694,,,,,,
351679,,,,,,,,,-0.054935,0.000000,,,,,,,,,,0.025751,-1.078042,-2.014710,,,,,,
351688,,,,,,,,,-0.082402,0.652434,,,-2.257146,-1.712602,-0.152725,-0.147886,,,,0.025751,-1.078070,-2.011472,,,,,,
351695,0.025897,-1.077749,-2.009021,0.003684,-1.007228,-1.097477,0.072641,0.035112,,,-14.376059,-10.680035,,,,,-0.054432,-0.050038,0.911544,,,,,,,,,
351698,,,,,,,,,-0.054935,0.000000,,,-2.443705,-1.985527,-0.136702,-0.102840,,,,,,,,,,,,
351701,,,,,,,,,,,,,,,,,,,,0.025651,-1.078282,-2.008108,,,,,,
351708,,,,,,,,,-0.137337,0.652434,,,-3.689763,-2.759708,-0.126379,-0.096682,,,,,,,,,,,,
351711,,,,,,,,,,,,,,,,,,,,0.025632,-1.078331,-2.004663,,,,,,
351718,,,,,,,,,-0.054935,0.000000,,,-3.649109,-2.866561,-0.128931,-0.097176,,,,,,,,,,,,
351722,,,,,,,,,,,,,,,,,,,,0.025575,-1.078366,-2.001108,,,,,,
351728,,,,,,,,,-0.082402,0.652434,,,-4.159447,-2.956468,-0.125870,-0.097822,,,,,,,,,,,,
351732,,,,,,,,,,,,,,,,,,,,0.025649,-1.078394,-1.997449,,,,,,
351738,,,,,,,,,-0.082402,0.652434,,,-4.588844,-3.032115,-0.123534,-0.098595,,,,0.025812,-1.078093,-1.993750,,,,,,
351745,0.025961,-1.077749,-1.992294,0.008576,-1.016719,-1.092169,0.158836,0.077881,,,-11.523632,-3.460635,,,,,-0.048576,-0.040832,0.900125,,,,,,,,,
351748,,,,,,,,,-0.082402,0.652434,,,-4.950140,-3.095764,-0.092711,-0.025838,,,,0.026178,-1.077166,-1.987384,,,,,,
351758,,,,,,,,,-0.027467,0.652434,,,-4.709590,-2.604775,-0.096480,-0.030919,,,,0.026539,-1.076307,-1.981050,,,,,,
351768,,,,,,,,,-0.027467,0.652434,,,-4.507192,-2.191658,-0.099907,-0.035304,,,,,,,,,,,,
351776,,,,,,,,,,,,,-4.336894,-1.844061,-0.103047,-0.039103,,,,0.026914,-1.075342,-1.974561,,,,,,
351779,,,,,,,,,-0.027467,0.652434,,,,,,,,,,0.027264,-1.074257,-1.967990,,,,,,
351788,,,,,,,,,-0.027467,0.652434,,,-4.193605,-1.551592,-0.105946,-0.042409,,,,,,,,,,,,
351795,0.027200,-1.074444,-1.967292,0.016425,-1.031687,-1.083463,0.272347,0.137231,,,-6.023163,7.769130,,,,,-0.035279,-0.026452,0.883829,,,,,,,,,
351798,,,,,,,,,-0.054935,1.304868,,,-4.617585,-1.305510,-0.046983,0.069242,,,,0.028121,-1.071995,-1.955104,,,,,,
351808,,,,,,,,,-0.000000,0.000000,,,-3.885236,-1.098456,-0.054734,0.068945,,,,0.028585,-1.070734,-1.948502,,,,,,
351818,,,,,,,,,-0.000000,0.000000,,,-3.269037,-0.924240,-0.061447,0.068942,,,,,,,,,,,,
351821,,,,,,,,,,,,,,,,,,,,0.029008,-1.069389,-1.941786,,,,,,
351828,,,,,,,,,-0.000000,0.000000,,,-2.750567,-0.777656,-0.067286,0.069185,,,,,,,,,,,,
351836,,,,,,,,,,,,,-2.858870,-0.654319,-0.066836,0.069637,,,,0.029429,-1.068178,-1.938389,,,,,,
351839,,,,,,,,,-0.027467,0.652434,,,,,,,,,,,,,,,,,,
351845,0.029285,-1.068597,-1.938077,0.027771,-1.052766,-1.070437,0.406428,0.214064,,,2.116122,22.729652,,,,,-0.014231,-0.007097,0.867640,,,,,,,,,
351848,,,,,,,,,-0.000000,0.000000,,,-2.405453,-0.550544,0.010927,0.222860,,,,,,,,,,,,
351858,,,,,,,,,0.027467,0.652434,,,-2.023948,0.081315,0.007940,0.221071,,,,0.029498,-1.068118,-1.935057,,,,,,
351868,,,,,,,,,0.054935,1.304868,,,-1.702949,1.157505,0.005494,0.214624,,,,0.029265,-1.068591,-1.928341,,,,,,
351878,,,,,,,,,0.054935,1.304868,,,-1.432861,2.063011,0.003503,0.209702,,,,,,,,,,,,
351881,,,,,,,,,,,,,,,,,,,,0.029176,-1.068786,-1.918177,,,,,,
351888,,,,,,,,,0.082402,1.957303,,,-1.205609,3.369447,0.001895,0.200510,,,,,,,,,,,,
351891,,,,,,,,,,,,,,,,,,,,0.028863,-1.069378,-1.901264,,,,,,
351898,0.028788,-1.069640,-1.896140,0.043043,-1.080105,-1.052024,0.552327,0.310504,0.082402,1.957303,10.444305,38.440571,-1.014400,4.468682,0.085556,0.353421,0.005359,0.016852,0.844116,,,,,,,,,
351901,,,,,,,,,,,,,,,,,,,,0.028568,-1.070002,-1.884192,,,,,,
351908,,,,,,,,,0.137337,3.262171,,,-0.853516,6.482664,0.086207,0.339673,,,,,,,,,,,,
351911,,,,,,,,,,,,,,,,,,,,0.028191,-1.070872,-1.867032,,,,,,
351918,,,,,,,,,0.192272,4.567039,,,-0.718148,9.266315,0.087086,0.317671,,,,,,,,,,,,
351922,,,,,,,,,,,,,,,,,,,,0.027808,-1.071872,-1.842823,,,,,,
351928,,,,,,,,,0.192272,4.567039,,,-0.604250,11.608479,0.088157,0.299616,,,,0.027397,-1.073004,-1.807820,,,,,,
351938,,,,,,,,,0.247207,4.567039,,,0.036128,14.123718,0.083834,0.279327,,,,0.026926,-1.074599,-1.772348,,,,,,
351945,0.026857,-1.075196,-1.763573,0.062527,-1.113278,-1.026915,0.699567,0.430324,,,24.537426,57.415760,,,,,0.030543,0.042305,0.736659,,,,,,,,,
351948,,,,,,,,,0.219740,5.219473,,,0.030398,16.240040,0.229724,0.456151,,,,0.026415,-1.076443,-1.732729,,,,,,
351958,,,,,,,,,0.329610,6.524341,,,0.570120,19.109798,0.229121,0.435114,,,,0.025895,-1.078544,-1.688719,,,,,,
351968,,,,,,,,,0.384545,7.829211,,,1.024242,23.702587,0.229282,0.395929,,,,,,,,,,,,
351971,,,,,,,,,,,,,,,,,,,,0.025349,-1.080851,-1.640064,,,,,,
351978,,,,,,,,,0.494415,7.829209,,,2.495427,28.111502,0.218978,0.357701,,,,,,,,,,,,
351981,,,,,,,,,,,,,,,,,,,,0.024899,-1.083479,-1.586388,,,,,,
351988,,,,,,,,,0.494415,7.829209,,,3.733281,31.821161,0.210761,0.325723,,,,,,,,,,,,
351997,0.025035,-1.084858,-1.568408,0.086343,-1.151248,-0.993420,0.836602,0.579593,0.439480,6.524342,45.894768,79.291206,4.774812,33.853382,0.422143,0.533243,0.066536,0.061149,0.574988,,,,,,,,,
352008,,,,,,,,,0.604285,5.219473,,,7.284786,36.107834,0.404765,0.519335,,,,0.024513,-1.093932,-1.434471,,,,,,
352018,,,,,,,,,0.824024,5.219474,,,12.119392,40.727448,0.363174,0.480852,,,,0.024822,-1.098129,-1.383644,,,,,,
352028,,,,,,,,,0.906427,4.567039,,,17.820860,45.703476,0.311774,0.437809,,,,0.025126,-1.102676,-1.326808,,,,,,
352038,,,,,,,,,1.016297,3.262172,,,23.162617,49.890308,0.262903,0.401821,,,,0.025871,-1.107577,-1.274648,,,,,,
352045,0.026201,-1.109916,-1.285617,0.114420,-1.192397,-0.949265,0.951825,0.767687,,,72.534027,98.259171,,,,,0.103968,0.061452,0.336352,,,,,,,,,
352048,,,,,,,,,0.851492,4.567039,,,26.568085,52.324020,0.504434,0.576350,,,,,,,,,,,,
352051,,,,,,,,,,,,,,,,,,,,0.026557,-1.112966,-1.220047,,,,,,
352058,,,,,,,,,0.961362,3.262171,,,30.522532,54.916286,0.473292,0.559096,,,,,,,,,,,,
352061,,,,,,,,,,,,,,,,,,,,0.027680,-1.118567,-1.163205,,,,,,
352068,,,,,,,,,1.236037,1.957302,,,37.117062,59.275593,0.414430,0.523300,,,,,,,,,,,,
352072,,,,,,,,,,,,,,,,,,,,0.028938,-1.124410,-1.104151,,,,,,
352078,,,,,,,,,1.373374,2.609737,,,43.754784,64.577141,0.353809,0.477021,,,,,,,,,,,,
352082,,,,,,,,,,,,,,,,,,,,0.030719,-1.130771,-1.049266,,,,,,
352088,,,,,,,,,1.263504,1.304869,,,48.250679,67.404236,0.313706,0.454921,,,,0.032939,-1.137387,-0.989084,,,,,,
352095,0.034120,-1.140089,-1.008508,0.146463,-1.234600,-0.891288,1.034848,1.008905,,,96.362030,110.773552,,,,,0.139853,0.044660,0.117220,,,,,,,,,
352098,,,,,,,,,1.071232,3.262170,,,50.399895,68.693863,0.539687,0.575584,,,,0.035364,-1.143907,-0.929782,,,,,,
352108,,,,,,,,,1.290972,1.957303,,,54.386414,71.412590,0.508217,0.556269,,,,0.037890,-1.150587,-0.871206,,,,,,
352118,,,,,,,,,1.318439,0.000000,,,58.285213,73.155579,0.476844,0.546363,,,,,,,,,,,,
352121,,,,,,,,,,,,,,,,,,,,0.041301,-1.157606,-0.804531,,,,,,
352128,,,,,,,,,1.428309,0.000000,,,63.743835,75.711220,0.428782,0.527819,,,,,,,,,,,,
352131,,,,,,,,,,,,,,,,,,,,0.044812,-1.164815,-0.744809,,,,,,
352138,,,,,,,,,1.428309,1.304868,,,67.247635,78.406075,0.399566,0.507344,,,,,,,,,,,,
352145,0.047348,-1.167653,-0.761492,0.181936,-1.275383,-0.814979,1.077910,1.324995,,,113.657448,117.497894,,,,,0.171750,0.014890,-0.053487,,,,,,,,,
352148,,,,,,,,,1.510711,0.652434,,,71.284821,81.218071,0.540623,0.553723,,,,,,,,,,,,
352158,,,,,,,,,1.345907,0.652434,,,71.958992,81.405914,0.542221,0.559063,,,,,,,,,,,,
352162,,,,,,,,,,,,,,,,,,,,0.058572,-1.187005,-0.549122,,,,,,
352168,,,,,,,,,1.510711,-0.652434,,,76.338043,83.197594,0.505895,0.548007,,,,0.064126,-1.194207,-0.480567,,,,,,
352178,,,,,,,,,1.565646,-0.652435,,,80.567116,84.705109,0.470222,0.539490,,,,0.070023,-1.201274,-0.412356,,,,,,
352188,,,,,,,,,1.730451,-1.957303,,,84.669998,88.151703,0.434991,0.510893,,,,0.076336,-1.208074,-0.339024,,,,,,
352195,0.079116,-1.209745,-0.382748,0.220044,-1.312124,-0.713813,1.077275,1.748843,,,118.370110,104.020111,,,,,0.168966,-0.042339,-0.331065,,,,,,,,,
352198,,,,,,,,,1.510711,-0.652434,,,87.033081,89.418037,0.464754,0.366373,,,,,,,,,,,,
352201,,,,,,,,,,,,,,,,,,,,0.083387,-1.215147,-0.271897,,,,,,
352208,,,,,,,,,1.455776,-0.652433,,,88.476830,89.394447,0.456295,0.369534,,,,,,,,,,,,
352211,,,,,,,,,,,,,,,,,,,,0.090811,-1.221978,-0.202264,,,,,,
352218,,,,,,,,,1.236037,-3.262171,,,88.057976,86.107338,0.466546,0.405987,,,,,,,,,,,,
352222,,,,,,,,,,,,,,,,,,,,0.098548,-1.228232,-0.130099,,,,,,
352228,,,,,,,,,1.400841,-3.262171,,,89.339180,84.430649,0.459540,0.426672,,,,,,,,,,,,
352232,,,,,,,,,,,,,,,,,,,,0.106906,-1.234060,-0.060776,,,,,,
352238,,,,,,,,,1.400841,-3.262171,,,90.417183,83.564430,0.454351,0.439425,,,,,,,,,,,,
352245,0.109927,-1.234458,-0.101539,0.259733,-1.342316,-0.578448,1.034438,2.328709,,,112.799255,92.058929,,,,,0.159967,-0.092118,-0.476909,,,,,,,,,
352248,,,,,,,,,1.400841,-3.262171,,,91.324219,83.380135,0.393867,0.323392,,,,,,,,,,,,
352258,,,,,,,,,1.400841,-3.262171,,,92.087395,82.680527,0.390377,0.332264,,,,,,,,,,,,
352262,,,,,,,,,,,,,,,,,,,,0.132438,-1.248887,0.116490,,,,,,
352268,,,,,,,,,1.236037,-1.957302,,,90.551361,80.458252,0.410187,0.356807,,,,,,,,,,,,
352276,,,,,,,,,,,,,87.625313,78.588425,0.444483,0.378199,,,,0.141604,-1.253027,0.171908,,,,,,
352279,,,,,,,,,1.126167,-0.652435,,,,,,,,,,,,,,,,,,
352282,,,,,,,,,,,,,,,,,,,,0.150658,-1.256526,0.219270,,,,,,
352288,,,,,,,,,1.345906,-3.262171,,,88.430595,78.104240,0.441303,0.385832,,,,,,,,,,,,
352295,0.152831,-1.255499,0.178586,0.299708,-1.363820,-0.396363,0.957031,3.128195,,,95.644005,75.231621,,,,,0.125299,-0.132689,-0.574949,,,,,,,,,
352299,,,,,,,,,1.208569,-3.914605,,,88.019073,77.696846,0.275391,0.221140,,,,,,,,,,,,
352308,,,,,,,,,1.153634,-2.609736,,,86.583733,74.086807,0.291557,0.257469,,,,0.179220,-1.264019,0.342119,,,,,,
352318,,,,,,,,,1.043764,-2.609737,,,84.286949,71.593864,0.316796,0.283126,,,,0.188426,-1.265350,0.375997,,,,,,
352328,,,,,,,,,0.988829,-1.304868,,,81.265350,69.496300,0.349888,0.305249,,,,,,,,,,,,
352331,,,,,,,,,,,,,,,,,,,,0.197698,-1.266371,0.407078,,,,,,
352338,,,,,,,,,0.988829,-2.609737,,,79.267517,67.731415,0.373141,0.324398,,,,,,,,,,,,
352345,0.198043,-1.264877,0.376897,0.338467,-1.375101,-0.154271,0.859247,4.202590,,,76.392693,66.840500,,,,,0.090002,-0.154168,-0.531168,,,,,,,,,
352348,,,,,,,,,1.043764,-1.304868,,,77.042000,66.790985,0.202753,0.249901,,,,,,,,,,,,
352358,,,,,,,,,0.933894,0.000000,,,74.624908,65.455162,0.227278,0.263536,,,,0.225211,-1.265321,0.455148,,,,,,
352368,,,,,,,,,0.878959,0.000000,,,71.502083,63.786655,0.259484,0.280832,,,,0.233640,-1.264021,0.466688,,,,,,
352378,,,,,,,,,0.933894,0.000000,,,68.874535,62.382774,0.287263,0.295762,,,,0.242659,-1.261744,0.477972,,,,,,
352388,,,,,,,,,0.824024,0.000000,,,66.663712,61.201550,0.311317,0.308702,,,,0.250912,-1.259432,0.486508,,,,,,
352397,0.249679,-1.258590,0.477270,0.374365,-1.375415,0.152029,0.761264,5.501726,0.302142,0.652434,56.280418,66.000877,58.813553,54.762234,0.188190,0.366947,0.057088,-0.161045,-0.325241,,,,,,,,,
352401,,,,,,,,,,,,,,,,,,,,0.259058,-1.256342,0.492218,,,,,,
352408,,,,,,,,,1.345907,0.652434,,,62.010208,59.145973,0.155077,0.324480,,,,,,,,,,,,
352411,,,,,,,,,,,,,,,,,,,,0.267021,-1.253073,0.500821,,,,,,
352418,,,,,,,,,0.824024,2.609737,,,59.798985,59.567192,0.176486,0.321555,,,,,,,,,,,,
352421,,,,,,,,,,,,,,,,,,,,0.275034,-1.249066,0.509296,,,,,,
352428,,,,,,,,,0.851492,1.957303,,,57.393921,59.377064,0.200314,0.324781,,,,,,,,,,,,
352431,,,,,,,,,,,,,,,,,,,,0.283037,-1.244687,0.523515,,,,,,
352438,,,,,,,,,0.878959,2.609737,,,55.914841,59.761631,0.215177,0.322183,,,,,,,,,,,,
352445,0.283409,-1.243971,0.530570,0.405699,-1.364914,0.501984,0.685912,6.682049,,,40.141533,70.468300,,,,,0.044277,-0.166198,-0.028586,,,,,,,,,
352448,,,,,,,,,0.878959,3.914604,,,54.670345,60.629749,0.063328,0.360144,,,,,,,,,,,,
352458,,,,,,,,,0.851492,4.567039,,,52.534142,61.360184,0.082211,0.354661,,,,,,,,,,,,
352462,,,,,,,,,,,,,,,,,,,,0.306305,-1.230558,0.601148,,,,,,
352468,,,,,,,,,0.851492,5.871908,,,50.192196,62.519314,0.103621,0.344660,,,,,,,,,,,,
352472,,,,,,,,,,,,,,,,,,,,0.313537,-1.225798,0.636063,,,,,,
352478,,,,,,,,,0.824024,6.524341,,,47.677139,63.494606,0.127264,0.336302,,,,,,,,,,,,
352482,,,,,,,,,,,,,,,,,,,,0.320545,-1.220926,0.683140,,,,,,
352488,,,,,,,,,0.851492,5.871908,,,46.105515,64.315216,0.141788,0.329326,,,,,,,,,,,,
352495,0.320238,-1.220651,0.694961,0.430805,-1.344626,0.853892,0.649928,7.162419,,,21.275352,62.056057,,,,,0.005537,-0.166025,0.158931,,,,,,,,,
352498,,,,,,,,,0.906427,8.481643,,,43.694061,66.094765,-0.027243,0.226601,,,,,,,,,,,,
352508,,,,,,,,,0.714154,7.829210,,,40.575981,65.958450,0.000077,0.227183,,,,0.340489,-1.204938,0.880758,,,,,,
352518,,,,,,,,,0.576817,8.481646,,,36.863342,65.299210,0.034086,0.233127,,,,0.346020,-1.199040,0.958011,,,,,,
352528,,,,,,,,,0.686687,9.786511,,,33.739529,65.289070,0.062831,0.232582,,,,,,,,,,,,
352531,,,,,,,,,,,,,,,,,,,,0.351487,-1.192689,1.046227,,,,,,
352538,,,,,,,,,0.576817,8.481646,,,30.566608,64.735992,0.092702,0.237577,,,,,,,,,,,,
352545,0.350367,-1.193138,1.052324,0.448181,-1.316350,1.177649,0.653600,6.808008,,,5.076785,43.049751,,,,,-0.058547,-0.146017,0.125325,,,,,,,,,
352548,,,,,,,,,0.604285,9.134079,,,27.896914,64.270630,-0.047150,0.047923,,,,,,,,,,,,
352558,,,,,,,,,0.466947,8.481643,,,24.561546,62.245445,-0.017694,0.064336,,,,,,,,,,,,
352562,,,,,,,,,,,,,,,,,,,,0.364323,-1.172117,1.316247,,,,,,
352568,,,,,,,,,0.357077,8.481646,,,20.666082,59.452370,0.018143,0.088986,,,,0.367150,-1.164894,1.402125,,,,,,
352578,,,,,,,,,0.302142,7.176775,,,17.388439,56.013191,0.048457,0.120785,,,,0.369177,-1.158084,1.481032,,,,,,
352588,,,,,,,,,0.219740,5.219473,,,14.630630,51.485836,0.074124,0.164371,,,,,,,,,,,,
352591,,,,,,,,,,,,,,,,,,,,0.370804,-1.153661,1.557285,,,,,,
352595,0.369421,-1.156114,1.536806,0.456602,-1.282421,1.470138,0.682542,6.139090,,,-5.838640,21.626591,,,,,-0.123272,-0.091423,-0.066669,,,,,,,,,
352598,,,,,,,,,0.412012,5.871908,,,13.943840,49.854694,-0.032118,-0.039194,,,,,,,,,,,,
352601,,,,,,,,,,,,,,,,,,,,0.372915,-1.149050,1.634900,,,,,,
352608,,,,,,,,,0.274675,5.219473,,,12.276888,46.848621,-0.019072,-0.014178,,,,,,,,,,,,
352611,,,,,,,,,,,,,,,,,,,,0.374122,-1.144934,1.703066,,,,,,
352618,,,,,,,,,0.137337,3.262171,,,10.329772,42.141140,-0.002835,0.028794,,,,,,,,,,,,
352622,,,,,,,,,,,,,,,,,,,,0.374345,-1.140503,1.767378,,,,,,
352628,,,,,,,,,0.137337,3.262171,,,8.691469,38.180267,0.010642,0.065092,,,,,,,,,,,,
352632,,,,,,,,,,,,,,,,,,,,0.374510,-1.136491,1.823656,,,,,,
352638,,,,,,,,,0.164805,3.914605,,,7.313001,34.847588,0.021797,0.095774,,,,0.374451,-1.133214,1.868762,,,,,,
352645,0.373977,-1.134446,1.857327,0.455226,-1.245420,1.739995,0.721600,5.595091,,,-3.131616,19.917000,,,,,-0.129412,-0.046572,-0.117332,,,,,,,,,
352648,,,,,,,,,0.137337,3.262171,,,6.153158,32.588017,0.058609,0.098740,,,,0.374516,-1.130888,1.907075,,,,,,
352658,,,,,,,,,0.219740,3.914605,,,5.721810,31.231356,0.061151,0.110044,,,,,,,,,,,,
352661,,,,,,,,,,,,,,,,,,,,0.374365,-1.128652,1.944075,,,,,,
352668,,,,,,,,,0.219740,2.609737,,,5.358873,29.545319,0.063083,0.124978,,,,,,,,,,,,
352676,,,,,,,,,,,,,5.598042,27.582144,0.058945,0.143077,,,,0.373681,-1.127227,1.984099,,,,,,
352679,,,,,,,,,0.192272,3.262171,,,,,,,,,,0.372857,-1.126148,2.017180,,,,,,
352688,,,,,,,,,0.137337,3.262171,,,4.710191,26.474871,0.066255,0.152838,,,,,,,,,,,,
352695,0.372744,-1.126307,2.017453,0.443692,-1.207836,1.991168,0.764550,5.213987,,,5.730400,31.205553,,,,,-0.104177,-0.028771,-0.026284,,,,,,,,,
352698,,,,,,,,,0.192272,4.567039,,,3.963154,25.543213,0.162699,0.276173,,,,,,,,,,,,
352708,,,,,,,,,0.219740,2.609737,,,4.423684,25.303858,0.158355,0.279747,,,,0.370748,-1.122365,2.105022,,,,,,
352718,,,,,,,,,0.247207,3.262171,,,4.811173,25.102465,0.154664,0.282981,,,,0.370238,-1.121555,2.137399,,,,,,
352728,,,,,,,,,0.302142,3.262171,,,5.681750,25.477556,0.145968,0.280376,,,,,,,,,,,,
352731,,,,,,,,,,,,,,,,,,,,0.369672,-1.120690,2.172720,,,,,,
352738,,,,,,,,,0.329610,3.914605,,,6.414254,26.337702,0.138506,0.272748,,,,,,,,,,,,
352745,0.369217,-1.119976,2.176116,0.422170,-1.171725,2.217644,0.813675,4.811158,,,16.823105,43.912891,,,,,-0.072686,-0.014097,0.041528,,,,,,,,,
352748,,,,,,,,,0.384545,3.914605,,,7.575125,27.605970,0.239674,0.390400,,,,,,,,,,,,
352758,,,,,,,,,0.466947,4.567039,,,9.096425,29.762178,0.226007,0.371668,,,,,,,,,,,,
352762,,,,,,,,,,,,,,,,,,,,0.367436,-1.117018,2.279150,,,,,,
352768,,,,,,,,,0.384545,5.219473,,,9.287360,31.031868,0.225604,0.361548,,,,0.365749,-1.114826,2.318625,,,,,,
352778,,,,,,,,,0.439480,3.914605,,,10.537100,32.100185,0.214364,0.353227,,,,0.363798,-1.112366,2.354764,,,,,,
352788,,,,,,,,,0.494415,5.219474,,,11.588631,34.088154,0.204896,0.335312,,,,0.361357,-1.109594,2.390419,,,,,,
352797,0.360629,-1.108922,2.394334,0.391389,-1.138461,2.407749,0.873407,4.206012,0.466947,4.567039,31.143213,54.038303,12.473389,35.216286,0.342983,0.429049,-0.042639,0.000763,0.013415,,,,,,,,,
352801,,,,,,,,,,,,,,,,,,,,0.358901,-1.106904,2.432163,,,,,,
352808,,,,,,,,,0.549350,3.914606,,,14.306910,36.710041,0.328015,0.417577,,,,,,,,,,,,
352811,,,,,,,,,,,,,,,,,,,,0.355545,-1.103745,2.470236,,,,,,
352818,,,,,,,,,0.631752,3.262170,,,16.938721,38.511429,0.304538,0.402669,,,,,,,,,,,,
352821,,,,,,,,,,,,,,,,,,,,0.352006,-1.100875,2.508107,,,,,,
352828,,,,,,,,,0.686687,3.262170,,,19.697670,40.571659,0.279238,0.384760,,,,,,,,,,,,
352832,,,,,,,,,,,,,,,,,,,,0.348359,-1.097906,2.548948,,,,,,
352838,,,,,,,,,0.714154,2.609737,,,22.019049,42.305138,0.257849,0.369772,,,,0.343745,-1.094272,2.589174,,,,,,
352845,0.342826,-1.093624,2.583771,0.352614,-1.108561,2.551696,0.943469,3.364355,,,46.368443,62.385807,,,,,-0.016211,0.007492,-0.032075,,,,,,,,,
352848,,,,,,,,,0.714154,5.219474,,,23.972256,44.308228,0.395048,0.436831,,,,0.339227,-1.091123,2.626626,,,,,,
352858,,,,,,,,,0.714154,2.609737,,,26.160229,45.993629,0.377210,0.423256,,,,0.333790,-1.087829,2.666397,,,,,,
352868,,,,,,,,,0.878959,2.609737,,,29.634817,48.500813,0.345811,0.400961,,,,0.328653,-1.084599,2.706295,,,,,,
352878,,,,,,,,,0.906427,0.652435,,,33.647423,50.065811,0.308229,0.387775,,,,,,,,,,,,
352881,,,,,,,,,,,,,,,,,,,,0.322795,-1.081275,2.743081,,,,,,
352888,,,,,,,,,0.906427,1.957303,,,36.479084,51.927143,0.281890,0.371253,,,,,,,,,,,,
352895,0.321146,-1.080474,2.737921,0.307583,-1.081665,2.645149,1.016318,2.379782,,,63.230949,70.015045,,,,,0.012005,0.006423,-0.092772,,,,,,,,,
352899,,,,,,,,,0.878959,2.609737,,,39.406189,54.582355,0.426009,0.424080,,,,,,,,,,,,
352908,,,,,,,,,0.961362,1.957303,,,40.779968,55.182823,0.416762,0.421042,,,,0.302488,-1.071823,2.852675,,,,,,
352918,,,,,,,,,0.961362,1.957303,,,43.024952,56.232597,0.398353,0.413301,,,,,,,,,,,,
352921,,,,,,,,,,,,,,,,,,,,0.294713,-1.068958,2.888976,,,,,,
352928,,,,,,,,,1.098699,0.000000,,,47.092052,58.204964,0.360910,0.395939,,,,,,,,,,,,
352931,,,,,,,,,,,,,,,,,,,,0.287055,-1.066528,2.916891,,,,,,
352938,,,,,,,,,1.043764,0.000000,,,49.969566,59.864513,0.334787,0.381374,,,,,,,,,,,,
352945,0.285864,-1.066033,2.901871,0.258411,-1.056639,2.687822,1.079951,1.358413,,,77.797806,70.370857,,,,,0.028899,-0.002608,-0.214049,,,,,,,,,
352948,,,,,,,,,1.071232,0.652434,,,52.390709,61.260857,0.461325,0.372790,,,,,,,,,,,,
352958,,,,,,,,,1.043764,0.000000,,,53.883312,61.891197,0.451182,0.368183,,,,0.260832,-1.059736,2.997530,,,,,,
352968,,,,,,,,,1.098699,0.000000,,,56.772820,62.966110,0.426492,0.358915,,,,0.251537,-1.057931,3.016945,,,,,,
352978,,,,,,,,,1.181102,-1.957302,,,60.293137,63.870541,0.394790,0.351171,,,,,,,,,,,,
352981,,,,,,,,,,,,,,,,,,,,0.241592,-1.056357,3.030757,,,,,,
352988,,,,,,,,,1.181102,-1.957302,,,62.710587,64.631531,0.373633,0.344708,,,,,,,,,,,,
352995,0.240531,-1.055842,3.011737,0.207454,-1.031822,2.680789,1.123069,0.352533,,,87.423630,65.540863,,,,,0.035909,-0.019534,-0.330947,,,,,,,,,
352998,,,,,,,,,1.071232,-0.652434,,,64.200089,64.727280,0.459641,0.295614,,,,,,,,,,,,
353008,,,,,,,,,1.126167,-1.957302,,,65.997894,64.807846,0.445948,0.294955,,,,,,,,,,,,
353012,,,,,,,,,,,,,,,,,,,,0.210473,-1.052556,3.041858,,,,,,
353018,,,,,,,,,1.208569,-2.609737,,,68.599655,64.875633,0.423695,0.294410,,,,0.199534,-1.051558,3.033418,,,,,,
353028,,,,,,,,,1.153634,-3.914605,,,70.244232,64.932671,0.410685,0.293961,,,,,,,,,,,,
353036,,,,,,,,,,,,,70.538895,64.436119,0.411116,0.299148,,,,0.188798,-1.050531,3.019659,,,,,,
353039,,,,,,,,,1.071232,-0.652434,,,,,,,,,,,,,,,,,,
353045,0.188691,-1.050336,3.016263,0.157170,-1.005350,2.625154,1.139441,-0.630398,,,92.320625,60.108547,,,,,0.036897,-0.040694,-0.391109,,,,,,,,,
353048,,,,,,,,,1.153634,-5.219473,,,72.420456,64.018318,0.445250,0.248221,,,,,,,,,,,,
353058,,,,,,,,,1.208569,-3.914605,,,74.548141,63.666782,0.427528,0.251024,,,,,,,,,,,,
353062,,,,,,,,,,,,,,,,,,,,0.154271,-1.047499,2.925059,,,,,,
353068,,,,,,,,,1.153634,-5.219473,,,76.882919,62.826458,0.407267,0.258884,,,,0.143315,-1.045937,2.883449,,,,,,
353078,,,,,,,,,1.071232,-4.567039,,,77.213768,62.119408,0.406980,0.265552,,,,0.131595,-1.044029,2.833166,,,,,,
353088,,,,,,,,,1.208569,-6.524341,,,79.125778,61.524498,0.390499,0.271218,,,,,,,,,,,,
353091,,,,,,,,,,,,,,,,,,,,0.119853,-1.041756,2.774215,,,,,,
353095,0.120758,-1.041067,2.767194,0.109957,-0.975506,2.522669,1.130104,-1.589969,,,91.941635,64.260597,,,,,0.034029,-0.057070,-0.244525,,,,,,,,,
353098,,,,,,,,,1.126167,-5.871908,,,80.734543,60.479397,0.372863,0.323946,,,,,,,,,,,,
353101,,,,,,,,,,,,,,,,,,,,0.108084,-1.038941,2.711941,,,,,,
353108,,,,,,,,,1.208569,-6.524341,,,82.632698,60.144592,0.355743,0.328117,,,,,,,,,,,,
353112,,,,,,,,,,,,,,,,,,,,0.096720,-1.035616,2.646542,,,,,,
353118,,,,,,,,,1.263504,-6.524341,,,84.229805,60.407429,0.341315,0.326259,,,,,,,,,,,,
353122,,,,,,,,,,,,,,,,,,,,0.085509,-1.031799,2.583578,,,,,,
353128,,,,,,,,,1.181102,-4.567039,,,85.029068,60.628582,0.334704,0.324774,,,,,,,,,,,,
353160,0.064024,-1.021791,2.459960,0.068006,-0.941043,2.377927,1.103091,-2.495022,,,,,53.348030,38.042316,0.668258,0.561795,,,,0.063588,-1.022594,2.452688,,,,,,
353163,,,,,,,,,-0.000000,0.000000,92.705391,71.595917,,,,,0.047784,-0.065213,-0.082033,0.042110,-1.011278,2.330485,,,,,,
353168,,,,,,,,,1.071232,-3.262170,,,56.322433,41.266033,0.653428,0.608977,,,,,,,,,,,,
353171,,,,,,,,,,,,,,,,,,,,0.032150,-1.005085,2.272961,,,,,,
353178,,,,,,,,,1.675516,-4.567040,,,65.904160,48.879360,0.562971,0.537387,,,,,,,,,,,,
353181,,,,,,,,,,,,,,,,,,,,0.022687,-0.998487,2.220838,,,,,,
353188,,,,,,,,,1.730451,-3.262171,,,73.966217,56.918839,0.486099,0.459928,,,,,,,,,,,,
353199,0.020934,-0.995397,2.227285,0.033170,-0.901405,2.200601,1.070690,-3.262368,0.439480,-1.304869,96.354080,75.114738,67.680595,52.247849,0.591177,0.546399,0.066987,-0.067059,-0.026685,,,,,,,,,
353208,,,,,,,,,1.648049,-3.914605,,,73.827286,58.663998,0.534215,0.485528,,,,-0.005585,-0.975248,2.040637,,,,,,
353218,,,,,,,,,1.785386,-1.957303,,,81.177277,65.151634,0.463750,0.422644,,,,-0.014941,-0.966572,1.978366,,,,,,
353228,,,,,,,,,1.538179,-3.914605,,,85.727936,69.521240,0.420369,0.380067,,,,-0.023917,-0.957335,1.911229,,,,,,
353238,,,,,,,,,1.565646,-1.957302,,,88.467766,72.653290,0.394548,0.349239,,,,,,,,,,,,
353241,,,,,,,,,,,,,,,,,,,,-0.032778,-0.947824,1.846207,,,,,,
353245,-0.031908,-0.946344,1.870069,0.006862,-0.856819,2.005006,1.044701,-3.781378,,,92.103867,78.986877,,,,,0.074116,-0.063441,0.134937,,,,,,,,,
353248,,,,,,,,,1.400841,-4.567040,,,90.228523,73.654961,0.334813,0.379010,,,,,,,,,,,,
353257,,,,,,,,,1.208569,-1.304866,,,88.442757,73.408684,0.353403,0.382588,,,,-0.041079,-0.937754,1.775814,,,,,,
353262,,,,,,,,,,,,,,,,,,,,-0.049123,-0.927325,1.710731,,,,,,
353268,,,,,,,,,1.373374,-3.914605,,,89.118393,73.201462,0.347244,0.385817,,,,,,,,,,,,
353272,,,,,,,,,,,,,,,,,,,,-0.056241,-0.916515,1.647430,,,,,,
353278,,,,,,,,,1.290972,-0.652435,,,88.597786,74.116196,0.353151,0.377644,,,,-0.063634,-0.905501,1.590084,,,,,,
353288,,,,,,,,,1.263504,-2.609736,,,88.159744,74.341309,0.358321,0.376322,,,,,,,,,,,,
353291,,,,,,,,,,,,,,,,,,,,-0.069581,-0.894155,1.528204,,,,,,
353295,-0.067570,-0.893359,1.546048,-0.010024,-0.808228,1.805948,1.031671,-3.991328,,,89.683746,83.616501,,,,,0.086529,-0.055422,0.259900,,,,,,,,,
353298,,,,,,,,,1.263504,-2.609736,,,87.791176,73.986176,0.338183,0.428096,,,,,,,,,,,,
353301,,,,,,,,,,,,,,,,,,,,-0.075276,-0.883184,1.475335,,,,,,
353308,,,,,,,,,1.263504,-2.609736,,,87.481064,73.687363,0.341725,0.433070,,,,,,,,,,,,
353316,,,,,,,,,,,,,85.041962,72.891403,0.367045,0.443174,,,,-0.080185,-0.871944,1.419852,,,,,,
353319,,,,,,,,,1.126167,-0.652435,,,,,,,,,,,,,,,,,,
353322,,,,,,,,,,,,,,,,,,,,-0.084511,-0.860998,1.365924,,,,,,
353328,,,,,,,,,1.373374,0.000000,,,84.623329,74.399857,0.372243,0.429933,,,,-0.088141,-0.849886,1.320017,,,,,,
353338,,,,,,,,,1.263504,0.000000,,,84.271095,75.669067,0.376848,0.418830,,,,-0.091415,-0.838366,1.271390,,,,,,
353345,-0.089176,-0.837683,1.294548,-0.017142,-0.757077,1.614315,1.031212,-3.934575,,,89.408409,87.632500,,,,,0.097198,-0.047318,0.319767,,,,,,,,,
353348,,,,,,,,,1.373374,0.000000,,,83.974724,77.281525,0.378145,0.444936,,,,,,,,,,,,
353351,,,,,,,,,,,,,,,,,,,,-0.094048,-0.826980,1.227041,,,,,,
353358,,,,,,,,,1.181102,0.652433,,,82.636269,77.004616,0.392884,0.449831,,,,,,,,,,,,
353361,,,,,,,,,,,,,,,,,,,,-0.095748,-0.815217,1.179853,,,,,,
353368,,,,,,,,,1.373374,1.304869,,,82.599182,78.405251,0.394617,0.437670,,,,,,,,,,,,
353371,,,,,,,,,,,,,,,,,,,,-0.096821,-0.803865,1.133629,,,,,,
353378,,,,,,,,,1.373374,-1.304869,,,83.112518,79.583748,0.390742,0.427495,,,,,,,,,,,,
353382,,,,,,,,,,,,,,,,,,,,-0.097745,-0.792320,1.088195,,,,,,
353388,,,,,,,,,1.345907,0.652434,,,83.544441,80.030792,0.387596,0.424545,,,,,,,,,,,,
353395,-0.095479,-0.790695,1.108342,-0.014700,-0.705027,1.436469,1.038534,-3.710558,,,92.898895,93.390320,,,,,0.112708,-0.034073,0.328126,,,,,,,,,
353399,,,,,,,,,1.318439,-1.304869,,,83.907860,80.406937,0.420665,0.480958,,,,,,,,,,,,
353408,,,,,,,,,1.400841,0.652435,,,83.669098,81.267967,0.424898,0.474772,,,,-0.095665,-0.758460,0.964377,,,,,,
353418,,,,,,,,,1.236036,0.652434,,,82.379120,80.358810,0.439902,0.486470,,,,-0.094005,-0.747432,0.923845,,,,,,
353428,,,,,,,,,1.373374,1.304869,,,82.927361,82.316559,0.436414,0.469107,,,,,,,,,,,,
353431,,,,,,,,,,,,,,,,,,,,-0.091860,-0.736228,0.887098,,,,,,
353438,,,,,,,,,1.455776,-0.652433,,,83.933197,83.963806,0.428149,0.454520,,,,,,,,,,,,
353445,-0.089277,-0.735415,0.903036,-0.003420,-0.653617,1.276819,1.048656,-3.389546,,,91.138504,96.926476,,,,,0.117394,-0.016764,0.373784,,,,,,,,,
353448,,,,,,,,,1.510711,0.652434,,,85.324051,85.349800,0.397799,0.478337,,,,,,,,,,,,
353458,,,,,,,,,1.428309,0.000000,,,85.949768,86.515976,0.392580,0.468757,,,,,,,,,,,,
353462,,,,,,,,,,,,,,,,,,,,-0.081886,-0.702857,0.766351,,,,,,
353468,,,,,,,,,1.455776,1.957302,,,85.931702,87.497200,0.393802,0.460831,,,,-0.077550,-0.692101,0.724539,,,,,,
353478,,,,,,,,,1.181102,0.652433,,,83.738327,86.144623,0.417216,0.476513,,,,-0.072511,-0.681489,0.692076,,,,,,
353488,,,,,,,,,1.428309,2.609736,,,84.070999,87.184738,0.415302,0.468060,,,,,,,,,,,,
353491,,,,,,,,,,,,,,,,,,,,-0.067275,-0.671190,0.653922,,,,,,
353495,-0.065585,-0.671738,0.685873,0.015518,-0.603977,1.140413,1.058772,-2.979835,,,82.321404,96.031334,,,,,0.105679,0.001072,0.454540,,,,,,,,,
353498,,,,,,,,,1.455776,0.652433,,,84.895454,88.059891,0.318372,0.451952,,,,,,,,,,,,
353501,,,,,,,,,,,,,,,,,,,,-0.061450,-0.660961,0.619029,,,,,,
353508,,,,,,,,,1.400841,0.652435,,,84.500061,88.796249,0.321890,0.446035,,,,,,,,,,,,
353511,,,,,,,,,,,,,,,,,,,,-0.055092,-0.651049,0.584277,,,,,,
353518,,,,,,,,,1.345906,3.262171,,,83.622833,88.871277,0.330402,0.446717,,,,,,,,,,,,
353522,,,,,,,,,,,,,,,,,,,,-0.048056,-0.641256,0.549551,,,,,,
353528,,,,,,,,,1.373374,2.609737,,,82.884735,89.478951,0.337671,0.441951,,,,-0.040811,-0.631493,0.520875,,,,,,
353538,,,,,,,,,1.153634,0.000000,,,81.174614,86.722984,0.355001,0.471372,,,,-0.032809,-0.622519,0.497648,,,,,,
353545,-0.031771,-0.623635,0.513512,0.040563,-0.556635,1.033569,1.067865,-2.454869,,,74.213867,95.575500,,,,,0.095918,0.022825,0.520057,,,,,,,,,
353548,,,,,,,,,1.345907,-0.652434,,,81.369347,86.582291,0.270547,0.470019,,,,-0.024846,-0.614350,0.480800,,,,,,
353558,,,,,,,,,1.345906,3.262171,,,80.444107,87.552994,0.278554,0.461917,,,,-0.016058,-0.606464,0.463830,,,,,,
353568,,,,,,,,,1.318439,5.219473,,,79.121071,88.914284,0.290803,0.449636,,,,,,,,,,,,
353571,,,,,,,,,,,,,,,,,,,,-0.007020,-0.598412,0.449668,,,,,,
353578,,,,,,,,,1.181102,-0.652433,,,78.552406,86.247871,0.295622,0.478166,,,,,,,,,,,,
353581,,,,,,,,,,,,,,,,,,,,0.002395,-0.590884,0.440798,,,,,,
353588,,,,,,,,,1.263504,2.609736,,,77.529396,86.182526,0.305189,0.480698,,,,,,,,,,,,
353595,0.004010,-0.590801,0.457891,0.069890,-0.511473,0.962701,1.075036,-1.796908,,,72.889458,97.693726,,,,,0.094161,0.042033,0.504810,,,,,,,,,
353598,,,,,,,,,1.373374,3.914605,,,76.668633,86.672089,0.299796,0.499189,,,,,,,,,,,,
353608,,,,,,,,,1.263504,3.914606,,,75.944382,88.173096,0.306428,0.486083,,,,0.031991,-0.571474,0.472422,,,,,,
353618,,,,,,,,,1.318439,3.914604,,,75.334999,88.891495,0.312033,0.480659,,,,0.043022,-0.565210,0.492212,,,,,,
353628,,,,,,,,,1.318439,3.914604,,,74.822266,89.495956,0.316773,0.476254,,,,0.054294,-0.559116,0.517882,,,,,,
353638,,,,,,,,,1.236037,1.957302,,,74.390854,87.826378,0.320787,0.494923,,,,,,,,,,,,
353645,0.054616,-0.559270,0.521075,0.101501,-0.467811,0.932653,1.078588,-1.021290,,,74.133286,97.914261,,,,,0.086192,0.055981,0.411579,,,,,,,,,
353648,,,,,,,,,1.318439,5.219473,,,73.483322,89.144310,0.342431,0.485703,,,,,,,,,,,,
353658,,,,,,,,,1.373374,3.914605,,,73.808807,90.253220,0.339241,0.476146,,,,,,,,,,,,
353662,,,,,,,,,,,,,,,,,,,,0.087431,-0.539806,0.630454,,,,,,
353668,,,,,,,,,1.345906,3.262171,,,73.538132,91.186256,0.342067,0.468162,,,,,,,,,,,,
353672,,,,,,,,,,,,,,,,,,,,0.098732,-0.532263,0.671301,,,,,,
353678,,,,,,,,,1.400841,4.567040,,,73.854927,92.515854,0.338954,0.455945,,,,0.109175,-0.524874,0.715489,,,,,,
353688,,,,,,,,,1.400841,4.567040,,,74.121475,93.634583,0.336291,0.445614,,,,0.119555,-0.517039,0.763193,,,,,,
353698,0.118834,-0.517091,0.762017,0.133344,-0.424620,0.945543,1.076676,-0.173391,0.988829,1.304868,80.354919,93.784515,72.167580,89.130447,0.419684,0.450289,0.074338,0.056880,0.183526,,,,,,,,,
353701,,,,,,,,,,,,,,,,,,,,0.130151,-0.508510,0.814250,,,,,,
353708,,,,,,,,,1.730451,5.871908,,,75.424461,94.053360,0.388101,0.401006,,,,,,,,,,,,
353711,,,,,,,,,,,,,,,,,,,,0.140324,-0.499513,0.862499,,,,,,
353718,,,,,,,,,1.373374,2.609737,,,75.986626,94.383698,0.383353,0.397583,,,,,,,,,,,,
353721,,,,,,,,,,,,,,,,,,,,0.150235,-0.490413,0.914709,,,,,,
353728,,,,,,,,,1.483244,2.609737,,,77.004173,94.661636,0.373848,0.394628,,,,,,,,,,,,
353732,,,,,,,,,,,,,,,,,,,,0.159786,-0.480489,0.961242,,,,,,
353738,,,,,,,,,1.373374,2.609737,,,77.860336,94.895500,0.365785,0.392067,,,,0.168701,-0.470177,1.002118,,,,,,
353745,0.168382,-0.469840,0.992895,0.163408,-0.380799,1.000201,1.068803,0.685140,,,84.069885,89.950676,,,,,0.071864,0.052806,0.007307,,,,,,,,,
353748,,,,,,,,,1.538179,2.609734,,,79.125259,95.092270,0.391274,0.350733,,,,0.177707,-0.459574,1.040245,,,,,,
353758,,,,,,,,,1.098699,1.304869,,,77.466850,91.990570,0.409179,0.381342,,,,0.186390,-0.448010,1.075016,,,,,,
353768,,,,,,,,,1.345907,0.652434,,,78.249634,91.558975,0.402515,0.385336,,,,,,,,,,,,
353771,,,,,,,,,,,,,,,,,,,,0.194099,-0.436825,1.107482,,,,,,
353778,,,,,,,,,1.455776,0.652433,,,79.997353,91.740379,0.385853,0.383164,,,,,,,,,,,,
353782,,,,,,,,,,,,,,,,,,,,0.201658,-0.425362,1.133568,,,,,,
353788,,,,,,,,,1.510712,1.957302,,,80.923340,91.893013,0.377222,0.381249,,,,0.208422,-0.413614,1.160213,,,,,,
353795,0.208233,-0.412844,1.154352,0.189838,-0.335442,1.091992,1.056741,1.485642,,,81.101234,86.366646,,,,,0.063346,0.048133,-0.062360,,,,,,,,,
353798,,,,,,,,,1.345907,0.652434,,,81.702469,92.021439,0.339624,0.342994,,,,0.214799,-0.401513,1.176869,,,,,,
353808,,,,,,,,,1.428309,0.000000,,,82.902573,91.584953,0.327263,0.346315,,,,,,,,,,,,
353815,,,,,,,,,,,,,,,,,,,,0.220835,-0.389123,1.193626,,,,,,
353818,,,,,,,,,1.208569,1.304866,,,80.645081,89.039520,0.349929,0.371235,,,,,,,,,,,,
353821,,,,,,,,,,,,,,,,,,,,0.226775,-0.376232,1.203531,,,,,,
353828,,,,,,,,,1.318439,1.304869,,,80.923798,88.531418,0.347177,0.375883,,,,,,,,,,,,
353831,,,,,,,,,,,,,,,,,,,,0.232152,-0.362776,1.213484,,,,,,
353838,,,,,,,,,1.428309,0.000000,,,81.702850,88.648445,0.339266,0.374256,,,,,,,,,,,,
353845,0.232544,-0.361486,1.208513,0.211024,-0.288048,1.213159,1.044069,2.159765,,,75.825439,89.018944,,,,,0.061044,0.046151,0.004646,,,,,,,,,
353848,,,,,,,,,1.345907,0.652434,,,82.358345,88.746918,0.278647,0.399849,,,,,,,,,,,,
353858,,,,,,,,,1.373374,-1.304869,,,82.365341,87.740685,0.277269,0.410167,,,,0.246788,-0.324104,1.237226,,,,,,
353868,,,,,,,,,1.345907,4.567038,,,81.826683,88.527664,0.281455,0.402395,,,,0.251235,-0.310670,1.243908,,,,,,
353878,,,,,,,,,1.373374,1.304869,,,81.373451,89.189835,0.284878,0.395739,,,,0.255379,-0.297885,1.261102,,,,,,
353888,,,,,,,,,1.318439,2.609739,,,80.992104,89.202438,0.287658,0.395576,,,,,,,,,,,,
353895,0.255114,-0.297943,1.267627,0.225693,-0.238617,1.353993,1.034566,2.653946,,,67.324585,88.422318,,,,,0.047837,0.045791,0.086366,,,,,,,,,
353898,,,,,,,,,1.400841,3.262171,,,80.671242,89.757584,0.203189,0.383792,,,,,,,,,,,,
353908,,,,,,,,,1.345906,3.262171,,,79.856720,90.224686,0.208828,0.378760,,,,,,,,,,,,
353917,,,,,,,,,1.181102,1.957302,,,78.082298,88.439529,0.224420,0.396608,,,,0.267596,-0.257864,1.319921,,,,,,
353920,,,,,,,,,,,,,,,,,,,,0.271224,-0.244362,1.344507,,,,,,
353928,,,,,,,,,1.318439,2.609739,,,77.133842,89.115677,0.231943,0.389708,,,,0.274761,-0.230994,1.383674,,,,,,
353938,,,,,,,,,1.345907,5.871908,,,75.791267,90.229126,0.243675,0.378212,,,,0.277581,-0.217203,1.423523,,,,,,
353945,0.276637,-0.218410,1.435040,0.232980,-0.187622,1.504483,1.030627,2.945649,,,60.396137,81.956856,,,,,0.024596,0.047422,0.069443,,,,,,,,,
353948,,,,,,,,,1.236037,4.567040,,,74.117081,90.621437,0.188389,0.307902,,,,0.280217,-0.204119,1.467712,,,,,,
353958,,,,,,,,,1.236037,5.871907,,,72.708420,90.951530,0.200013,0.302802,,,,,,,,,,,,
353962,,,,,,,,,,,,,,,,,,,,0.282347,-0.190898,1.516708,,,,,,
353968,,,,,,,,,1.181102,5.871908,,,70.434090,90.140182,0.220748,0.309279,,,,,,,,,,,,
353971,,,,,,,,,,,,,,,,,,,,0.284114,-0.177533,1.570800,,,,,,
353978,,,,,,,,,1.071232,0.652434,,,69.065010,87.279343,0.232706,0.336823,,,,,,,,,,,,
353981,,,,,,,,,,,,,,,,,,,,0.285150,-0.164282,1.623520,,,,,,
353988,,,,,,,,,1.181102,5.871908,,,67.913071,87.594955,0.242722,0.332539,,,,,,,,,,,,
353995,0.284423,-0.163869,1.632309,0.232485,-0.135868,1.655400,1.032777,3.043202,,,63.712044,82.867142,,,,,0.031140,0.050119,0.023091,,,,,,,,,
353998,,,,,,,,,1.181102,5.871908,,,66.399284,87.315964,0.290481,0.343542,,,,,,,,,,,,
354008,,,,,,,,,1.236037,3.262171,,,66.214668,87.081223,0.291827,0.345046,,,,0.284508,-0.125060,1.776422,,,,,,
354018,,,,,,,,,1.153634,5.219473,,,65.514793,86.883713,0.298465,0.346218,,,,0.283068,-0.112447,1.828873,,,,,,
354028,,,,,,,,,1.208569,3.914605,,,65.470459,86.717522,0.298556,0.347110,,,,,,,,,,,,
354031,,,,,,,,,,,,,,,,,,,,0.281289,-0.100071,1.877287,,,,,,
354038,,,,,,,,,1.126167,0.652435,,,65.433159,84.399521,0.298585,0.369984,,,,,,,,,,,,
354045,0.281108,-0.100719,1.859456,0.224306,-0.084267,1.798304,1.040273,2.965572,,,67.265938,80.492180,,,,,0.031941,0.049768,-0.061152,,,,,,,,,
354048,,,,,,,,,1.181102,3.262171,,,65.946312,84.627327,0.329257,0.343129,,,,,,,,,,,,
354058,,,,,,,,,1.208569,3.914605,,,65.833542,84.819000,0.330671,0.340347,,,,,,,,,,,,
354062,,,,,,,,,,,,,,,,,,,,0.272218,-0.065081,2.004931,,,,,,
354068,,,,,,,,,1.290972,3.262171,,,66.283195,84.980278,0.326371,0.337836,,,,0.268440,-0.054286,2.044492,,,,,,
354078,,,,,,,,,1.208569,1.304866,,,66.661537,84.571434,0.322708,0.341109,,,,0.264039,-0.043785,2.077464,,,,,,
354088,,,,,,,,,1.263504,3.914606,,,68.068962,84.771973,0.308473,0.338248,,,,0.259012,-0.033912,2.106885,,,,,,
354097,0.258850,-0.034616,2.102527,0.209041,-0.033614,1.925057,1.051868,2.723463,,,70.047462,74.061974,65.441360,79.495277,0.363486,0.325626,0.026117,0.042424,-0.177470,,,,,,,,,
354100,,,,,,,,,0.851492,-0.652435,,,,,,,,,,0.254337,-0.024271,2.136055,,,,,,
354108,,,,,,,,,1.071232,1.957303,,,65.408676,78.867264,0.364740,0.330945,,,,,,,,,,,,
354111,,,,,,,,,,,,,,,,,,,,0.249196,-0.014841,2.161845,,,,,,
354118,,,,,,,,,1.236036,0.652434,,,67.014801,78.883400,0.349286,0.329819,,,,,,,,,,,,
354122,,,,,,,,,,,,,,,,,,,,0.243592,-0.005196,2.187032,,,,,,
354128,,,,,,,,,1.263504,0.000000,,,68.910736,78.896973,0.330554,0.328717,,,,,,,,,,,,
354132,,,,,,,,,,,,,,,,,,,,0.236554,0.005527,2.202365,,,,,,
354138,,,,,,,,,1.263504,1.304869,,,69.416893,78.363853,0.325618,0.333187,,,,0.230012,0.015668,2.221073,,,,,,
354145,0.229578,0.015917,2.216588,0.187761,0.015609,2.027807,1.065895,2.320224,,,72.089630,72.798256,,,,,0.024921,0.033582,-0.188781,,,,,,,,,
354148,,,,,,,,,1.236036,0.652434,,,70.387314,78.459831,0.336676,0.318458,,,,0.222665,0.025581,2.233245,,,,,,
354158,,,,,,,,,1.098699,0.000000,,,70.114738,77.451500,0.339797,0.327611,,,,0.215130,0.034950,2.242453,,,,,,
354168,,,,,,,,,1.181102,-0.652433,,,70.974480,77.147629,0.331423,0.329780,,,,,,,,,,,,
354171,,,,,,,,,,,,,,,,,,,,0.207498,0.044148,2.242618,,,,,,
354178,,,,,,,,,1.181102,0.652433,,,71.697868,76.891953,0.324267,0.331518,,,,,,,,,,,,
354181,,,,,,,,,,,,,,,,,,,,0.199489,0.053746,2.245611,,,,,,
354188,,,,,,,,,1.263504,-1.304869,,,72.851067,76.676826,0.312583,0.332893,,,,,,,,,,,,
354195,0.198931,0.054885,2.237710,0.161942,0.063344,2.099642,1.079876,1.766474,,,74.792786,75.515862,,,,,0.029527,0.023831,-0.138068,,,,,,,,,
354198,,,,,,,,,1.181102,0.652433,,,73.276825,76.495819,0.335660,0.361683,,,,,,,,,,,,
354208,,,,,,,,,1.290972,0.652435,,,74.179604,76.888062,0.326755,0.357486,,,,0.175498,0.082572,2.242410,,,,,,
354218,,,,,,,,,1.098699,1.304869,,,72.761032,75.584465,0.341347,0.370509,,,,0.167950,0.091899,2.239433,,,,,,
354228,,,,,,,,,1.290972,-0.652435,,,74.290161,76.665794,0.326156,0.359465,,,,0.159915,0.101493,2.236424,,,,,,
354238,,,,,,,,,1.290972,-0.652435,,,75.032227,77.031082,0.318688,0.355510,,,,,,,,,,,,
354241,,,,,,,,,,,,,,,,,,,,0.151714,0.110873,2.230269,,,,,,
354245,0.152386,0.110478,2.228171,0.133380,0.109942,2.135378,1.090498,1.089495,,,71.069031,70.950806,,,,,0.011189,0.015373,-0.092793,,,,,,,,,
354248,,,,,,,,,1.236036,0.652434,,,75.656601,77.338432,0.274289,0.305508,,,,,,,,,,,,
354256,,,,,,,,,,,,,74.003777,74.874321,0.290230,0.329364,,,,0.143624,0.120606,2.230267,,,,,,
354259,,,,,,,,,1.016297,-1.957302,,,,,,,,,,0.135358,0.130678,2.227067,,,,,,
354268,,,,,,,,,1.181102,0.652433,,,74.246719,74.979195,0.287165,0.327510,,,,0.127341,0.140694,2.227110,,,,,,
354278,,,,,,,,,1.290972,0.652435,,,74.451126,75.611977,0.284445,0.320250,,,,,,,,,,,,
354281,,,,,,,,,,,,,,,,,,,,0.119193,0.150730,2.223933,,,,,,
354288,,,,,,,,,1.208569,0.000000,,,74.623116,76.144402,0.282014,0.313887,,,,,,,,,,,,
354295,0.118881,0.151367,2.224295,0.104063,0.156062,2.132028,1.094497,0.329917,,,73.859268,69.535164,,,,,0.012736,0.008911,-0.092268,,,,,,,,,
354298,,,,,,,,,1.236036,-0.652434,,,75.312370,76.047836,0.302733,0.299394,,,,,,,,,,,,
354308,,,,,,,,,1.290972,0.652435,,,75.892311,76.511131,0.296527,0.293365,,,,0.095867,0.180054,2.224068,,,,,,
354318,,,,,,,,,1.208569,-1.304866,,,76.380272,76.356407,0.291143,0.293548,,,,0.087820,0.189809,2.224065,,,,,,
354328,,,,,,,,,1.236036,-0.652434,,,76.790840,76.226219,0.286451,0.293512,,,,0.080155,0.199354,2.221038,,,,,,
354338,,,,,,,,,1.153634,0.000000,,,76.591751,75.572136,0.287896,0.298846,,,,,,,,,,,,
354341,,,,,,,,,,,,,,,,,,,,0.072099,0.209055,2.220845,,,,,,
354345,0.073083,0.208058,2.221143,0.076045,0.202484,2.089002,1.090060,-0.465941,,,71.526199,60.039444,,,,,-0.006229,0.001017,-0.132141,,,,,,,,,
354348,,,,,,,,,1.236036,-0.652434,,,76.968781,75.566338,0.259706,0.200841,,,,,,,,,,,,
354351,,,,,,,,,,,,,,,,,,,,0.064530,0.218576,2.217755,,,,,,
354358,,,,,,,,,1.181102,-0.652433,,,76.741470,74.472374,0.260936,0.208894,,,,,,,,,,,,
354361,,,,,,,,,,,,,,,,,,,,0.056566,0.228258,2.208479,,,,,,
354368,,,,,,,,,1.098699,-2.609736,,,76.005669,73.007370,0.267398,0.220950,,,,,,,,,,,,
354376,,,,,,,,,,,,,75.931107,71.774712,0.267263,0.230930,,,,0.048861,0.237947,2.199173,,,,,,
354379,,,,,,,,,1.126167,-1.957302,,,,,,,,,,0.041001,0.248014,2.183393,,,,,,
354388,,,,,,,,,1.071232,-0.652434,,,75.323830,70.737556,0.272576,0.239162,,,,0.033446,0.257799,2.164376,,,,,,
354395,0.034116,0.257250,2.166411,0.051310,0.249887,2.008288,1.077868,-1.248523,,,70.915260,53.282818,,,,,-0.015741,-0.010102,-0.158124,,,,,,,,,
354398,,,,,,,,,1.181102,-3.262171,,,75.901955,69.320351,0.259688,0.182560,,,,0.026108,0.267485,2.141881,,,,,,
354408,,,,,,,,,1.016297,-3.262172,,,75.299301,67.583366,0.264838,0.197070,,,,0.018758,0.277382,2.115730,,,,,,
354418,,,,,,,,,1.016297,-1.957302,,,74.792229,66.121872,0.269133,0.209117,,,,,,,,,,,,
354421,,,,,,,,,,,,,,,,,,,,0.011755,0.287671,2.086176,,,,,,
354428,,,,,,,,,1.071232,-4.567039,,,74.910118,63.803082,0.267155,0.230201,,,,,,,,,,,,
354431,,,,,,,,,,,,,,,,,,,,0.005235,0.298124,2.056630,,,,,,
354438,,,,,,,,,0.988829,-3.914606,,,75.009315,62.396595,0.265345,0.242443,,,,,,,,,,,,
354445,0.005653,0.298326,2.049435,0.031645,0.298659,1.894558,1.061035,-1.964336,,,72.962852,51.511490,,,,,-0.011676,-0.023224,-0.154877,,,,,,,,,
354448,,,,,,,,,1.043764,-2.609737,,,74.548233,61.757721,0.290114,0.229069,,,,,,,,,,,,
354458,,,,,,,,,1.071232,-3.262170,,,74.704826,61.220173,0.288200,0.232503,,,,-0.011037,0.326029,1.955055,,,,,,
354468,,,,,,,,,1.071232,-4.567039,,,75.381126,60.223335,0.280953,0.240729,,,,-0.015444,0.335037,1.918414,,,,,,
354478,,,,,,,,,0.988829,-2.609737,,,74.316536,59.384598,0.291328,0.247542,,,,,,,,,,,,
354481,,,,,,,,,,,,,,,,,,,,-0.019511,0.344158,1.881804,,,,,,
354488,,,,,,,,,1.043764,-3.914604,,,74.509872,58.678883,0.289086,0.253165,,,,,,,,,,,,
354495,-0.019036,0.344374,1.879467,0.018538,0.348764,1.754750,1.043890,-2.561305,,,74.153801,51.250790,,,,,-0.007232,-0.037132,-0.124717,,,,,,,,,
354498,,,,,,,,,1.098699,-3.914604,,,74.672546,58.085094,0.299265,0.255129,,,,,,,,,,,,
354508,,,,,,,,,1.016297,-4.567039,,,74.809418,57.585484,0.297765,0.258859,,,,,,,,,,,,
354512,,,,,,,,,,,,,,,,,,,,-0.029564,0.372017,1.767034,,,,,,
354518,,,,,,,,,1.071232,-1.957303,,,74.924583,57.709652,0.296459,0.256325,,,,-0.032104,0.380939,1.728266,,,,,,
354528,,,,,,,,,1.098699,-5.219474,,,75.566025,57.269585,0.289762,0.259522,,,,-0.034731,0.390315,1.687991,,,,,,
354538,,,,,,,,,1.016297,-4.567039,,,75.561195,56.899311,0.289529,0.262095,,,,-0.036716,0.399266,1.647530,,,,,,
354545,-0.036056,0.398843,1.647853,0.013102,0.399712,1.596878,1.030265,-3.003799,,,73.846771,53.127689,,,,,-0.002918,-0.049079,-0.050974,,,,,,,,,
354548,,,,,,,,,0.933894,-2.609737,,,74.468040,56.043221,0.297266,0.288842,,,,-0.038582,0.410107,1.605257,,,,,,
354558,,,,,,,,,1.016297,-4.567039,,,74.637352,55.322906,0.295415,0.295606,,,,,,,,,,,,
354561,,,,,,,,,,,,,,,,,,,,-0.039903,0.420212,1.567024,,,,,,
354568,,,,,,,,,1.016297,-3.262172,,,74.235268,55.261379,0.299358,0.295795,,,,,,,,,,,,
354571,,,,,,,,,,,,,,,,,,,,-0.040984,0.430386,1.528285,,,,,,
354578,,,,,,,,,1.043764,-3.914604,,,74.441498,55.209610,0.297177,0.295896,,,,,,,,,,,,
354582,,,,,,,,,,,,,,,,,,,,-0.041446,0.440627,1.490342,,,,,,
354588,,,,,,,,,1.071232,-1.957303,,,74.070473,55.710594,0.300842,0.290369,,,,-0.041550,0.450424,1.453119,,,,,,
354597,-0.041183,0.450589,1.461264,0.016029,0.450623,1.428705,1.022383,-3.284959,0.741622,-1.957302,76.245705,55.021164,70.491035,53.953949,0.361777,0.327084,0.006288,-0.056865,-0.032559,,,,,,,,,
354600,,,,,,,,,,,,,,,,,,,,-0.041124,0.460607,1.416395,,,,,,
354608,,,,,,,,,1.126167,-0.652435,,,70.746559,56.287708,0.360321,0.303493,,,,-0.040637,0.470926,1.383833,,,,,,
354618,,,,,,,,,1.098699,-3.914604,,,71.506096,56.617706,0.353674,0.299874,,,,,,,,,,,,
354621,,,,,,,,,,,,,,,,,,,,-0.039619,0.481431,1.348101,,,,,,
354628,,,,,,,,,1.043764,-2.609737,,,72.145172,56.895367,0.348103,0.296722,,,,,,,,,,,,
354631,,,,,,,,,,,,,,,,,,,,-0.038390,0.491522,1.316422,,,,,,
354638,,,,,,,,,1.098699,-5.219474,,,73.227432,56.584446,0.337884,0.299519,,,,,,,,,,,,
354645,-0.037570,0.492575,1.306700,0.027572,0.500393,1.257244,1.020994,-3.418961,,,82.209869,59.068722,,,,,0.024552,-0.060843,-0.049456,,,,,,,,,
354648,,,,,,,,,1.071232,-3.262170,,,74.138046,56.867382,0.390034,0.337605,,,,,,,,,,,,
354658,,,,,,,,,1.043764,-1.304868,,,72.726067,57.105442,0.406051,0.335617,,,,-0.032282,0.523327,1.199851,,,,,,
354668,,,,,,,,,1.181102,-4.567039,,,74.260742,57.850288,0.392294,0.328413,,,,-0.029502,0.533835,1.156641,,,,,,
354678,,,,,,,,,1.126167,-4.567039,,,76.096558,58.477001,0.375158,0.322264,,,,-0.026022,0.544115,1.113983,,,,,,
354688,,,,,,,,,1.153634,-3.914605,,,77.641212,59.004318,0.360626,0.317004,,,,,,,,,,,,
354691,,,,,,,,,,,,,,,,,,,,-0.022470,0.554520,1.068723,,,,,,
354695,-0.022009,0.553844,1.072298,0.047557,0.547895,1.089437,1.026319,-3.416751,,,81.491539,62.549438,,,,,0.028035,-0.063944,0.017138,,,,,,,,,
354698,,,,,,,,,1.126167,-4.567039,,,78.396339,58.903461,0.346510,0.353549,,,,,,,,,,,,
354701,,,,,,,,,,,,,,,,,,,,-0.018048,0.565071,1.014555,,,,,,
354708,,,,,,,,,1.208569,-3.914605,,,79.031708,59.907684,0.340648,0.344035,,,,,,,,,,,,
354716,,,,,,,,,,,,,78.477219,60.208096,0.346796,0.341499,,,,-0.013367,0.575502,0.970498,,,,,,
354719,,,,,,,,,1.126167,-1.957302,,,,,,,,,,-0.008192,0.585784,0.923801,,,,,,
354728,,,,,,,,,1.153634,-3.914605,,,79.644302,61.005405,0.335495,0.333835,,,,-0.002518,0.595994,0.877696,,,,,,
354738,,,,,,,,,1.181102,-3.262171,,,80.081741,61.676262,0.331402,0.327301,,,,,,,,,,,,
354741,,,,,,,,,,,,,,,,,,,,0.003284,0.605726,0.835371,,,,,,
354745,0.003900,0.605503,0.841595,0.075404,0.592203,0.933000,1.038650,-3.269751,,,81.884117,68.624695,,,,,0.037724,-0.062183,0.091404,,,,,,,,,
354748,,,,,,,,,1.153634,-3.914605,,,80.449806,61.696175,0.331934,0.389240,,,,,,,,,,,,
354751,,,,,,,,,,,,,,,,,,,,0.009562,0.615175,0.796184,,,,,,
354758,,,,,,,,,1.153634,-1.304868,,,79.670403,62.802017,0.340171,0.379346,,,,,,,,,,,,
354761,,,,,,,,,,,,,,,,,,,,0.016578,0.624562,0.751109,,,,,,
354768,,,,,,,,,1.208569,-2.609737,,,80.103706,63.732471,0.336194,0.371020,,,,,,,,,,,,
354772,,,,,,,,,,,,,,,,,,,,0.023981,0.633581,0.721590,,,,,,
354778,,,,,,,,,1.263504,-2.609736,,,80.468285,64.515358,0.332832,0.364013,,,,0.031691,0.642319,0.683323,,,,,,
354788,,,,,,,,,1.126167,-1.957302,,,80.230499,65.174080,0.335540,0.358116,,,,0.039807,0.650608,0.650961,,,,,,
354795,0.040134,0.650165,0.658770,0.110172,0.632784,0.796304,1.057813,-2.959354,,,82.225952,73.919762,,,,,0.044743,-0.056617,0.137534,,,,,,,,,
354798,,,,,,,,,1.263504,-2.609736,,,80.574966,66.272873,0.335844,0.401608,,,,0.048475,0.658915,0.621838,,,,,,
354808,,,,,,,,,1.208569,-1.304866,,,80.864799,67.197395,0.333218,0.393707,,,,,,,,,,,,
354811,,,,,,,,,,,,,,,,,,,,0.057461,0.667000,0.595804,,,,,,
354818,,,,,,,,,1.181102,-0.652433,,,79.475037,67.975288,0.347666,0.387117,,,,,,,,,,,,
354821,,,,,,,,,,,,,,,,,,,,0.066557,0.674846,0.572471,,,,,,
354828,,,,,,,,,1.236036,-0.652434,,,79.939323,69.174347,0.343480,0.376076,,,,,,,,,,,,
354832,,,,,,,,,,,,,,,,,,,,0.076280,0.682510,0.552202,,,,,,
354838,,,,,,,,,1.290972,-1.957303,,,80.329971,70.183235,0.339953,0.366734,,,,,,,,,,,,
354845,0.077688,0.682896,0.552956,0.150598,0.669620,0.687223,1.081893,-2.481776,,,85.303017,79.694405,,,,,0.055072,-0.049590,0.134267,,,,,,,,,
354849,,,,,,,,,1.181102,-0.652433,,,80.114120,70.487572,0.373920,0.423278,,,,,,,,,,,,
354858,,,,,,,,,1.373374,-1.304869,,,81.021591,71.832726,0.365701,0.411399,,,,0.106460,0.703524,0.497815,,,,,,
354868,,,,,,,,,1.236037,-1.957302,,,81.240593,72.419998,0.364324,0.406981,,,,,,,,,,,,
354875,,,,,,,,,,,,,,,,,,,,0.117062,0.709950,0.480758,,,,,,
354878,,,,,,,,,1.126167,0.652435,,,79.791229,71.825043,0.379920,0.414505,,,,,,,,,,,,
354881,,,,,,,,,,,,,,,,,,,,0.127616,0.716359,0.469594,,,,,,
354888,,,,,,,,,1.290972,-0.652435,,,80.205368,73.502617,0.376798,0.398967,,,,,,,,,,,,
354895,0.128092,0.716303,0.473867,0.195155,0.703245,0.611967,1.106498,-1.860729,,,84.429039,82.780998,,,,,0.053715,-0.042222,0.138100,,,,,,,,,
354898,,,,,,,,,1.373374,-1.304869,,,81.098366,74.369583,0.359794,0.422846,,,,,,,,,,,,
354908,,,,,,,,,1.345907,-0.652434,,,81.849731,75.643593,0.352797,0.411533,,,,,,,,,,,,
354912,,,,,,,,,,,,,,,,,,,,0.162054,0.735144,0.435243,,,,,,
354918,,,,,,,,,1.345907,-0.652434,,,82.481934,77.260086,0.346864,0.396473,,,,,,,,,,,,
354922,,,,,,,,,,,,,,,,,,,,0.173453,0.741211,0.426746,,,,,,
354928,,,,,,,,,1.373374,0.000000,,,83.013870,78.075661,0.341828,0.389258,,,,0.185646,0.747204,0.421085,,,,,,
354938,,,,,,,,,1.071232,-0.652434,,,81.283264,76.583717,0.359763,0.405417,,,,,,,,,,,,
354945,0.184852,0.746590,0.422785,0.242105,0.734684,0.574851,1.125396,-1.135408,,,81.051338,84.621223,,,,,0.047327,-0.034349,0.152066,,,,,,,,,
354948,,,,,,,,,1.345907,0.652434,,,81.460762,78.051109,0.324129,0.410459,,,,,,,,,,,,
354958,,,,,,,,,1.373374,0.000000,,,82.154655,79.285774,0.316969,0.399180,,,,,,,,,,,,
354962,,,,,,,,,,,,,,,,,,,,0.222314,0.764875,0.406948,,,,,,
354968,,,,,,,,,1.400841,0.652435,,,82.738495,80.869164,0.310794,0.384096,,,,,,,,,,,,
354972,,,,,,,,,,,,,,,,,,,,0.234539,0.770555,0.406847,,,,,,
354978,,,,,,,,,1.373374,0.000000,,,82.685196,81.656883,0.311000,0.376812,,,,,,,,,,,,
354982,,,,,,,,,,,,,,,,,,,,0.247222,0.776354,0.406853,,,,,,
354988,,,,,,,,,1.428309,1.304868,,,83.184891,82.864212,0.305576,0.365090,,,,0.259105,0.782123,0.412780,,,,,,
354997,0.258271,0.781746,0.419093,0.289553,0.765321,0.578889,1.132471,-0.339417,0.906427,-0.652435,71.733765,80.335251,79.248993,78.979172,0.250256,0.361352,0.021891,-0.027733,0.159796,,,,,,,,,
355000,,,,,,,,,,,,,,,,,,,,0.271474,0.787807,0.421378,,,,,,
355008,,,,,,,,,1.263504,1.304869,,,79.204582,79.522102,0.249206,0.356085,,,,,,,,,,,,
355011,,,,,,,,,,,,,,,,,,,,0.284210,0.793703,0.426799,,,,,,
355018,,,,,,,,,1.290972,3.262171,,,78.078133,80.523468,0.259202,0.346034,,,,,,,,,,,,
355021,,,,,,,,,,,,,,,,,,,,0.297022,0.799488,0.438077,,,,,,
355028,,,,,,,,,1.318439,1.304869,,,78.219421,81.910561,0.256492,0.331848,,,,,,,,,,,,
355032,,,,,,,,,,,,,,,,,,,,0.309630,0.805517,0.446440,,,,,,
355038,,,,,,,,,1.290972,1.957303,,,77.793762,81.988571,0.259536,0.330737,,,,,,,,,,,,
355045,0.310167,0.805939,0.452351,0.335534,0.796701,0.626396,1.124039,0.508726,,,67.331894,81.612610,,,,,0.018777,-0.019396,0.174045,,,,,,,,,
355048,,,,,,,,,1.263504,1.304869,,,77.435608,82.598755,0.217078,0.337211,,,,,,,,,,,,
355058,,,,,,,,,1.236036,0.652434,,,76.589722,80.933990,0.223686,0.353995,,,,0.346473,0.824460,0.503155,,,,,,
355068,,,,,,,,,1.153634,2.609736,,,75.333443,81.711426,0.234648,0.346201,,,,0.358324,0.831259,0.531602,,,,,,
355078,,,,,,,,,1.290972,3.262171,,,74.820953,82.910110,0.238275,0.333954,,,,,,,,,,,,
355081,,,,,,,,,,,,,,,,,,,,0.369883,0.837611,0.557399,,,,,,
355088,,,,,,,,,1.263504,3.914606,,,73.845207,83.374138,0.246730,0.328962,,,,,,,,,,,,
355095,0.369411,0.837693,0.564994,0.378083,0.830313,0.718702,1.100715,1.396587,,,60.125416,77.739227,,,,,0.003373,-0.010876,0.153708,,,,,,,,,
355098,,,,,,,,,1.208569,3.914605,,,72.479668,83.764572,0.185850,0.285119,,,,,,,,,,,,
355108,,,,,,,,,1.181102,1.957302,,,71.330704,83.548538,0.195099,0.286117,,,,,,,,,,,,
355116,,,,,,,,,,,,,69.819420,81.733139,0.208273,0.303472,,,,0.404087,0.859198,0.658747,,,,,,
355119,,,,,,,,,1.071232,1.957303,,,,,,,,,,0.414767,0.867005,0.694054,,,,,,
355128,,,,,,,,,1.153634,3.914605,,,68.547829,81.294746,0.219304,0.307145,,,,0.424959,0.875320,0.726470,,,,,,
355138,,,,,,,,,1.071232,4.567039,,,66.933372,80.925880,0.234087,0.310196,,,,0.434306,0.883846,0.764786,,,,,,
355145,0.432364,0.882788,0.767167,0.415338,0.867372,0.854347,1.068188,2.291904,,,51.072208,69.031044,,,,,-0.022957,0.000720,0.087180,,,,,,,,,
355148,,,,,,,,,1.153634,3.914605,,,66.119507,81.160065,0.148684,0.218347,,,,,,,,,,,,
355151,,,,,,,,,,,,,,,,,,,,0.443140,0.891477,0.804318,,,,,,
355158,,,,,,,,,1.043764,1.304868,,,65.434723,79.723473,0.152659,0.230574,,,,,,,,,,,,
355161,,,,,,,,,,,,,,,,,,,,0.451330,0.898849,0.843750,,,,,,
355168,,,,,,,,,1.043764,3.914604,,,63.769459,79.059273,0.166773,0.235211,,,,,,,,,,,,
355172,,,,,,,,,,,,,,,,,,,,0.459070,0.906583,0.883058,,,,,,
355178,,,,,,,,,1.016297,3.262172,,,61.823761,77.955872,0.184079,0.244460,,,,,,,,,,,,
355182,,,,,,,,,,,,,,,,,,,,0.466564,0.914759,0.923228,,,,,,
355188,,,,,,,,,0.961362,4.567040,,,60.186653,77.027466,0.198628,0.252145,,,,,,,,,,,,
355195,0.466278,0.915174,0.929277,0.445633,0.908631,1.026142,1.036390,3.110491,,,47.965923,71.077744,,,,,-0.017596,0.012625,0.096865,,,,,,,,,
355198,,,,,,,,,1.016297,3.262172,,,59.353733,75.701767,0.173616,0.284944,,,,0.480361,0.932023,0.995287,,,,,,
355208,,,,,,,,,0.933894,2.609737,,,58.108372,74.586319,0.184041,0.295397,,,,,,,,,,,,
355211,,,,,,,,,,,,,,,,,,,,0.486306,0.940669,1.030195,,,,,,
355227,,,,,,,,,0.439480,-3.914605,,,48.183449,62.399055,0.281646,0.419035,,,,0.491683,0.949219,1.062118,,,,,,
355232,,,,,,,,,,,,,,,,,,,,0.496809,0.957800,1.097742,,,,,,
355238,,,,,,,,,1.016297,4.567039,,,48.709694,64.482506,0.276235,0.399520,,,,,,,,,,,,
355245,0.496410,0.957897,1.102753,0.467611,0.954262,1.219969,1.016505,3.713054,,,44.619274,72.438705,,,,,-0.016237,0.024062,0.117217,,,,,,,,,
355249,,,,,,,,,1.126167,4.567039,,,50.241566,67.324608,0.226325,0.385731,,,,,,,,,,,,
355258,,,,,,,,,1.043764,3.914604,,,50.985939,68.626869,0.217608,0.373471,,,,0.509402,0.982847,1.223414,,,,,,
355268,,,,,,,,,1.071232,4.567039,,,51.067711,70.267128,0.215501,0.357503,,,,0.512839,0.991025,1.267538,,,,,,
355278,,,,,,,,,0.961362,3.262171,,,51.681057,70.013618,0.207955,0.360523,,,,,,,,,,,,
355281,,,,,,,,,,,,,,,,,,,,0.515805,0.999174,1.316134,,,,,,
355288,,,,,,,,,1.071232,5.871908,,,51.108040,71.433945,0.212387,0.346521,,,,,,,,,,,,
355295,0.515624,0.999966,1.322848,0.480304,1.003773,1.418569,1.016037,3.979581,,,47.710133,75.913422,,,,,-0.004977,0.035174,0.095720,,,,,,,,,
355298,,,,,,,,,0.988829,5.219473,,,50.625904,72.629005,0.247534,0.369974,,,,,,,,,,,,
355308,,,,,,,,,0.988829,5.219473,,,50.764778,73.089989,0.245534,0.365929,,,,,,,,,,,,
355312,,,,,,,,,,,,,,,,,,,,0.523206,1.027329,1.475329,,,,,,
355318,,,,,,,,,1.016297,5.871907,,,50.337082,74.022400,0.249286,0.356983,,,,0.525320,1.037104,1.532275,,,,,,
355328,,,,,,,,,1.043764,5.219473,,,49.977219,74.806931,0.252431,0.349359,,,,0.526621,1.047401,1.585746,,,,,,
355338,,,,,,,,,0.961362,3.262171,,,50.218971,73.288864,0.249512,0.365065,,,,0.527380,1.057184,1.647235,,,,,,
355345,0.527012,1.056369,1.633692,0.483215,1.056032,1.608828,1.034469,3.919244,,,55.099373,75.528687,,,,,0.002417,0.043731,-0.024864,,,,,,,,,
355348,,,,,,,,,1.016297,5.871907,,,50.422382,74.189735,0.322306,0.352476,,,,,,,,,,,,
355351,,,,,,,,,,,,,,,,,,,,0.527677,1.067441,1.703020,,,,,,
355358,,,,,,,,,1.016297,4.567039,,,50.593533,74.947723,0.321495,0.345013,,,,,,,,,,,,
355362,,,,,,,,,,,,,,,,,,,,0.527553,1.077839,1.757545,,,,,,
355368,,,,,,,,,1.071232,3.262170,,,51.826626,75.040955,0.309819,0.344178,,,,,,,,,,,,
355372,,,,,,,,,,,,,,,,,,,,0.526729,1.088349,1.810706,,,,,,
355378,,,,,,,,,1.098699,5.219474,,,52.319607,75.663940,0.305445,0.337921,,,,0.525233,1.098355,1.862827,,,,,,
355388,,,,,,,,,1.098699,1.304869,,,53.823486,75.643578,0.290661,0.338102,,,,0.523403,1.108509,1.910946,,,,,,
355397,0.523192,1.108716,1.893146,0.476353,1.109339,1.785972,1.062898,3.675608,0.824024,1.304869,63.565914,77.213203,52.910679,71.814644,0.386586,0.394316,0.015430,0.044229,-0.107174,,,,,,,,,
355408,,,,,,,,,1.043764,2.609737,,,54.320816,72.404785,0.374334,0.389376,,,,,,,,,,,,
355411,,,,,,,,,,,,,,,,,,,,0.518027,1.128969,1.997484,,,,,,
355418,,,,,,,,,1.181102,1.957302,,,56.051849,73.445869,0.358526,0.379719,,,,,,,,,,,,
355421,,,,,,,,,,,,,,,,,,,,0.514638,1.139045,2.036731,,,,,,
355428,,,,,,,,,1.153634,3.914605,,,57.508339,74.321838,0.345173,0.371537,,,,,,,,,,,,
355431,,,,,,,,,,,,,,,,,,,,0.510670,1.148745,2.072530,,,,,,
355438,,,,,,,,,1.181102,1.957302,,,59.278374,75.058876,0.328330,0.364598,,,,,,,,,,,,
355445,0.509895,1.149993,2.065677,0.460243,1.161556,1.952652,1.087970,3.419933,,,71.277817,82.838715,,,,,0.033756,0.038203,-0.113025,,,,,,,,,
355448,,,,,,,,,1.181102,1.957302,,,60.767681,75.679024,0.392658,0.416083,,,,,,,,,,,,
355458,,,,,,,,,1.098699,-1.304869,,,62.020782,74.022644,0.381978,0.434410,,,,0.496220,1.178106,2.158556,,,,,,
355468,,,,,,,,,1.236037,1.957302,,,63.619686,75.351677,0.367521,0.422617,,,,0.490436,1.187784,2.183641,,,,,,
355478,,,,,,,,,1.181102,1.957302,,,64.965004,76.469925,0.355330,0.412709,,,,0.484325,1.197260,2.205563,,,,,,
355488,,,,,,,,,1.318439,1.304869,,,67.186035,77.955368,0.333938,0.398831,,,,,,,,,,,,
355491,,,,,,,,,,,,,,,,,,,,0.477885,1.207094,2.227233,,,,,,
355498,0.477751,1.207062,2.219144,0.435880,1.210326,2.116126,1.096998,3.272406,1.071232,0.652434,70.449509,81.634300,66.332100,75.937958,0.335018,0.408100,0.027886,0.031403,-0.103018,,,,,,,,,
355501,,,,,,,,,,,,,,,,,,,,0.470719,1.216800,2.254771,,,,,,
355508,,,,,,,,,1.043764,2.609737,,,65.613602,75.329597,0.343170,0.415445,,,,,,,,,,,,
355512,,,,,,,,,,,,,,,,,,,,0.463384,1.226959,2.276052,,,,,,
355518,,,,,,,,,1.263504,2.609736,,,66.642685,76.995895,0.333641,0.399709,,,,,,,,,,,,
355522,,,,,,,,,,,,,,,,,,,,0.455703,1.236720,2.300376,,,,,,
355528,,,,,,,,,1.263504,1.304869,,,68.053093,78.397919,0.320016,0.386337,,,,,,,,,,,,
355533,,,,,,,,,,,,,,,,,,,,0.447746,1.246117,2.321547,,,,,,
355538,,,,,,,,,1.290972,3.262171,,,68.695274,79.577576,0.313945,0.374951,,,,0.439375,1.255152,2.345720,,,,,,
355545,0.438995,1.255164,2.348772,0.404650,1.253267,2.286158,1.081742,3.299626,,,66.890411,80.861275,,,,,0.022754,0.025797,-0.062614,,,,,,,,,
355548,,,,,,,,,1.263504,2.609736,,,69.235603,80.570145,0.272482,0.357354,,,,,,,,,,,,
355556,,,,,,,,,,,,,67.512062,78.682571,0.289593,0.376665,,,,0.430915,1.264086,2.369724,,,,,,
355559,,,,,,,,,0.988829,1.304868,,,,,,,,,,,,,,,,,,
355563,,,,,,,,,,,,,,,,,,,,0.421908,1.273203,2.390488,,,,,,
355568,,,,,,,,,1.263504,2.609736,,,68.240051,79.817085,0.282043,0.365529,,,,0.412772,1.282237,2.417196,,,,,,
355578,,,,,,,,,1.263504,2.609736,,,68.852577,80.771667,0.275525,0.356001,,,,,,,,,,,,
355581,,,,,,,,,,,,,,,,,,,,0.403410,1.290942,2.440866,,,,,,
355588,,,,,,,,,1.290972,3.262171,,,69.367958,82.119392,0.269876,0.342272,,,,,,,,,,,,
355595,0.402313,1.291499,2.446810,0.368229,1.288198,2.473748,1.040438,3.538587,,,61.177555,82.369194,,,,,0.024070,0.024356,0.026937,,,,,,,,,
355598,,,,,,,,,1.208569,2.609737,,,69.257057,82.164284,0.212240,0.356943,,,,,,,,,,,,
355608,,,,,,,,,1.263504,2.609736,,,69.163742,82.746597,0.211576,0.351045,,,,,,,,,,,,
355616,,,,,,,,,,,,,67.996140,81.058388,0.221889,0.368189,,,,0.374374,1.314987,2.525719,,,,,,
355619,,,,,,,,,1.043764,2.609737,,,,,,,,,,0.364433,1.322440,2.554732,,,,,,
355628,,,,,,,,,1.263504,5.219473,,,67.558266,81.816093,0.224991,0.360722,,,,0.354123,1.329680,2.586456,,,,,,
355638,,,,,,,,,1.208569,3.914605,,,67.189835,82.998177,0.227473,0.348776,,,,0.343548,1.336695,2.623675,,,,,,
355645,0.344290,1.335760,2.625242,0.328428,1.313378,2.689281,0.978627,4.001602,,,48.882072,74.738861,,,,,0.002744,0.027295,0.064039,,,,,,,,,
355648,,,,,,,,,1.153634,3.914605,,,66.335297,83.448235,0.109573,0.266230,,,,0.332807,1.343325,2.666382,,,,,,
355658,,,,,,,,,1.016297,3.262172,,,64.527199,81.648743,0.124525,0.282843,,,,,,,,,,,,
355661,,,,,,,,,,,,,,,,,,,,0.322093,1.349495,2.711798,,,,,,
355668,,,,,,,,,1.098699,6.524342,,,62.461323,81.768280,0.142468,0.280242,,,,,,,,,,,,
355671,,,,,,,,,,,,,,,,,,,,0.311162,1.355270,2.762640,,,,,,
355678,,,,,,,,,1.016297,4.567039,,,60.178555,81.324310,0.163036,0.283364,,,,,,,,,,,,
355681,,,,,,,,,,,,,,,,,,,,0.299954,1.360353,2.815734,,,,,,
355688,,,,,,,,,1.016297,7.176775,,,58.257832,80.950760,0.180368,0.285857,,,,,,,,,,,,
355695,0.299669,1.359753,2.829835,0.287075,1.327651,2.937177,0.908898,4.637468,,,41.310371,72.852028,,,,,0.002141,0.034417,0.107342,,,,,,,,,
355698,,,,,,,,,0.961362,4.567040,,,56.641735,80.091911,0.117746,0.274130,,,,,,,,,,,,
355708,,,,,,,,,1.016297,7.176775,,,54.192867,79.913818,0.139658,0.274498,,,,0.265412,1.372626,2.984463,,,,,,
355718,,,,,,,,,0.878959,6.524343,,,52.132389,79.219429,0.158099,0.280169,,,,0.254784,1.375255,3.039960,,,,,,
355728,,,,,,,,,0.933894,6.524341,,,50.398705,78.090622,0.173618,0.290409,,,,,,,,,,,,
355731,,,,,,,,,,,,,,,,,,,,0.245174,1.377452,3.100976,,,,,,
355738,,,,,,,,,0.961362,5.871906,,,48.939983,77.685387,0.186679,0.293495,,,,,,,,,,,,
355745,0.245769,1.376637,3.102834,0.245865,1.330585,-3.075433,0.848667,5.248053,,,34.989422,69.452934,,,,,-0.001880,0.046014,0.104918,,,,,,,,,
355748,,,,,,,,,0.906427,5.871908,,,48.257156,77.344421,0.127644,0.261335,,,,,,,,,,,,
355758,,,,,,,,,0.933894,6.524341,,,47.138084,76.512993,0.136405,0.268237,,,,0.226502,1.380629,-3.065112,,,,,,
355763,,,,,,,,,,,,,,,,,,,,0.216864,1.380979,-3.009823,,,,,,
355768,,,,,,,,,0.824024,5.219474,,,45.107410,75.268883,0.154688,0.279515,,,,,,,,,,,,
355771,,,,,,,,,,,,,,,,,,,,0.207840,1.381070,-2.948576,,,,,,
355778,,,,,,,,,0.878959,6.524343,,,43.943344,74.766640,0.164538,0.283475,,,,,,,,,,,,
355782,,,,,,,,,,,,,,,,,,,,0.198563,1.380676,-2.887125,,,,,,
355788,,,,,,,,,0.878959,6.524343,,,42.963898,73.799507,0.172738,0.292277,,,,0.189797,1.379282,-2.822852,,,,,,
355795,0.190836,1.378595,-2.825505,0.206260,1.322501,-2.808030,0.814331,5.483375,,,36.044403,67.293404,,,,,0.002777,0.058110,0.017475,,,,,,,,,
355798,,,,,,,,,0.824024,5.219474,,,42.139793,72.985756,0.190310,0.277681,,,,0.181308,1.377700,-2.760745,,,,,,
355808,,,,,,,,,0.851492,5.871908,,,41.446392,72.301071,0.196163,0.283526,,,,,,,,,,,,
355811,,,,,,,,,,,,,,,,,,,,0.173049,1.375405,-2.698464,,,,,,
355818,,,,,,,,,0.851492,5.871908,,,40.862965,71.724976,0.201034,0.288401,,,,,,,,,,,,
355821,,,,,,,,,,,,,,,,,,,,0.165163,1.372746,-2.635882,,,,,,
355828,,,,,,,,,0.851492,5.871908,,,40.916611,71.240250,0.199523,0.292459,,,,,,,,,,,,
355836,,,,,,,,,,,,,40.417206,69.743317,0.203642,0.306938,,,,0.157488,1.369491,-2.575296,,,,,,
355839,,,,,,,,,0.796557,4.567040,,,,,,,,,,0.150552,1.366041,-2.517529,,,,,,
355845,0.150903,1.365682,-2.524225,0.169422,1.304445,-2.571661,0.812444,5.112545,,,43.429810,69.457710,,,,,0.020349,0.060654,-0.047436,,,,,,,,,
355848,,,,,,,,,0.933894,6.524341,,,39.997005,70.117424,0.282385,0.324708,,,,0.143783,1.361803,-2.459051,,,,,,
355858,,,,,,,,,0.851492,5.871908,,,40.187992,69.887657,0.281123,0.326920,,,,0.137725,1.357694,-2.399848,,,,,,
355868,,,,,,,,,0.933894,3.914605,,,40.893234,70.238876,0.274578,0.323251,,,,0.131676,1.353267,-2.348952,,,,,,
355878,,,,,,,,,0.906427,4.567039,,,42.031166,69.989845,0.263479,0.325635,,,,,,,,,,,,
355881,,,,,,,,,,,,,,,,,,,,0.126260,1.348801,-2.297302,,,,,,
355888,,,,,,,,,0.933894,3.914605,,,42.988621,69.780312,0.253992,0.327666,,,,,,,,,,,,
355895,0.125375,1.347641,-2.299931,0.136178,1.278098,-2.379966,0.834896,4.296208,,,54.662338,74.489639,,,,,0.044665,0.054387,-0.080035,,,,,,,,,
355898,,,,,,,,,0.906427,3.262171,,,43.794224,69.059464,0.360435,0.386280,,,,,,,,,,,,
355908,,,,,,,,,0.906427,3.262171,,,44.472057,68.452942,0.355695,0.393552,,,,0.107901,1.330498,-2.158715,,,,,,
355918,,,,,,,,,1.016297,3.262172,,,46.131474,69.031708,0.340807,0.388856,,,,0.102245,1.323081,-2.117732,,,,,,
355928,,,,,,,,,1.016297,1.957302,,,48.072250,68.974136,0.322717,0.390535,,,,0.097035,1.315950,-2.076130,,,,,,
355938,,,,,,,,,1.016297,3.262172,,,49.160675,69.470238,0.312933,0.386578,,,,,,,,,,,,
355941,,,,,,,,,,,,,,,,,,,,0.092241,1.308191,-2.040601,,,,,,
355945,0.092474,1.308081,-2.048686,0.106997,1.245586,-2.231755,0.864024,3.379017,,,62.335732,71.320610,,,,,0.048814,0.041638,-0.183070,,,,,,,,,
355948,,,,,,,,,1.043764,2.609737,,,50.621021,69.887657,0.377407,0.351000,,,,,,,,,,,,
355956,,,,,,,,,,,,,52.394299,68.060699,0.361662,0.369922,,,,0.087317,1.300187,-2.004685,,,,,,
355959,,,,,,,,,0.961362,-0.652434,,,,,,,,,,,,,,,,,,
355962,,,,,,,,,,,,,,,,,,,,0.082724,1.291652,-1.968306,,,,,,
355968,,,,,,,,,1.071232,1.957303,,,53.886333,68.701675,0.348432,0.364036,,,,0.078161,1.282628,-1.934968,,,,,,
355978,,,,,,,,,1.126167,1.957302,,,55.141731,69.240990,0.337317,0.359058,,,,0.073829,1.273292,-1.907956,,,,,,
355988,,,,,,,,,1.071232,1.957303,,,56.198025,69.694771,0.327981,0.354846,,,,0.069872,1.263640,-1.884141,,,,,,
355997,0.069920,1.263272,-1.889745,0.082056,1.209304,-2.119454,0.881852,2.576480,0.302142,0.652434,66.175262,67.846039,50.552269,62.452972,0.425959,0.393597,0.047441,0.028447,-0.229709,,,,,,,,,
356001,,,,,,,,,,,,,,,,,,,,0.066439,1.253968,-1.866908,,,,,,
356008,,,,,,,,,1.538179,0.000000,,,57.237339,67.795135,0.360896,0.340185,,,,,,,,,,,,
356011,,,,,,,,,,,,,,,,,,,,0.063130,1.244012,-1.846204,,,,,,
356018,,,,,,,,,1.153634,1.304868,,,59.050354,68.478226,0.344190,0.333228,,,,,,,,,,,,
356021,,,,,,,,,,,,,,,,,,,,0.060084,1.233867,-1.832251,,,,,,
356028,,,,,,,,,1.098699,0.000000,,,60.575825,69.052979,0.330056,0.327239,,,,,,,,,,,,
356032,,,,,,,,,,,,,,,,,,,,0.057067,1.222877,-1.818217,,,,,,
356038,,,,,,,,,1.126167,0.652435,,,62.403900,69.536575,0.312529,0.322065,,,,,,,,,,,,
356045,0.056750,1.221752,-1.821484,0.061268,1.171667,-2.034837,0.875652,1.943975,,,67.325226,66.311333,,,,,0.047399,0.016801,-0.213353,,,,,,,,,
356048,,,,,,,,,1.153634,0.000000,,,63.942043,69.943474,0.309324,0.301922,,,,0.051746,1.201163,-1.804150,,,,,,
356058,,,,,,,,,1.153634,1.304868,,,64.691689,70.285835,0.302354,0.297704,,,,,,,,,,,,
356061,,,,,,,,,,,,,,,,,,,,0.049535,1.189875,-1.800617,,,,,,
356068,,,,,,,,,1.098699,-1.304869,,,65.866989,70.029358,0.290893,0.299525,,,,,,,,,,,,
356071,,,,,,,,,,,,,,,,,,,,0.047059,1.178692,-1.797194,,,,,,
356078,,,,,,,,,1.153634,1.304868,,,66.311340,70.358101,0.286652,0.295428,,,,0.044651,1.166872,-1.797246,,,,,,
356088,,,,,,,,,1.126167,-1.957302,,,67.229759,70.090164,0.277487,0.297352,,,,0.042260,1.155837,-1.797245,,,,,,
356095,0.042125,1.156841,-1.807474,0.044375,1.134946,-1.971238,0.839396,1.462731,,,57.973289,57.222927,,,,,0.020757,0.007321,-0.163764,,,,,,,,,
356098,,,,,,,,,1.126167,0.652435,,,68.002518,70.409264,0.174234,0.200640,,,,0.039863,1.144508,-1.800786,,,,,,
356108,,,,,,,,,1.043764,0.000000,,,67.563629,69.588669,0.176705,0.206372,,,,,,,,,,,,
356115,,,,,,,,,,,,,,,,,,,,0.037571,1.133158,-1.804266,,,,,,
356118,,,,,,,,,1.016297,0.652434,,,66.649803,68.353676,0.184108,0.216496,,,,,,,,,,,,
356121,,,,,,,,,,,,,,,,,,,,0.035310,1.122247,-1.807811,,,,,,
356128,,,,,,,,,1.016297,-0.652434,,,66.425453,67.314552,0.184661,0.224869,,,,,,,,,,,,
356132,,,,,,,,,,,,,,,,,,,,0.032987,1.110977,-1.807816,,,,,,
356138,,,,,,,,,0.988829,0.000000,,,65.147606,66.440231,0.196005,0.231769,,,,,,,,,,,,
356145,0.032781,1.110793,-1.807782,0.031000,1.101064,-1.923650,0.772950,1.097803,,,50.688969,50.836540,,,,,0.009875,0.000553,-0.115869,,,,,,,,,
356148,,,,,,,,,0.878959,0.000000,,,64.072418,65.160034,0.131237,0.177842,,,,,,,,,,,,
356158,,,,,,,,,0.988829,0.000000,,,63.167759,64.627419,0.137787,0.180410,,,,0.025722,1.077086,-1.807380,,,,,,
356168,,,,,,,,,0.824024,1.304869,,,61.317490,63.090191,0.154164,0.193332,,,,,,,,,,,,
356171,,,,,,,,,,,,,,,,,,,,0.023291,1.065697,-1.799637,,,,,,
356178,,,,,,,,,0.824024,0.000000,,,59.760674,61.252228,0.167918,0.209628,,,,,,,,,,,,
356181,,,,,,,,,,,,,,,,,,,,0.021215,1.054860,-1.802131,,,,,,
356188,,,,,,,,,0.796557,0.652434,,,57.906227,59.705765,0.185019,0.223319,,,,,,,,,,,,
356195,0.021447,1.056294,-1.799865,0.020702,1.071468,-1.888400,0.680839,0.818213,,,38.069927,38.484501,,,,,-0.014608,-0.004171,-0.088535,,,,,,,,,
356198,,,,,,,,,0.906427,1.957303,,,56.890438,59.493656,0.065223,0.097718,,,,,,,,,,,,
356208,,,,,,,,,0.824024,0.000000,,,55.491211,58.226101,0.075731,0.106445,,,,,,,,,,,,
356217,,,,,,,,,0.686687,0.652435,,,53.769360,56.070496,0.089809,0.124484,,,,0.016020,1.029521,-1.782443,,,,,,
356220,,,,,,,,,,,,,,,,,,,,0.014474,1.021039,-1.775400,,,,,,
356228,,,,,,,,,0.686687,0.652435,,,51.776051,54.801311,0.107001,0.133912,,,,0.012950,1.012488,-1.771342,,,,,,
356238,,,,,,,,,0.631752,0.652435,,,49.554337,52.644333,0.126921,0.152650,,,,,,,,,,,,
356241,,,,,,,,,,,,,,,,,,,,0.011432,1.004668,-1.764040,,,,,,
356245,0.011713,1.006409,-1.764307,0.013037,1.047088,-1.862813,0.570633,0.600874,,,24.442301,23.942869,,,,,-0.040175,-0.006524,-0.098506,,,,,,,,,
356248,,,,,,,,,0.631752,0.652435,,,47.684986,50.829453,0.004690,0.020005,,,,,,,,,,,,
356251,,,,,,,,,,,,,,,,,,,,0.010099,0.997784,-1.756891,,,,,,
356258,,,,,,,,,0.576817,0.652434,,,45.567574,48.757870,0.021639,0.035758,,,,,,,,,,,,
356262,,,,,,,,,,,,,,,,,,,,0.008771,0.991094,-1.749761,,,,,,
356268,,,,,,,,,0.466947,0.652434,,,42.696896,45.925755,0.046695,0.059683,,,,,,,,,,,,
356276,,,,,,,,,,,,,39.736965,42.998268,0.073235,0.085147,,,,0.007564,0.984650,-1.742503,,,,,,
356279,,,,,,,,,0.412012,0.652434,,,,,,,,,,0.006507,0.978359,-1.738351,,,,,,
356288,,,,,,,,,0.439480,0.000000,,,37.791023,40.535084,0.090025,0.106460,,,,0.005667,0.972973,-1.731014,,,,,,
356295,0.005825,0.973969,-1.733808,0.007558,1.028240,-1.844800,0.451439,0.429813,,,13.399209,12.402211,,,,,-0.053833,-0.007097,-0.110992,,,,,,,,,
356298,,,,,,,,,0.466947,0.652434,,,36.153709,39.007103,-0.008584,0.001012,,,,0.004918,0.968625,-1.724375,,,,,,
356308,,,,,,,,,0.357077,0.652434,,,33.686985,36.632374,0.012026,0.019913,,,,,,,,,,,,
356311,,,,,,,,,,,,,,,,,,,,0.004227,0.964200,-1.724233,,,,,,
356318,,,,,,,,,0.329610,0.000000,,,31.611485,34.089733,0.029139,0.041002,,,,,,,,,,,,
356321,,,,,,,,,,,,,,,,,,,,0.003693,0.960208,-1.717124,,,,,,
356328,,,,,,,,,0.247207,0.652434,,,28.776072,31.405813,0.054417,0.064041,,,,,,,,,,,,
356336,,,,,,,,,,,,,26.934898,29.147564,0.070122,0.083274,,,,0.003182,0.955888,-1.716378,,,,,,
356339,,,,,,,,,0.274675,0.000000,,,,,,,,,,0.002809,0.953037,-1.709594,,,,,,
356345,0.002877,0.953656,-1.711625,0.003901,1.014922,-1.832883,0.332751,0.294373,,,4.079569,3.007230,,,,,-0.060803,-0.007586,-0.121258,,,,,,,,,
356348,,,,,,,,,0.274675,0.000000,,,25.385736,27.247473,-0.011844,0.003477,,,,0.002539,0.950509,-1.709415,,,,,,
356358,,,,,,,,,0.192272,0.652434,,,22.993185,25.104193,0.008299,0.020491,,,,0.002260,0.948495,-1.706110,,,,,,
356368,,,,,,,,,0.164805,0.000000,,,20.980093,22.756294,0.025050,0.040020,,,,,,,,,,,,
356371,,,,,,,,,,,,,,,,,,,,0.002044,0.946490,-1.702504,,,,,,
356378,,,,,,,,,0.109870,0.000000,,,18.741734,20.236229,0.044501,0.061775,,,,,,,,,,,,
356381,,,,,,,,,,,,,,,,,,,,0.001809,0.944242,-1.705753,,,,,,
356388,,,,,,,,,0.137337,0.652434,,,16.858379,18.660389,0.060779,0.074403,,,,,,,,,,,,
356395,0.001826,0.944461,-1.703508,0.001663,1.006456,-1.825625,0.223227,0.187888,,,-3.035380,-3.822760,,,,,-0.061429,-0.008365,-0.122117,,,,,,,,,
356398,,,,,,,,,0.109870,0.000000,,,15.273725,16.789936,0.001814,0.020685,,,,,,,,,,,,
356408,,,,,,,,,0.109870,0.000000,,,13.940396,14.671593,0.011752,0.038169,,,,0.001406,0.941221,-1.694898,,,,,,
356418,,,,,,,,,0.027467,0.652434,,,11.729447,13.433763,0.030908,0.047096,,,,0.001286,0.940697,-1.695127,,,,,,
356428,,,,,,,,,0.027467,-0.652434,,,10.413698,11.303165,0.041376,0.065377,,,,0.001307,0.940172,-1.691419,,,,,,
356438,,,,,,,,,0.027467,0.652434,,,8.762084,10.055025,0.055533,0.075083,,,,,,,,,,,,
356445,0.001337,0.940418,-1.689696,0.000499,1.001951,-1.821857,0.130292,0.106338,,,-8.804768,-9.362866,,,,,-0.060999,-0.008131,-0.132161,,,,,,,,,
356448,,,,,,,,,0.027467,-0.652434,,,7.916959,8.460297,0.002946,0.032064,,,,,,,,,,,,
356458,,,,,,,,,0.027467,0.652434,,,6.661328,7.663035,0.012409,0.036632,,,,,,,,,,,,
356462,,,,,,,,,,,,,,,,,,,,0.001155,0.939212,-1.687320,,,,,,
356468,,,,,,,,,-0.000000,0.000000,,,5.604841,6.447677,0.020092,0.045623,,,,,,,,,,,,
356472,,,,,,,,,,,,,,,,,,,,0.001203,0.939342,-1.687725,,,,,,
356478,,,,,,,,,-0.000000,0.000000,,,4.715912,5.425074,0.026277,0.052892,,,,0.001184,0.939450,-1.691526,,,,,,
356488,,,,,,,,,-0.000000,0.000000,,,3.967968,4.564657,0.031202,0.058710,,,,,,,,,,,,
356495,0.001197,0.939531,-1.691372,0.000061,1.000240,-1.820443,0.059594,0.047859,,,-13.094044,-13.342441,,,,,-0.060131,-0.008430,-0.129071,,,,,,,,,
356498,,,,,,,,,-0.000000,0.000000,,,3.338648,3.840702,-0.008684,0.022718,,,,,,,,,,,,
356508,,,,,,,,,-0.000000,0.000000,,,2.809138,3.231566,-0.006570,0.025494,,,,,,,,,,,,
356516,,,,,,,,,,,,,2.363608,2.719039,-0.005206,0.027407,,,,0.001232,0.940271,-1.688101,,,,,,
356519,,,,,,,,,-0.000000,0.000000,,,,,,,,,,,,,,,,,,
356522,,,,,,,,,,,,,,,,,,,,0.001244,0.940586,-1.691878,,,,,,
356528,,,,,,,,,-0.000000,0.000000,,,1.988739,2.287799,-0.004474,0.028593,,,,0.001319,0.941056,-1.692043,,,,,,
356538,,,,,,,,,-0.000000,0.000000,,,1.673325,1.924954,-0.004273,0.029168,,,,0.001404,0.941589,-1.692168,,,,,,
356545,0.001387,0.941417,-1.692101,0.000000,1.000000,-1.820245,0.015251,0.012174,,,-15.331395,-15.394485,,,,,-0.057985,-0.008466,-0.128144,,,,,,,,,
356548,,,,,,,,,-0.000000,0.000000,,,1.407936,1.619656,-0.027341,0.008298,,,,0.001472,0.942239,-1.688655,,,,,,
356558,,,,,,,,,-0.000000,0.000000,,,1.184637,1.362778,-0.028411,0.007515,,,,,,,,,,,,
356561,,,,,,,,,,,,,,,,,,,,0.001521,0.942818,-1.692410,,,,,,
356568,,,,,,,,,-0.000000,0.000000,,,0.996753,1.146641,-0.029798,0.006369,,,,,,,,,,,,
356571,,,,,,,,,,,,,,,,,,,,0.001503,0.943533,-1.692433,,,,,,
356578,,,,,,,,,-0.000000,0.000000,,,0.838668,0.964784,-0.031451,0.004915,,,,,,,,,,,,
356581,,,,,,,,,,,,,,,,,,,,0.001503,0.944313,-1.692436,,,,,,
356588,,,,,,,,,-0.000000,0.000000,,,0.705655,0.811769,-0.033328,0.003204,,,,,,,,,,,,
356595,0.001494,0.944070,-1.692408,0.000000,1.000000,-1.820245,0.015251,0.012174,,,-14.586399,-14.649099,,,,,-0.055336,-0.008268,-0.127837,,,,,,,,,
356598,,,,,,,,,,,,,0.593738,0.683022,-0.027795,0.008879,,,,,,,,,,,,
