ts,x,y,yaw,x_des,y_des,yaw_des,v_ff,w_ff,v_actual,w_actual,omega_l_cmd,omega_r_cmd,omega_l_meas,omega_r_meas,duty_l,duty_r,x_err,y_err,yaw_err,x_raw,y_raw,yaw_raw,acc_x,acc_y,acc_z,gyro_x,gyro_y,gyro_z
107650,,,,,,,,,-0.000000,0.000000,,,0.000000,0.000000,0.000000,0.000000,,,,0.017054,0.000822,1.250618,,,,,,
107659,,,,,,,,,-0.000000,0.000000,,,0.000000,0.000000,0.000000,0.000000,,,,0.017038,0.000820,1.250618,,,,,,
107666,,,,,,,,,,,,,,,,,,,,0.017035,0.000811,1.250642,,,,,,
107670,,,,,,,,,-0.000000,0.000000,,,0.000000,0.000000,0.000000,0.000000,,,,,,,,,,,,
107675,,,,,,,,,,,,,,,,,,,,0.017050,0.000814,1.250618,,,,,,
107680,,,,,,,,,-0.000000,0.000000,,,0.000000,0.000000,0.000000,0.000000,,,,,,,,,,,,
107689,,,,,,,,,-0.000000,0.000000,,,0.000000,0.000000,0.000000,0.000000,,,,0.017046,0.000787,1.254061,,,,,,
107694,0.017046,0.000787,1.254058,0.062667,0.062172,0.773397,0.884200,-0.119218,,,82.963440,55.842361,,,,,0.072541,-0.024232,-0.480661,,,,,,,,,
107697,,,,,,,,,,,,,,,,,,,,0.017046,0.000815,1.250618,,,,,,
107700,,,,,,,,,-0.000000,0.000000,,,0.000000,0.000000,0.846227,0.569592,,,,,,,,,,,,
107705,,,,,,,,,,,,,,,,,,,,0.017047,0.000833,1.250618,,,,,,
107710,,,,,,,,,0.466947,-3.262170,,,5.445432,2.722716,0.807276,0.552989,,,,,,,,,,,,
107720,,,,,,,,,0.961362,-7.176775,,,16.561735,9.369955,0.709394,0.495811,,,,0.017048,0.000836,1.250615,,,,,,
107728,,,,,,,,,1.538179,-7.829211,,,33.538597,19.319286,0.549510,0.403622,,,,0.017024,0.000736,1.254140,,,,,,
107735,,,,,,,,,,,,,,,,,,,,0.017091,0.001256,1.261155,,,,,,
107740,,,,,,,,,1.648049,-11.743815,,,48.367470,28.235195,0.408140,0.319985,,,,,,,,,,,,
107744,0.020745,0.007038,1.211606,0.093691,0.092031,0.757942,0.871178,-0.243204,,,91.755219,65.307747,,,,,0.105211,-0.038414,-0.453664,,,,,,,,,
107750,,,,,,,,,1.345907,-8.481645,,,58.666309,33.558868,0.399688,0.367751,,,,0.017401,0.002470,1.260974,,,,,,
107757,,,,,,,,,,,,,,,,,,,,0.017789,0.003776,1.264446,,,,,,
107760,,,,,,,,,1.153634,-2.609736,,,61.341774,38.582748,0.379016,0.322858,,,,,,,,,,,,
107765,,,,,,,,,,,,,,,,,,,,0.018279,0.005433,1.261052,,,,,,
107770,,,,,,,,,1.098699,-5.219474,,,65.226540,41.176212,0.345474,0.301749,,,,,,,,,,,,
107780,,,,,,,,,1.043764,-5.219473,,,66.861549,42.813808,0.334102,0.289872,,,,0.019123,0.007646,1.254076,,,,,,
107790,,,,,,,,,0.933894,-5.219474,,,67.692703,43.102596,0.330603,0.291425,,,,0.019866,0.010029,1.257627,,,,,,
107794,0.021700,0.013280,1.231868,0.124345,0.120438,0.735422,0.849828,-0.377110,,,99.318169,70.130363,,,,,0.135189,-0.061179,-0.496447,,,,,,,,,
107800,,,,,,,,,0.851492,-1.957303,,,66.213867,43.345581,0.427642,0.342579,,,,0.019866,0.010029,1.257627,,,,,,
107808,,,,,,,,,,,,,64.969574,42.460941,0.446955,0.356959,,,,0.020722,0.012791,1.257810,,,,,,
107811,,,,,,,,,0.741622,-4.567040,,,,,,,,,,,,,,,,,,
107820,,,,,,,,,0.906427,-1.957303,,,64.467171,43.350235,0.458949,0.353422,,,,0.021769,0.016266,1.250791,,,,,,
107823,,,,,,,,,,,,,,,,,,,,0.022913,0.019917,1.250906,,,,,,
107830,,,,,,,,,0.961362,-4.567040,,,66.222618,44.098488,0.448014,0.351146,,,,0.024303,0.023876,1.244074,,,,,,
107838,,,,,,,,,0.988829,-5.219473,,,67.699654,45.272610,0.439567,0.344376,,,,0.025829,0.028280,1.240558,,,,,,
107844,0.027282,0.030761,1.217934,0.154508,0.146946,0.704872,0.820688,-0.526874,,,102.850761,72.585953,,,,,0.152994,-0.079236,-0.513062,0.027463,0.033414,1.233735,,,,,,
107850,,,,,,,,,0.961362,-5.871906,,,68.942429,45.171429,0.469247,0.375427,,,,,,,,,,,,
107860,,,,,,,,,1.071232,-5.871908,,,69.988098,45.630840,0.465363,0.376224,,,,0.029190,0.038254,1.233816,,,,,,
107868,,,,,,,,,1.071232,-5.871908,,,72.501556,47.106476,0.446298,0.366563,,,,0.031098,0.043741,1.233900,,,,,,
107876,,,,,,,,,,,,,,,,,,,,0.033372,0.050009,1.223483,,,,,,
107880,,,,,,,,,1.016297,-1.957302,,,72.438210,48.892616,0.453014,0.353440,,,,,,,,,,,,
107890,,,,,,,,,1.126167,-4.567039,,,72.929451,49.850933,0.454086,0.348404,,,,0.035474,0.056254,1.220223,,,,,,
107894,0.036839,0.058372,1.200879,0.184062,0.171137,0.664924,0.784522,-0.699674,,,102.383110,71.011223,,,,,0.158364,-0.096496,-0.535955,,,,,,,,,
107897,,,,,,,,,,,,,,,,,,,,0.037705,0.062837,1.213377,,,,,,
107900,,,,,,,,,1.043764,-5.219473,,,74.431870,50.657261,0.439975,0.328665,,,,,,,,,,,,
107906,,,,,,,,,,,,,,,,,,,,0.040316,0.069961,1.203258,,,,,,
107910,,,,,,,,,1.071232,-5.871908,,,75.151459,50.791161,0.438226,0.331370,,,,,,,,,,,,
107920,,,,,,,,,0.961362,-1.957303,,,74.667839,52.537453,0.448605,0.317601,,,,0.043027,0.077137,1.193230,,,,,,
107928,,,,,,,,,1.153634,-5.219473,,,75.894547,51.828609,0.441636,0.328526,,,,0.045899,0.085231,1.179913,,,,,,
107935,,,,,,,,,,,,,,,,,,,,0.049031,0.093117,1.166557,,,,,,
107940,,,,,,,,,1.016297,-4.567039,,,76.382156,52.321278,0.441960,0.327338,,,,,,,,,,,,
107944,0.049935,0.094006,1.150289,0.212890,0.192628,0.613720,0.742342,-0.904389,,,99.539925,68.273399,,,,,0.156553,-0.108499,-0.536569,,,,,,,,,
107950,,,,,,,,,1.126167,-3.262170,,,76.792427,53.280350,0.413975,0.293367,,,,0.052318,0.101543,1.143395,,,,,,
107957,,,,,,,,,,,,,,,,,,,,0.055879,0.110095,1.117207,,,,,,
107960,,,,,,,,,1.071232,-4.567039,,,76.593086,54.087315,0.420557,0.288135,,,,,,,,,,,,
107965,,,,,,,,,,,,,,,,,,,,0.059565,0.119023,1.091212,,,,,,
107970,,,,,,,,,1.016297,-3.262172,,,76.425362,54.221752,0.426858,0.289601,,,,,,,,,,,,
107979,,,,,,,,,0.988829,-1.304868,,,74.650612,54.334866,0.449583,0.291257,,,,0.064009,0.128366,1.052556,,,,,,
107987,,,,,,,,,,,,,,,,,,,,0.068630,0.137688,1.011210,,,,,,
107990,,,,,,,,,1.153634,-6.524343,,,76.424599,54.974583,0.436466,0.287520,,,,,,,,,,,,
107994,0.069669,0.138101,0.995534,0.240877,0.211082,0.548804,0.695427,-1.151942,,,96.277016,68.959839,,,,,0.154381,-0.103946,-0.446730,0.073723,0.147096,0.973460,,,,,,
108000,,,,,,,,,1.126167,-5.871908,,,77.917229,54.968296,0.392583,0.297246,,,,,,,,,,,,
108009,,,,,,,,,1.153634,-3.914605,,,78.628586,55.507553,0.388999,0.294543,,,,0.078899,0.156001,0.926751,,,,,,
108016,,,,,,,,,,,,,,,,,,,,0.084524,0.164929,0.877510,,,,,,
108020,,,,,,,,,1.126167,-4.567039,,,79.227119,55.961281,0.386423,0.292606,,,,,,,,,,,,
108030,,,,,,,,,1.126167,-4.567039,,,80.275269,56.343048,0.379142,0.291312,,,,,,,,,,,,
108036,,,,,,,,,,,,,,,,,,,,0.097671,0.183241,0.771807,,,,,,
108040,,,,,,,,,1.071232,-3.262170,,,78.979012,56.664268,0.395564,0.290558,,,,,,,,,,,,
108044,0.098081,0.183000,0.776914,0.267913,0.226207,0.467067,0.645373,-1.455098,,,91.936317,70.053604,,,,,0.151395,-0.088256,-0.309847,0.104551,0.191758,0.721430,,,,,,
108050,,,,,,,,,1.181102,-4.567039,,,80.066513,57.479084,0.343656,0.295863,,,,,,,,,,,,
108054,,,,,,,,,,,,,,,,,,,,0.112095,0.199919,0.665412,,,,,,
108060,,,,,,,,,1.098699,-5.219474,,,80.981537,57.620129,0.336697,0.296939,,,,,,,,,,,,
108068,,,,,,,,,1.236037,-4.567040,,,81.751434,58.283348,0.331035,0.292661,,,,0.120003,0.207645,0.609985,,,,,,
108076,,,,,,,,,,,,,,,,,,,,0.128251,0.215305,0.558083,,,,,,
108080,,,,,,,,,1.016297,-0.652434,,,79.676514,58.841381,0.354236,0.289323,,,,,,,,,,,,
108090,,,,,,,,,1.126167,-4.567039,,,80.108849,58.766365,0.352278,0.292331,,,,0.136948,0.222833,0.509311,,,,,,
108094,0.137419,0.222387,0.512633,0.293893,0.237764,0.364864,0.594144,-1.826677,,,85.364433,69.039009,,,,,0.143902,-0.063346,-0.147769,,,,,,,,,
108099,,,,,,,,,1.126167,-4.567039,,,80.472610,59.247791,0.283900,0.279329,,,,0.146279,0.230297,0.455079,,,,,,
108106,,,,,,,,,,,,,,,,,,,,0.155664,0.236906,0.406918,,,,,,
108110,,,,,,,,,1.236037,-4.567040,,,80.778679,59.652863,0.281757,0.277155,,,,,,,,,,,,
108114,,,,,,,,,,,,,,,,,,,,0.165729,0.243024,0.358987,,,,,,
108120,,,,,,,,,1.071232,-3.262170,,,80.491661,59.993687,0.285602,0.275556,,,,,,,,,,,,
108128,,,,,,,,,1.071232,-3.262170,,,80.250168,59.735916,0.289039,0.279994,,,,0.175426,0.248514,0.311259,,,,,,
108136,,,,,,,,,,,,,,,,,,,,0.185584,0.253448,0.269335,,,,,,
108140,,,,,,,,,1.071232,-1.957303,,,78.413345,60.063568,0.308798,0.278513,,,,,,,,,,,,
108144,0.185584,0.252808,0.281564,0.318712,0.245572,0.238559,0.544140,-2.274021,,,76.479362,62.280067,,,,,0.125875,-0.043941,-0.043005,,,,,,,,,
108150,,,,,,,,,1.126167,-3.262170,,,78.501472,60.339256,0.218661,0.208555,,,,0.195863,0.257746,0.227453,,,,,,
108158,,,,,,,,,1.071232,-3.262170,,,78.031082,60.026676,0.223055,0.212131,,,,0.206272,0.261691,0.188504,,,,,,
108166,,,,,,,,,,,,,,,,,,,,0.217051,0.265064,0.155160,,,,,,
108170,,,,,,,,,1.016297,-1.957302,,,76.546204,59.763672,0.237890,0.215265,,,,,,,,,,,,
108180,,,,,,,,,0.933894,-2.609737,,,76.385918,59.542381,0.239512,0.218025,,,,0.228002,0.267847,0.124629,,,,,,
108188,,,,,,,,,1.043764,-2.609737,,,74.617424,58.267097,0.257569,0.231580,,,,0.239037,0.269892,0.094120,,,,,,
108197,0.238833,0.269380,0.098918,0.342274,0.249507,0.085924,0.498238,-2.786433,,,67.307991,51.763718,,,,,0.100973,-0.029992,-0.012995,0.250152,0.271632,0.063673,,,,,,
108200,,,,,,,,,0.686687,-0.652435,,,69.317612,55.560448,0.218452,0.152724,,,,,,,,,,,,
108210,,,,,,,,,0.988829,-1.304868,,,69.214691,55.461243,0.219100,0.152977,,,,0.261074,0.272938,0.041490,,,,,,
108217,,,,,,,,,,,,,,,,,,,,0.271948,0.273640,0.016614,,,,,,
108220,,,,,,,,,0.906427,-3.262171,,,68.583549,54.833229,0.225156,0.158643,,,,,,,,,,,,
108225,,,,,,,,,,,,,,,,,,,,0.282708,0.273700,-0.008244,,,,,,
108230,,,,,,,,,0.933894,-3.914605,,,68.052513,53.760277,0.230317,0.168973,,,,,,,,,,,,
108239,,,,,,,,,0.933894,-2.609737,,,67.605698,53.402039,0.234726,0.172228,,,,0.293680,0.273573,-0.036040,,,,,,
108244,0.292994,0.273352,-0.035657,0.364484,0.249507,-0.091470,0.459720,-3.314670,,,58.706654,39.334808,,,,,0.072295,-0.021282,-0.055813,,,,,,,,,
108247,,,,,,,,,,,,,,,,,,,,0.304437,0.273175,-0.063606,,,,,,
108250,,,,,,,,,0.933894,-2.609737,,,67.229744,52.556072,0.150768,0.053754,,,,,,,,,,,,
108260,,,,,,,,,0.796557,-4.567040,,,66.368874,50.755192,0.157844,0.069479,,,,0.314664,0.272483,-0.093939,,,,,,
108268,,,,,,,,,0.769089,-2.609737,,,65.099998,49.239929,0.169254,0.082651,,,,0.324169,0.271695,-0.129846,,,,,,
108275,,,,,,,,,,,,,,,,,,,,0.333271,0.270587,-0.160340,,,,,,
108280,,,,,,,,,0.796557,-4.567040,,,64.032364,47.420444,0.178865,0.099228,,,,,,,,,,,,
108289,,,,,,,,,0.714154,-3.914605,,,63.134056,45.344986,0.186963,0.118781,,,,0.342063,0.269447,-0.196634,,,,,,
108297,0.340916,0.269384,-0.199545,0.385257,0.245572,-0.285912,0.431919,-3.755346,,,51.602257,29.288521,,,,,0.048182,-0.014550,-0.086367,0.350046,0.268001,-0.232960,,,,,,
108300,,,,,,,,,0.659220,-1.304869,,,60.200050,44.143242,0.143539,0.027364,,,,,,,,,,,,
108310,,,,,,,,,0.686687,-4.567039,,,59.365005,42.043007,0.150337,0.045816,,,,,,,,,,,,
108320,,,,,,,,,0.631752,-4.567039,,,58.117855,39.731327,0.161505,0.066844,,,,,,,,,,,,
108326,,,,,,,,,,,,,,,,,,,,0.372222,0.262083,-0.352931,,,,,,
108330,,,,,,,,,0.604285,-3.914605,,,56.523960,37.786278,0.176460,0.084595,,,,,,,,,,,,
108340,,,,,,,,,0.659220,-5.219473,,,55.727402,35.605171,0.183601,0.105143,,,,0.379109,0.259742,-0.401072,,,,,,
108344,0.378525,0.259667,-0.406055,0.404508,0.237764,-0.484020,0.417452,-3.975972,,,46.711620,23.604868,,,,,0.032522,-0.009859,-0.077965,,,,,,,,,
108348,,,,,,,,,0.576817,-4.567039,,,55.057175,34.314533,0.139727,0.059071,,,,0.385441,0.257463,-0.452524,,,,,,
108356,,,,,,,,,,,,,,,,,,,,0.390852,0.255234,-0.501183,,,,,,
108360,,,,,,,,,0.604285,-5.219473,,,54.493248,32.684048,0.143810,0.073560,,,,,,,,,,,,
108370,,,,,,,,,0.576817,-4.567039,,,53.474216,30.767612,0.152648,0.091291,,,,0.395977,0.252780,-0.546822,,,,,,
108378,,,,,,,,,0.521882,-4.567040,,,52.072262,29.699667,0.165596,0.100752,,,,0.400838,0.249992,-0.593011,,,,,,
108385,,,,,,,,,,,,,,,,,,,,0.405588,0.246752,-0.642428,,,,,,
108390,,,,,,,,,0.521882,-4.567040,,,50.892654,28.256556,0.176555,0.114253,,,,,,,,,,,,
108394,0.405216,0.246746,-0.641751,0.422164,0.226207,-0.671453,0.417245,-3.898387,,,44.032864,22.651983,,,,,0.025871,-0.006308,-0.029702,,,,,,,,,
108399,,,,,,,,,0.521882,-4.567040,,,49.900135,27.042322,0.158520,0.115988,,,,0.410141,0.243101,-0.698194,,,,,,
108407,,,,,,,,,,,,,,,,,,,,0.414340,0.239614,-0.742738,,,,,,
108410,,,,,,,,,0.521882,-4.567040,,,48.520485,26.020666,0.171419,0.125531,,,,,,,,,,,,
108417,,,,,,,,,,,,,,,,,,,,0.418307,0.236114,-0.787481,,,,,,
108420,,,,,,,,,0.549350,-3.914606,,,47.904190,25.705587,0.176807,0.128071,,,,,,,,,,,,
108429,,,,,,,,,0.521882,-3.262171,,,47.385643,25.440479,0.181322,0.130164,,,,0.421862,0.232802,-0.832759,,,,,,
108437,,,,,,,,,,,,,,,,,,,,0.425188,0.229243,-0.872214,,,,,,
108440,,,,,,,,,0.549350,-3.914606,,,46.949337,24.672874,0.185102,0.137436,,,,,,,,,,,,
108444,0.425210,0.229154,-0.869298,0.438153,0.211082,-0.838487,0.430019,-3.565917,,,42.071812,24.118628,,,,,0.022157,-0.001776,0.030811,0.428215,0.225726,-0.915005,,,,,,
108450,,,,,,,,,0.494415,-3.914605,,,46.037685,24.571556,0.173815,0.153025,,,,,,,,,,,,
108459,,,,,,,,,0.576817,-4.567039,,,45.815166,24.486307,0.175291,0.153804,,,,0.431056,0.222068,-0.955212,,,,,,
108466,,,,,,,,,,,,,,,,,,,,0.433609,0.218510,-0.992562,,,,,,
108470,,,,,,,,,0.521882,-3.262171,,,45.627937,24.414577,0.176452,0.154462,,,,,,,,,,,,
108480,,,,,,,,,0.549350,-2.609737,,,44.925858,24.898767,0.182902,0.149464,,,,0.436025,0.215023,-1.030386,,,,,,
108488,,,,,,,,,0.549350,-3.914606,,,44.335129,24.217079,0.188357,0.156262,,,,0.438411,0.211581,-1.065370,,,,,,
108494,0.438612,0.211158,-1.065340,0.452414,0.192628,-0.981893,0.452737,-3.105463,,,41.594700,27.679586,,,,,0.022896,0.003104,0.083447,0.440583,0.207687,-1.094396,,,,,,
108500,,,,,,,,,0.521882,-3.262171,,,43.838089,24.732594,0.188108,0.187306,,,,,,,,,,,,
108504,,,,,,,,,,,,,,,,,,,,0.443135,0.202774,-1.123664,,,,,,
108510,,,,,,,,,0.494415,-2.609737,,,43.419880,24.621803,0.191925,0.189025,,,,,,,,,,,,
108518,,,,,,,,,0.521882,-1.957302,,,42.523457,25.073128,0.200703,0.185033,,,,0.445389,0.198375,-1.153269,,,,,,
108526,,,,,,,,,,,,,,,,,,,,0.447583,0.193411,-1.179778,,,,,,
108530,,,,,,,,,0.549350,-2.609737,,,41.769207,25.452871,0.208211,0.181681,,,,,,,,,,,,
108540,,,,,,,,,0.521882,-1.957302,,,41.679123,26.316931,0.209095,0.173313,,,,0.449489,0.188604,-1.203170,,,,,,
108544,0.449535,0.188529,-1.199816,0.464888,0.171137,-1.103162,0.481637,-2.636673,,,41.495144,30.676558,,,,,0.021774,0.008004,0.096654,,,,,,,,,
108548,,,,,,,,,0.576817,-1.957303,,,41.058784,26.499407,0.214390,0.202293,,,,0.451195,0.183735,-1.223389,,,,,,
108557,,,,,,,,,,,,,,,,,,,,0.453167,0.178758,-1.243752,,,,,,
108560,,,,,,,,,0.521882,-1.957302,,,41.081375,26.652943,0.214247,0.201563,,,,,,,,,,,,
108570,,,,,,,,,0.604285,-1.304869,,,41.100384,27.326672,0.214136,0.195495,,,,0.455144,0.173520,-1.264261,,,,,,
108577,,,,,,,,,,,,,,,,,,,,0.457094,0.167997,-1.284930,,,,,,
108580,,,,,,,,,0.549350,-1.304868,,,40.571831,27.893547,0.219606,0.190383,,,,,,,,,,,,
108585,,,,,,,,,,,,,,,,,,,,0.458817,0.162499,-1.302292,,,,,,
108590,,,,,,,,,0.604285,-2.609737,,,41.216194,28.915058,0.213218,0.180520,,,,,,,,,,,,
108594,0.458806,0.162268,-1.304641,0.475528,0.146946,-1.205932,0.513114,-2.226778,,,41.472485,33.143452,,,,,0.019180,0.012103,0.098709,,,,,,,,,
108599,,,,,,,,,0.631752,-1.957303,,,41.213818,29.230015,0.213067,0.202822,,,,0.460472,0.156819,-1.319722,,,,,,
108607,,,,,,,,,,,,,,,,,,,,0.462066,0.151327,-1.340849,,,,,,
108610,,,,,,,,,0.576817,-1.957303,,,41.756363,30.039562,0.207585,0.195348,,,,,,,,,,,,
108617,,,,,,,,,,,,,,,,,,,,0.463346,0.145723,-1.351439,,,,,,
108620,,,,,,,,,0.631752,-0.652435,,,41.668316,30.720716,0.208426,0.189021,,,,,,,,,,,,
108629,,,,,,,,,0.576817,-1.957303,,,41.594234,31.293839,0.209142,0.183659,,,,0.464680,0.140060,-1.369251,,,,,,
108637,,,,,,,,,,,,,,,,,,,,0.466021,0.134035,-1.387179,,,,,,
108640,,,,,,,,,0.659220,-1.304869,,,42.076447,31.776064,0.204199,0.179111,,,,,,,,,,,,
108644,0.466053,0.133712,-1.385727,0.484292,0.120438,-1.294274,0.544140,-1.897844,,,41.771847,35.188656,,,,,0.016404,0.015485,0.091453,0.467223,0.128072,-1.401640,,,,,,
108650,,,,,,,,,0.631752,-1.957303,,,41.937634,32.181808,0.208548,0.196107,,,,,,,,,,,,
108658,,,,,,,,,0.604285,-1.304869,,,42.365383,33.067745,0.204152,0.187671,,,,0.468373,0.121848,-1.419851,,,,,,
108666,,,,,,,,,,,,,,,,,,,,0.469328,0.115509,-1.430912,,,,,,
108670,,,,,,,,,0.604285,-1.304869,,,42.180748,33.268627,0.205916,0.186047,,,,,,,,,,,,
108680,,,,,,,,,0.659220,-1.304869,,,42.569939,33.982193,0.201865,0.179152,,,,0.470227,0.109259,-1.449247,,,,,,
108688,,,,,,,,,0.604285,-1.304869,,,42.352859,34.038044,0.203919,0.178824,,,,0.471029,0.102988,-1.464052,,,,,,
108694,0.470994,0.103059,-1.462954,0.491144,0.092031,-1.371926,0.572343,-1.648322,,,41.841148,36.792938,,,,,0.013133,0.018846,0.091028,0.471662,0.096542,-1.475244,,,,,,
108700,,,,,,,,,0.659220,-1.304869,,,42.714752,34.629581,0.200819,0.189384,,,,,,,,,,,,
108710,,,,,,,,,0.604285,-1.304869,,,42.474705,34.582756,0.203093,0.190294,,,,0.472256,0.089971,-1.490280,,,,,,
108718,,,,,,,,,0.714154,-1.304868,,,42.817272,35.087902,0.199472,0.185584,,,,0.472630,0.083227,-1.505430,,,,,,
108725,,,,,,,,,,,,,,,,,,,,0.473105,0.076420,-1.516835,,,,,,
108730,,,,,,,,,0.604285,-1.304869,,,43.105511,35.512932,0.196336,0.181589,,,,,,,,,,,,
108739,,,,,,,,,0.659220,-1.304869,,,43.348034,35.870552,0.193610,0.178198,,,,0.473479,0.069501,-1.532247,,,,,,
108744,0.473477,0.069559,-1.531907,0.496057,0.062172,-1.442113,0.595942,-1.468505,,,41.386185,37.452065,,,,,0.008259,0.022275,0.089794,,,,,,,,,
108747,,,,,,,,,,,,,,,,,,,,0.473840,0.062530,-1.543939,,,,,,
108750,,,,,,,,,0.631752,-0.652435,,,43.007549,36.171452,0.192141,0.182036,,,,,,,,,,,,
108754,,,,,,,,,,,,,,,,,,,,0.474189,0.055733,-1.551685,,,,,,
108760,,,,,,,,,0.714154,-1.304868,,,43.265610,36.424629,0.189184,0.179710,,,,,,,,,,,,
108769,,,,,,,,,0.631752,-0.652435,,,43.482742,37.182198,0.186594,0.172188,,,,0.474214,0.048986,-1.559538,,,,,,
108776,,,,,,,,,,,,,,,,,,,,0.474250,0.042092,-1.573850,,,,,,
108780,,,,,,,,,0.659220,-1.304869,,,43.665436,37.275070,0.184311,0.171295,,,,,,,,,,,,
108790,,,,,,,,,0.686687,-0.652435,,,43.819153,37.353214,0.182287,0.170533,,,,0.474250,0.035310,-1.581657,,,,,,
108794,0.474246,0.035303,-1.580220,0.499013,0.031333,-1.507591,0.613653,-1.348095,,,41.204025,37.402309,,,,,0.003737,0.024803,0.072628,,,,,,,,,
108798,,,,,,,,,0.631752,-0.652435,,,43.403950,37.963509,0.184178,0.163820,,,,0.474105,0.028661,-1.589434,,,,,,
108806,,,,,,,,,,,,,,,,,,,,0.473910,0.022040,-1.601045,,,,,,
108810,,,,,,,,,0.686687,-1.957303,,,43.599140,37.932465,0.181747,0.164025,,,,,,,,,,,,
108820,,,,,,,,,0.686687,-0.652435,,,43.763374,38.450890,0.179592,0.158631,,,,0.473688,0.015441,-1.608857,,,,,,
108828,,,,,,,,,0.631752,-0.652435,,,43.901558,38.342548,0.177671,0.159526,,,,0.473466,0.008879,-1.616623,,,,,,
108836,,,,,,,,,,,,,,,,,,,,0.473058,0.002472,-1.624260,,,,,,
108840,,,,,,,,,0.631752,-0.652435,,,43.473282,38.251389,0.181500,0.160268,,,,,,,,,,,,
108844,0.473088,0.002577,-1.623302,0.500000,0.000000,-1.570796,0.624611,-1.279096,,,41.375107,37.246689,,,,,0.001161,0.027011,0.052506,,,,,,,,,
108850,,,,,,,,,0.659220,-1.304869,,,43.657475,38.174686,0.180912,0.159293,,,,0.472673,-0.003828,-1.635761,,,,,,
108857,,,,,,,,,,,,,,,,,,,,0.472227,-0.010049,-1.643553,,,,,,
108860,,,,,,,,,0.659220,-1.304869,,,43.267910,38.110149,0.184429,0.159766,,,,,,,,,,,,
108865,,,,,,,,,,,,,,,,,,,,0.471906,-0.016130,-1.655021,,,,,,
108870,,,,,,,,,0.631752,-0.652435,,,43.484676,38.055851,0.181840,0.160147,,,,,,,,,,,,
108879,,,,,,,,,0.659220,-1.304869,,,43.122520,38.010162,0.185112,0.160451,,,,0.471322,-0.022426,-1.662526,,,,,,
108887,,,,,,,,,,,,,,,,,,,,0.470609,-0.028851,-1.673690,,,,,,
108890,,,,,,,,,0.631752,-0.652435,,,43.362347,37.971722,0.182316,0.160691,,,,,,,,,,,,
108894,0.470631,-0.028858,-1.672200,0.499013,-0.031333,-1.634002,0.628319,-1.256637,,,41.392151,36.859516,,,,,-0.000411,0.028487,0.038198,0.469994,-0.035080,-1.684894,,,,,,
108900,,,,,,,,,0.659220,-1.304869,,,43.019592,37.939377,0.185589,0.156926,,,,,,,,,,,,
108909,,,,,,,,,0.631752,-0.652435,,,42.731197,37.367619,0.188205,0.162542,,,,0.469223,-0.041495,-1.695944,,,,,,
108916,,,,,,,,,,,,,,,,,,,,0.468279,-0.047901,-1.706989,,,,,,
108920,,,,,,,,,0.604285,-1.304869,,,43.033085,37.431084,0.184858,0.161793,,,,,,,,,,,,
108930,,,,,,,,,0.631752,-0.652435,,,42.742550,36.939941,0.187493,0.166689,,,,,,,,,,,,
108936,,,,,,,,,,,,,,,,,,,,0.466688,-0.060494,-1.732606,,,,,,
108940,,,,,,,,,0.604285,-2.609737,,,42.498093,36.526695,0.189716,0.170888,,,,,,,,,,,,
108944,0.466612,-0.060342,-1.738485,0.496057,-0.062172,-1.699480,0.624611,-1.279096,,,40.441013,35.826488,,,,,-0.003110,0.029338,0.039005,0.465560,-0.067071,-1.747006,,,,,,
108950,,,,,,,,,0.631752,-0.652435,,,42.836952,36.723530,0.176337,0.158410,,,,,,,,,,,,
108960,,,,,,,,,0.659220,-1.304869,,,42.577526,36.344604,0.178504,0.162095,,,,0.464478,-0.073336,-1.761463,,,,,,
108967,,,,,,,,,,,,,,,,,,,,0.463202,-0.079653,-1.772169,,,,,,
108970,,,,,,,,,0.576817,-0.652434,,,42.359245,36.570320,0.180303,0.159689,,,,,,,,,,,,
108975,,,,,,,,,,,,,,,,,,,,0.461833,-0.085826,-1.782814,,,,,,
108980,,,,,,,,,0.631752,-0.652435,,,42.175583,36.215694,0.181793,0.163158,,,,,,,,,,,,
108989,,,,,,,,,,,,,42.021049,36.461857,0.183022,0.160569,,,,0.460368,-0.092179,-1.793456,,,,,,
108995,0.460389,-0.091992,-1.794317,0.491144,-0.092031,-1.769666,0.613653,-1.348095,0.604285,-1.304869,,,,,,,,,,,,,,,,,,
108998,,,,,,,,,0.631752,-1.957303,39.213909,33.656006,41.891026,36.124432,0.171516,0.141745,-0.006779,0.029998,0.024652,0.458866,-0.098437,-1.807589,,,,,,
109005,,,,,,,,,,,,,,,,,,,,0.457482,-0.104522,-1.818137,,,,,,
109010,,,,,,,,,0.604285,-1.304869,,,41.781620,35.840523,0.172097,0.144147,,,,,,,,,,,,
109019,,,,,,,,,0.604285,0.000000,,,41.689568,35.601643,0.172522,0.146147,,,,0.456214,-0.110584,-1.832221,,,,,,
109027,,,,,,,,,,,,,,,,,,,,0.454798,-0.116464,-1.842707,,,,,,
109030,,,,,,,,,0.576817,-1.957303,,,41.612114,35.400650,0.172817,0.147808,,,,,,,,,,,,
109037,,,,,,,,,,,,,,,,,,,,0.453189,-0.122616,-1.853042,,,,,,
109040,,,,,,,,,0.631752,-1.957303,,,41.546947,35.231533,0.173002,0.149184,,,,,,,,,,,,
109044,0.453087,-0.122601,-1.856324,0.484292,-0.120438,-1.847319,0.595942,-1.468505,,,37.607784,30.770601,,,,,-0.010865,0.029332,0.009005,,,,,,,,,
109049,,,,,,,,,0.604285,-1.304869,,,41.492115,35.089241,0.156712,0.120889,,,,0.451432,-0.128751,-1.866965,,,,,,
109056,,,,,,,,,,,,,,,,,,,,0.449418,-0.134728,-1.884079,,,,,,
109060,,,,,,,,,0.549350,-1.304868,,,41.445980,34.424973,0.156406,0.126801,,,,,,,,,,,,
109064,,,,,,,,,,,,,,,,,,,,0.447320,-0.140660,-1.897649,,,,,,
109070,,,,,,,,,0.604285,-1.304869,,,40.862617,34.410599,0.161589,0.126217,,,,,,,,,,,,
109078,,,,,,,,,0.576817,-0.652434,,,40.916321,33.853962,0.160390,0.131166,,,,0.445474,-0.146670,-1.907867,,,,,,
109086,,,,,,,,,,,,,,,,,,,,0.443513,-0.152598,-1.924640,,,,,,
109090,,,,,,,,,0.521882,-1.957302,,,40.416962,33.385609,0.164822,0.135327,,,,,,,,,,,,
109097,0.443603,-0.152151,-1.927119,0.475528,-0.146946,-1.935660,0.572343,-1.648322,,,35.503632,27.028507,,,,,-0.016014,0.028104,-0.008542,,,,,,,,,
109100,,,,,,,,,0.576817,-1.957303,,,40.541344,33.536079,0.141529,0.095100,,,,0.441403,-0.158239,-1.941466,,,,,,
109108,,,,,,,,,0.549350,-1.304868,,,40.101456,32.573597,0.145008,0.103615,,,,0.439232,-0.163994,-1.957982,,,,,,
109115,,,,,,,,,,,,,,,,,,,,0.437126,-0.169436,-1.971164,,,,,,
109120,,,,,,,,,0.576817,-1.957303,,,40.275879,31.763765,0.142309,0.110767,,,,,,,,,,,,
109130,,,,,,,,,0.521882,-1.957302,,,39.878094,31.626917,0.145412,0.111215,,,,0.434838,-0.174683,-1.991124,,,,,,
109137,,,,,,,,,,,,,,,,,,,,0.432495,-0.180039,-2.007624,,,,,,
109140,,,,,,,,,0.521882,-1.957302,,,39.543396,30.967230,0.147951,0.117025,,,,,,,,,,,,
109144,0.432567,-0.179712,-2.009079,0.464888,-0.171137,-2.038431,0.544140,-1.897844,,,33.230221,22.674667,,,,,-0.021481,0.025627,-0.029352,0.429928,-0.185329,-2.027056,,,,,,
109150,,,,,,,,,0.521882,-1.957302,,,38.717239,30.412169,0.132381,0.077489,,,,,,,,,,,,
109160,,,,,,,,,0.439480,-1.304869,,,38.022114,29.400597,0.138374,0.086260,,,,0.427452,-0.190403,-2.049694,,,,,,
109168,,,,,,,,,0.494415,-2.609737,,,37.981777,28.549459,0.137827,0.093596,,,,0.424869,-0.195435,-2.068948,,,,,,
109176,,,,,,,,,,,,,,,,,,,,0.422203,-0.200380,-2.088203,,,,,,
109180,,,,,,,,,0.494415,-2.609737,,,37.403294,27.833313,0.142778,0.099726,,,,,,,,,,,,
109190,,,,,,,,,0.439480,-1.304869,,,36.916557,26.686205,0.146908,0.110395,,,,0.419351,-0.205190,-2.110004,,,,,,
109197,0.419619,-0.204693,-2.107010,0.452414,-0.192628,-2.159700,0.513114,-2.226778,,,30.929977,17.861914,,,,,-0.027126,0.022028,-0.052690,0.416464,-0.209869,-2.135057,,,,,,
109200,,,,,,,,,0.466947,-1.957303,,,36.507019,26.265572,0.126885,0.064793,,,,,,,,,,,,
109205,,,,,,,,,,,,,,,,,,,,0.413683,-0.214312,-2.156884,,,,,,
109210,,,,,,,,,0.439480,-2.609737,,,36.162434,25.911652,0.129285,0.066722,,,,,,,,,,,,
109219,,,,,,,,,0.439480,-2.609737,,,35.872498,25.069319,0.131195,0.073704,,,,0.410743,-0.218506,-2.178551,,,,,,
109227,,,,,,,,,,,,,,,,,,,,0.408184,-0.221939,-2.203829,,,,,,
109230,,,,,,,,,0.412012,-3.262171,,,35.628548,23.816038,0.132695,0.085046,,,,,,,,,,,,
109234,,,,,,,,,,,,,,,,,,,,0.405503,-0.225516,-2.228439,,,,,,
109240,,,,,,,,,0.439480,-2.609737,,,35.423286,23.306070,0.133849,0.089057,,,,,,,,,,,,
109244,0.405645,-0.225290,-2.229199,0.438153,-0.211082,-2.303106,0.481637,-2.636673,,,29.196659,13.334121,,,,,-0.031128,0.017020,-0.073907,,,,,,,,,
109248,,,,,,,,,0.412012,-1.957303,,,34.706036,22.332441,0.122587,0.051715,,,,0.403052,-0.228849,-2.256121,,,,,,
109257,,,,,,,,,,,,,,,,,,,,0.400542,-0.232101,-2.286811,,,,,,
109260,,,,,,,,,0.384545,-3.914605,,,34.647087,21.513229,0.122086,0.058272,,,,,,,,,,,,
109270,,,,,,,,,0.357077,-3.262171,,,34.052944,20.279402,0.127056,0.069221,,,,0.398054,-0.235084,-2.314254,,,,,,
109277,,,,,,,,,,,,,,,,,,,,0.395376,-0.237994,-2.344509,,,,,,
109280,,,,,,,,,0.384545,-2.609737,,,33.553032,19.785803,0.131184,0.072867,,,,,,,,,,,,
109285,,,,,,,,,,,,,,,,,,,,0.392654,-0.240760,-2.374553,,,,,,
109290,,,,,,,,,0.357077,-3.262171,,,33.132404,18.825945,0.134603,0.081367,,,,,,,,,,,,
109294,0.392736,-0.240569,-2.376042,0.422164,-0.226207,-2.470140,0.452737,-3.105463,,,28.846975,9.961637,,,,,-0.031170,0.010036,-0.094098,,,,,,,,,
109299,,,,,,,,,0.357077,-3.262171,,,32.778488,18.018320,0.133859,0.054107,,,,0.390076,-0.243350,-2.410496,,,,,,
109307,,,,,,,,,,,,,,,,,,,,0.387575,-0.245641,-2.443196,,,,,,
109310,,,,,,,,,,,,,32.480705,17.338785,0.136110,0.059427,,,,,,,,,,,,
109315,,,,,,,,,0.357077,-3.262171,,,,,,,,,,,,,,,,,,
109320,,,,,,,,,0.384545,-3.914605,,,32.230148,16.767025,0.137939,0.063783,,,,,,,,,,,,
109329,,,,,,,,,0.329610,-3.914605,,,32.563873,15.741403,0.133859,0.072884,,,,0.382687,-0.249948,-2.507903,,,,,,
109336,,,,,,,,,,,,,,,,,,,,0.380140,-0.251846,-2.545712,,,,,,
109340,,,,,,,,,0.357077,-3.262171,,,31.755585,14.878444,0.141360,0.080530,,,,,,,,,,,,
109344,0.380036,-0.251845,-2.545161,0.404508,-0.237764,-2.657573,0.430019,-3.565917,,,29.679224,7.895829,,,,,-0.028157,0.002096,-0.112412,,,,,,,,,
109350,,,,,,,,,0.329610,-3.914605,,,31.620033,14.696894,0.150650,0.060327,,,,0.377617,-0.253768,-2.583384,,,,,,
109358,,,,,,,,,0.302142,-3.262171,,,31.505981,13.999594,0.151425,0.066079,,,,0.375043,-0.255339,-2.620794,,,,,,
109366,,,,,,,,,,,,,,,,,,,,0.372661,-0.256944,-2.660885,,,,,,
109370,,,,,,,,,0.357077,-4.567039,,,31.954561,13.412886,0.146484,0.070843,,,,,,,,,,,,
109380,,,,,,,,,0.329610,-3.914605,,,32.331997,12.919230,0.142179,0.074775,,,,0.370231,-0.258313,-2.703542,,,,,,
109388,,,,,,,,,0.357077,-4.567039,,,32.105026,12.503868,0.143964,0.078007,,,,0.367759,-0.259420,-2.743107,,,,,,
109394,0.367463,-0.259483,-2.745658,0.385257,-0.245572,-2.855680,0.417245,-3.898387,,,31.537508,8.050452,,,,,-0.021782,-0.005972,-0.110022,0.365367,-0.260482,-2.782673,,,,,,
109400,,,,,,,,,0.329610,-3.914605,,,31.914053,12.154383,0.164381,0.082227,,,,,,,,,,,,
109410,,,,,,,,,0.302142,-3.262171,,,31.208826,11.860326,0.171499,0.084406,,,,0.363146,-0.261504,-2.824785,,,,,,
109417,,,,,,,,,,,,,,,,,,,,0.360496,-0.262448,-2.863945,,,,,,
109420,,,,,,,,,0.302142,-4.567039,,,31.159990,11.068363,0.172063,0.091722,,,,,,,,,,,,
109425,,,,,,,,,,,,,,,,,,,,0.357608,-0.263297,-2.903009,,,,,,
109430,,,,,,,,,0.329610,-3.914605,,,31.118900,10.946549,0.172557,0.092361,,,,,,,,,,,,
109439,,,,,,,,,0.329610,-3.914605,,,30.539783,10.844055,0.178548,0.092827,,,,0.354739,-0.264051,-2.941999,,,,,,
109444,0.354485,-0.264074,-2.941947,0.364484,-0.249507,-3.050123,0.417452,-3.975972,,,34.335293,10.403489,,,,,-0.012689,-0.012295,-0.108176,,,,,,,,,
109447,,,,,,,,,,,,,,,,,,,,0.351676,-0.264831,-2.980898,,,,,,
109450,,,,,,,,,0.274675,-3.914605,,,30.597059,10.213273,0.206701,0.122703,,,,,,,,,,,,
109457,,,,,,,,,,,,,,,,,,,,0.348663,-0.265546,-3.022511,,,,,,
109460,,,,,,,,,0.357077,-4.567039,,,30.645250,10.227077,0.206957,0.122600,,,,,,,,,,,,
109469,,,,,,,,,0.329610,-3.914605,,,31.230341,10.238690,0.201727,0.122517,,,,0.345468,-0.266138,-3.064089,,,,,,
109477,,,,,,,,,,,,,,,,,,,,0.342336,-0.266560,-3.108403,,,,,,
109480,,,,,,,,,0.357077,-4.567039,,,31.722637,10.248463,0.197327,0.122451,,,,,,,,,,,,
109484,,,,,,,,,,,,,,,,,,,,0.339007,-0.266965,3.133286,,,,,,
109490,,,,,,,,,0.357077,-4.567039,,,32.136856,10.256685,0.193624,0.122398,,,,,,,,,,,,
109494,0.338813,-0.266853,3.131576,0.342274,-0.249507,3.055669,0.431919,-3.755346,,,37.026691,14.958731,,,,,-0.003287,-0.017379,-0.075907,,,,,,,,,
109498,,,,,,,,,0.357077,-4.567039,,,32.485378,10.263603,0.217961,0.168820,,,,0.335373,-0.267131,3.091770,,,,,,
109506,,,,,,,,,,,,,,,,,,,,0.331521,-0.267171,3.050236,,,,,,
109510,,,,,,,,,0.384545,-3.914605,,,32.778625,10.813967,0.215878,0.164145,,,,,,,,,,,,
109520,,,,,,,,,0.357077,-4.567039,,,33.569904,10.732500,0.208657,0.165805,,,,0.327840,-0.267064,3.003105,,,,,,
109528,,,,,,,,,0.439480,-3.914605,,,33.691147,11.753040,0.208111,0.156241,,,,0.324042,-0.266788,2.964245,,,,,,
109535,,,,,,,,,,,,,,,,,,,,0.319939,-0.266261,2.922521,,,,,,
109540,,,,,,,,,0.384545,-3.914605,,,33.793159,12.067180,0.207738,0.153678,,,,,,,,,,,,
109544,0.319919,-0.266136,2.923641,0.318712,-0.245572,2.903033,0.459720,-3.314670,,,39.473122,21.143810,,,,,0.005625,-0.019816,-0.020607,,,,,,,,,
109550,,,,,,,,,0.439480,-3.914605,,,34.423534,12.876040,0.226908,0.209094,,,,0.315783,-0.265699,2.886276,,,,,,
109557,,,,,,,,,,,,,,,,,,,,0.311151,-0.264881,2.844318,,,,,,
109560,,,,,,,,,0.439480,-3.914605,,,34.953934,13.556614,0.222508,0.203805,,,,,,,,,,,,
109565,,,,,,,,,,,,,,,,,,,,0.306713,-0.263886,2.807744,,,,,,
109570,,,,,,,,,0.521882,-3.262171,,,35.400211,14.673793,0.218860,0.193927,,,,,,,,,,,,
109580,,,,,,,,,0.494415,-3.914605,,,36.320251,16.158329,0.210290,0.180079,,,,0.302291,-0.262586,2.771133,,,,,,
109587,,,,,,,,,,,,,,,,,,,,0.297898,-0.261179,2.734641,,,,,,
109590,,,,,,,,,0.466947,-3.262170,,,37.094372,16.862875,0.203025,0.173890,,,,,,,,,,,,
109594,0.297875,-0.261013,2.736817,0.293893,-0.237764,2.776730,0.498238,-2.786433,,,41.579308,27.859661,,,,,0.012816,-0.019802,0.039913,0.293192,-0.259510,2.700627,,,,,,
109600,,,,,,,,,0.494415,-2.609737,,,37.201176,18.000223,0.223894,0.231647,,,,,,,,,,,,
109609,,,,,,,,,0.549350,-2.609737,,,37.835583,19.501732,0.218299,0.218303,,,,0.288526,-0.257504,2.669294,,,,,,
109617,,,,,,,,,,,,,,,,,,,,0.283810,-0.255371,2.637922,,,,,,
109620,,,,,,,,,0.576817,-3.262172,,,38.369373,20.765100,0.213603,0.207089,,,,,,,,,,,,
109625,,,,,,,,,,,,,,,,,,,,0.279053,-0.253226,2.609209,,,,,,
109630,,,,,,,,,0.549350,-2.609737,,,38.818504,21.828098,0.209664,0.197665,,,,,,,,,,,,
109639,,,,,,,,,0.576817,-1.957303,,,39.196404,23.267048,0.206361,0.184194,,,,0.274360,-0.250675,2.583329,,,,,,
109644,0.274162,-0.250473,2.587999,0.267913,-0.226207,2.674525,0.544140,-2.274021,,,43.612507,34.316814,,,,,0.018073,-0.017356,0.086526,0.269470,-0.247796,2.557372,,,,,,
109650,,,,,,,,,0.521882,-1.957302,,,39.514366,23.933237,0.224333,0.244180,,,,,,,,,,,,
109660,,,,,,,,,0.604285,-2.609737,,,40.326447,25.038311,0.216870,0.234985,,,,0.264592,-0.244923,2.534316,,,,,,
109668,,,,,,,,,0.659220,-1.304869,,,40.465187,26.512663,0.216112,0.221803,,,,0.259779,-0.241688,2.516712,,,,,,
109677,,,,,,,,,,,,,,,,,,,,0.255064,-0.238350,2.493594,,,,,,
109680,,,,,,,,,0.549350,-1.304868,,,40.581921,27.753183,0.215551,0.210710,,,,,,,,,,,,
109690,,,,,,,,,0.604285,-1.304869,,,41.769226,28.796957,0.204046,0.201376,,,,0.250261,-0.234696,2.476053,,,,,,
109694,0.250160,-0.234610,2.479973,0.240877,-0.211082,2.592789,0.594144,-1.826677,,,45.838501,40.208271,,,,,0.021779,-0.012860,0.112816,,,,,,,,,
109698,,,,,,,,,0.686687,-0.652435,,,41.134598,30.219730,0.233593,0.248061,,,,0.245299,-0.230913,2.461283,,,,,,
109705,,,,,,,,,,,,,,,,,,,,0.240124,-0.226910,2.446636,,,,,,
109710,,,,,,,,,0.604285,-1.304869,,,41.145164,31.416853,0.234426,0.237848,,,,,,,,,,,,
109720,,,,,,,,,0.714154,-1.304868,,,41.698597,32.968655,0.229720,0.223778,,,,0.235009,-0.222886,2.431901,,,,,,
109727,,,,,,,,,,,,,,,,,,,,0.230200,-0.218783,2.422929,,,,,,
109730,,,,,,,,,0.686687,-0.652435,,,42.708797,34.274342,0.220244,0.211908,,,,,,,,,,,,
109736,,,,,,,,,,,,,,,,,,,,0.225317,-0.214459,2.411315,,,,,,
109740,,,,,,,,,0.659220,-1.304869,,,43.014240,34.828400,0.217754,0.207443,,,,,,,,,,,,
109744,0.225276,-0.214380,2.411603,0.212890,-0.192628,2.527872,0.645373,-1.455098,,,48.284809,45.193302,,,,,0.023735,-0.007949,0.116270,,,,,,,,,
109749,,,,,,,,,0.714154,-1.304868,,,43.271236,35.839130,0.240650,0.249057,,,,0.220262,-0.209772,2.402309,,,,,,
109757,,,,,,,,,,,,,,,,,,,,0.215470,-0.205181,2.396485,,,,,,
109760,,,,,,,,,0.714155,0.000000,,,44.032017,37.234100,0.233893,0.236699,,,,,,,,,,,,
109764,,,,,,,,,,,,,,,,,,,,0.210525,-0.200424,2.390666,,,,,,
109770,,,,,,,,,0.714155,0.000000,,,44.127594,38.407829,0.233769,0.226319,,,,,,,,,,,,
109779,,,,,,,,,0.741622,-0.652433,,,44.752556,39.395405,0.228225,0.217603,,,,0.205741,-0.195790,2.381799,,,,,,
109787,,,,,,,,,,,,,,,,,,,,0.200551,-0.190583,2.378749,,,,,,
109790,,,,,,,,,0.741622,-0.652433,,,45.278400,40.226349,0.223568,0.210287,,,,,,,,,,,,
109794,0.200341,-0.190467,2.378767,0.184062,-0.171137,2.476669,0.695427,-1.151942,,,51.237000,49.407658,,,,,0.025125,-0.002725,0.097901,0.195349,-0.185584,2.372813,,,,,,
109800,,,,,,,,,0.741622,0.652433,,,45.176304,40.925507,0.255323,0.247135,,,,,,,,,,,,
109809,,,,,,,,,0.769089,-1.304867,,,46.179485,42.058319,0.246303,0.237277,,,,0.190136,-0.180491,2.366839,,,,,,
109816,,,,,,,,,,,,,,,,,,,,0.184983,-0.175397,2.357947,,,,,,
109820,,,,,,,,,0.769089,0.000000,,,46.479019,42.466927,0.244259,0.234579,,,,,,,,,,,,
109824,,,,,,,,,,,,,,,,,,,,0.179775,-0.170032,2.354920,,,,,,
109830,,,,,,,,,0.796557,-0.652434,,,47.275589,43.355270,0.237086,0.226906,,,,,,,,,,,,
109839,,,,,,,,,0.769089,-1.304867,,,47.401279,44.102722,0.236596,0.220492,,,,0.174750,-0.164870,2.351965,,,,,,
109844,0.174632,-0.164720,2.348740,0.154508,-0.146946,2.436722,0.742342,-0.904389,,,54.048347,53.451801,,,,,0.026785,0.001862,0.087982,0.169421,-0.159334,2.348941,,,,,,
109850,,,,,,,,,0.769089,0.000000,,,47.507034,44.731628,0.264960,0.256389,,,,,,,,,,,,
109860,,,,,,,,,0.796557,0.652434,,,48.140560,45.260792,0.259807,0.252735,,,,0.163862,-0.153412,2.342919,,,,,,
109868,,,,,,,,,0.796557,-0.652434,,,48.673607,45.706028,0.255551,0.249832,,,,0.158341,-0.147626,2.336882,,,,,,
109876,,,,,,,,,,,,,,,,,,,,0.152700,-0.141804,2.333885,,,,,,
109880,,,,,,,,,0.851492,-0.652435,,,49.666656,46.625195,0.246497,0.242006,,,,,,,,,,,,
109890,,,,,,,,,,,,,50.502209,46.854038,0.238851,0.241037,,,,0.147242,-0.135968,2.327872,,,,,,
109897,0.147073,-0.135797,2.326885,0.124345,-0.120438,2.406170,0.784522,-0.699674,0.824024,-1.304869,56.211662,56.602043,,,,,0.026767,0.005997,0.079285,0.141430,-0.129675,2.324861,,,,,,
109900,,,,,,,,,0.604285,0.000000,,,48.482525,45.957500,0.282226,0.283634,,,,,,,,,,,,
109906,,,,,,,,,,,,,,,,,,,,0.135609,-0.123381,2.321809,,,,,,
109910,,,,,,,,,0.851492,-0.652435,,,48.961338,46.836784,0.278888,0.276794,,,,,,,,,,,,
109919,,,,,,,,,0.878959,0.000000,,,49.908756,48.121155,0.270675,0.265646,,,,0.129719,-0.117067,2.321729,,,,,,
109927,,,,,,,,,,,,,,,,,,,,0.123683,-0.110669,2.315689,,,,,,
109930,,,,,,,,,0.906427,0.652435,,,51.250454,49.201824,0.258250,0.256320,,,,,,,,,,,,
109936,,,,,,,,,,,,,,,,,,,,0.118077,-0.104478,2.312716,,,,,,
109940,,,,,,,,,0.878959,0.000000,,,51.834816,50.111099,0.253282,0.248525,,,,,,,,,,,,
109944,0.117983,-0.104421,2.313904,0.093691,-0.092031,2.383651,0.820688,-0.526874,,,57.814045,58.899475,,,,,0.025559,0.009506,0.069746,,,,,,,,,
109949,,,,,,,,,0.906427,-1.957303,,,52.871040,50.876163,0.259932,0.265453,,,,0.112268,-0.098108,2.309743,,,,,,
109957,,,,,,,,,,,,,,,,,,,,0.106567,-0.091937,2.306786,,,,,,
109960,,,,,,,,,0.906427,0.652435,,,53.198376,52.064430,0.257582,0.254938,,,,,,,,,,,,
109970,,,,,,,,,0.851492,0.652435,,,53.473797,52.519695,0.255696,0.251661,,,,0.100560,-0.085210,2.306731,,,,,,
109978,,,,,,,,,0.933894,-1.304869,,,54.250080,52.902756,0.248645,0.249030,,,,0.094288,-0.078138,2.303677,,,,,,
109987,,,,,,,,,,,,,,,,,,,,0.087909,-0.071072,2.300557,,,,,,
109990,,,,,,,,,0.906427,0.652435,,,54.903244,53.769608,0.242696,0.241387,,,,,,,,,,,,
109997,0.087824,-0.071103,2.304411,0.062667,-0.062172,2.368196,0.849828,-0.377110,,,58.720818,60.498005,,,,,0.023478,0.012706,0.063785,0.081818,-0.064116,2.297490,,,,,,
110000,,,,,,,,,0.741622,-0.652433,,,53.274643,52.320805,0.269139,0.273496,,,,,,,,,,,,
110009,,,,,,,,,0.906427,0.652435,,,54.082512,52.735409,0.261988,0.270903,,,,0.075702,-0.057218,2.297524,,,,,,
110017,,,,,,,,,,,,,,,,,,,,0.069675,-0.050465,2.297584,,,,,,
110020,,,,,,,,,0.933894,0.000000,,,54.762253,54.173344,0.255982,0.257788,,,,,,,,,,,,
110030,,,,,,,,,0.961362,0.652434,,,55.334187,54.838680,0.250940,0.252267,,,,0.063771,-0.043651,2.294603,,,,,,
110039,,,,,,,,,0.933894,-1.304869,,,56.359955,55.398495,0.241155,0.247688,,,,0.057579,-0.036562,2.291566,,,,,,
110044,0.057577,-0.036476,2.287171,0.031395,-0.031333,2.359165,0.871178,-0.243204,,,58.670151,61.797894,,,,,0.021072,0.016369,0.071994,0.051315,-0.029414,2.294602,,,,,,
110050,,,,,,,,,,,,,56.678493,56.414062,0.237861,0.251608,,,,,,,,,,,,
110055,,,,,,,,,0.961362,0.652434,,,,,,,,,,,,,,,,,,
110060,,,,,,,,,0.988829,0.000000,,,56.946510,56.724018,0.235526,0.249524,,,,0.045278,-0.022320,2.294602,,,,,,
110068,,,,,,,,,0.878959,0.000000,,,57.172020,56.984818,0.233570,0.247878,,,,0.038843,-0.015047,2.297616,,,,,,
110076,,,,,,,,,,,,,,,,,,,,0.032785,-0.008067,2.294602,,,,,,
110080,,,,,,,,,0.961362,0.652434,,,57.361763,57.748795,0.231934,0.241048,,,,,,,,,,,,
110090,,,,,,,,,0.961362,-0.652434,,,57.521416,57.847061,0.230568,0.240856,,,,0.026348,-0.000459,2.297653,,,,,,
110098,0.026359,-0.000405,2.294037,0.000000,-0.000000,2.356195,0.884200,-0.119218,,,58.454922,61.840210,57.655746,58.474289,0.227232,0.235680,0.017749,0.019492,0.062158,0.019958,0.006633,2.300594,,,,,,
110101,,,,,,,,,0.961362,1.957303,,,,,,,,,,,,,,,,,,
110105,,,,,,,,,,,,,,,,,,,,0.013588,0.013829,2.303624,,,,,,
110110,,,,,,,,,0.906427,0.652435,,,57.224228,58.457493,0.231793,0.236524,,,,,,,,,,,,
110119,,,,,,,,,0.933894,-1.304869,,,57.950237,58.443363,0.224634,0.237345,,,,0.007146,0.021142,2.306579,,,,,,
110126,,,,,,,,,,,,,,,,,,,,0.000886,0.028417,2.309679,,,,,,
110130,,,,,,,,,0.961362,0.652434,,,57.472012,58.976017,0.229613,0.232591,,,,,,,,,,,,
110140,,,,,,,,,0.906427,1.957303,,,57.069633,59.424191,0.233914,0.228593,,,,-0.005364,0.035592,2.312667,,,,,,
110144,-0.005339,0.035313,2.319310,-0.031395,0.031333,2.359165,0.888577,-0.000000,,,58.235397,61.082874,,,,,0.014817,0.021800,0.039855,,,,,,,,,
110147,,,,,,,,,,,,,,,,,,,,-0.011886,0.043021,2.318643,,,,,,
110150,,,,,,,,,0.906427,-0.652435,,,57.275616,58.712196,0.229851,0.228614,,,,,,,,,,,,
110156,,,,,,,,,,,,,,,,,,,,-0.018379,0.050236,2.321706,,,,,,
110160,,,,,,,,,0.988829,0.000000,,,57.448929,59.202213,0.228275,0.224089,,,,,,,,,,,,
110168,,,,,,,,,0.933894,0.000000,,,57.594757,59.069969,0.226945,0.225815,,,,-0.024565,0.057174,2.324684,,,,,,
110176,,,,,,,,,,,,,,,,,,,,-0.031099,0.064172,2.330711,,,,,,
110180,,,,,,,,,0.906427,0.652435,,,57.717457,58.958698,0.225821,0.227352,,,,,,,,,,,,
110190,,,,,,,,,0.906427,0.652435,,,57.820694,58.865074,0.224872,0.228732,,,,-0.037351,0.070783,2.330698,,,,,,
110194,-0.037294,0.070555,2.332476,-0.062667,0.062172,2.368196,0.884200,0.119218,,,56.798317,60.093910,,,,,0.011445,0.024147,0.035719,,,,,,,,,
110198,,,,,,,,,0.988829,0.000000,,,57.363014,58.786301,0.214965,0.219891,,,,-0.043719,0.077576,2.333884,,,,,,
110208,,,,,,,,,0.906427,0.652435,,,57.522469,58.720020,0.213225,0.220829,,,,-0.043719,0.077576,2.333884,,,,,,
110217,,,,,,,,,,,,,,,,,,,,-0.050164,0.084457,2.333781,,,,,,
110220,,,,,,,,,0.878959,0.000000,,,57.112087,58.664253,0.217266,0.221673,,,,,,,,,,,,
110224,,,,,,,,,,,,,,,,,,,,-0.056687,0.091452,2.333849,,,,,,
110230,,,,,,,,,0.933894,0.000000,,,56.766792,58.072784,0.220726,0.227992,,,,-0.063288,0.098431,2.339724,,,,,,
110239,,,,,,,,,0.878959,0.000000,,,56.476261,58.119667,0.223695,0.227918,,,,-0.069684,0.105298,2.342686,,,,,,
110244,-0.069513,0.105049,2.341828,-0.093691,0.092031,2.383651,0.871178,0.243204,,,54.360527,58.667130,,,,,0.007512,0.026412,0.041823,,,,,,,,,
110247,,,,,,,,,,,,,,,,,,,,-0.075970,0.112273,2.345620,,,,,,
110250,,,,,,,,,0.851492,0.652435,,,56.231812,57.614571,0.201388,0.218911,,,,,,,,,,,,
110256,,,,,,,,,,,,,,,,,,,,-0.082367,0.118893,2.345680,,,,,,
110260,,,,,,,,,0.933894,0.000000,,,56.570675,57.734127,0.197557,0.217902,,,,,,,,,,,,
110268,,,,,,,,,0.933894,1.304869,,,55.766705,57.834721,0.205316,0.217063,,,,-0.089116,0.125605,2.345698,,,,,,
110276,,,,,,,,,,,,,,,,,,,,-0.095369,0.132086,2.348699,,,,,,
110280,,,,,,,,,0.851492,0.652435,,,55.634789,57.919361,0.206380,0.216366,,,,,,,,,,,,
110284,,,,,,,,,,,,,,,,,,,,-0.101744,0.138540,2.351605,,,,,,
110290,,,,,,,,,0.933894,0.000000,,,55.523796,57.446033,0.207257,0.221343,,,,,,,,,,,,
110294,-0.101772,0.138537,2.350784,-0.124345,0.120438,2.406170,0.849828,0.377110,,,51.014900,56.742470,,,,,0.003008,0.028776,0.055386,,,,,,,,,
110299,,,,,,,,,0.851492,-0.652435,,,55.430405,57.047775,0.173852,0.206018,,,,-0.108012,0.144834,2.354679,,,,,,
110307,,,,,,,,,,,,,,,,,,,,-0.114099,0.151135,2.363704,,,,,,
110310,,,,,,,,,0.851492,1.957303,,,54.807281,57.257225,0.179325,0.203821,,,,,,,,,,,,
110317,,,,,,,,,,,,,,,,,,,,-0.120152,0.157389,2.366773,,,,,,
110320,,,,,,,,,0.878959,1.304869,,,54.282986,56.888912,0.183914,0.207475,,,,,,,,,,,,
110329,,,,,,,,,0.851492,-0.652435,,,53.841843,56.579014,0.187760,0.210606,,,,-0.126159,0.163600,2.375835,,,,,,
110337,,,,,,,,,,,,,,,,,,,,-0.132447,0.169779,2.381778,,,,,,
110340,,,,,,,,,0.824024,1.304869,,,53.470665,56.318268,0.190980,0.213299,,,,,,,,,,,,
110344,-0.132377,0.169541,2.384648,-0.154508,0.146946,2.436722,0.820688,0.526874,,,48.239506,54.529194,,,,,0.000572,0.031623,0.052073,-0.138647,0.175840,2.393599,,,,,,
110350,,,,,,,,,0.851492,0.652435,,,52.613815,56.098873,0.170920,0.193046,,,,,,,,,,,,
110359,,,,,,,,,0.851492,1.957303,,,51.892860,55.914276,0.177399,0.194615,,,,-0.144988,0.182175,2.402416,,,,,,
110366,,,,,,,,,,,,,,,,,,,,-0.151391,0.188357,2.414207,,,,,,
110370,,,,,,,,,0.796557,0.652434,,,51.286251,55.758957,0.182856,0.195922,,,,,,,,,,,,
110374,,,,,,,,,,,,,,,,,,,,-0.157753,0.194501,2.423041,,,,,,
110380,,,,,,,,,0.769089,1.304867,,,50.775848,55.083725,0.187453,0.202564,,,,,,,,,,,,
110388,,,,,,,,,0.796557,1.957302,,,49.801853,55.060131,0.196880,0.202693,,,,-0.164220,0.200419,2.437634,,,,,,
110394,-0.164079,0.200011,2.441393,-0.184062,0.171137,2.476669,0.784522,0.699674,,,44.919544,51.214764,,,,,-0.003324,0.034956,0.035275,-0.170525,0.206290,2.449345,,,,,,
110400,,,,,,,,,0.824024,0.000000,,,49.526878,54.495735,0.165509,0.174537,,,,,,,,,,,,
110410,,,,,,,,,0.769089,1.304867,,,49.295513,54.020851,0.166947,0.178724,,,,,,,,,,,,
110420,,,,,,,,,0.796557,1.957302,,,48.556301,53.621284,0.173612,0.182239,,,,,,,,,,,,
110426,,,,,,,,,,,,,,,,,,,,-0.189752,0.222637,2.481625,,,,,,
110430,,,,,,,,,0.741622,0.652433,,,47.934326,53.285088,0.179229,0.185187,,,,,,,,,,,,
110440,,,,,,,,,0.741622,0.652433,,,47.410999,52.457672,0.183964,0.193212,,,,-0.196293,0.228024,2.490270,,,,,,
110444,-0.196005,0.227636,2.488902,-0.212890,0.192628,2.527872,0.742342,0.904389,,,40.415245,47.893280,,,,,-0.007847,0.038067,0.038970,,,,,,,,,
110448,,,,,,,,,0.824024,1.304869,,,47.515213,52.306026,0.136459,0.160631,,,,-0.202647,0.232961,2.501745,,,,,,
110455,,,,,,,,,,,,,,,,,,,,-0.209126,0.237971,2.510420,,,,,,
110460,,,,,,,,,0.686687,0.652435,,,46.513813,51.633888,0.145253,0.166605,,,,,,,,,,,,
110470,,,,,,,,,0.741622,0.652433,,,45.671234,51.068352,0.152627,0.171625,,,,-0.215651,0.242897,2.519005,,,,,,
110477,,,,,,,,,,,,,,,,,,,,-0.222152,0.247578,2.527473,,,,,,
110480,,,,,,,,,0.714154,1.304868,,,45.506832,50.047966,0.153253,0.181398,,,,,,,,,,,,
110485,,,,,,,,,,,,,,,,,,,,-0.228786,0.252264,2.538379,,,,,,
110490,,,,,,,,,0.714154,1.304868,,,44.279419,49.733955,0.164754,0.184170,,,,,,,,,,,,
110494,-0.228472,0.251942,2.539700,-0.240877,0.211082,2.592789,0.695427,1.151942,,,35.128933,44.415195,,,,,-0.012910,0.040703,0.053090,,,,,,,,,
110499,,,,,,,,,0.714154,1.304868,,,44.335758,49.469749,0.109487,0.151020,,,,-0.235226,0.256764,2.546757,,,,,,
110507,,,,,,,,,,,,,,,,,,,,-0.241206,0.260651,2.558352,,,,,,
110510,,,,,,,,,0.659220,1.304869,,,43.294075,49.247444,0.118270,0.152277,,,,,,,,,,,,
110520,,,,,,,,,0.714154,1.304868,,,42.962147,48.515854,0.120023,0.158773,,,,-0.246758,0.264572,2.570180,,,,,,
110529,,,,,,,,,0.604285,1.304869,,,41.593777,47.900295,0.132414,0.164231,,,,-0.252176,0.268253,2.581836,,,,,,
110537,,,,,,,,,,,,,,,,,,,,-0.257820,0.271873,2.596366,,,,,,
110540,,,,,,,,,0.659220,1.304869,,,40.986973,47.382362,0.137310,0.168817,,,,,,,,,,,,
110544,-0.257686,0.271693,2.597084,-0.267913,0.226207,2.674525,0.645373,1.455098,,,30.192865,41.904125,,,,,-0.014814,0.044205,0.077442,-0.263322,0.275242,2.610953,,,,,,
110550,,,,,,,,,0.604285,1.304869,,,39.931866,46.402031,0.096553,0.152610,,,,,,,,,,,,
110559,,,,,,,,,0.604285,2.609737,,,38.499554,46.121723,0.109215,0.154570,,,,-0.269045,0.278639,2.627887,,,,,,
110566,,,,,,,,,,,,,,,,,,,,-0.274744,0.281832,2.642007,,,,,,
110570,,,,,,,,,0.604285,1.304869,,,37.838951,45.341331,0.114291,0.161686,,,,,,,,,,,,
110580,,,,,,,,,0.604285,1.304869,,,36.738579,44.684708,0.123986,0.167696,,,,-0.280324,0.284834,2.658868,,,,,,
110588,,,,,,,,,0.576817,3.262172,,,35.812725,44.676769,0.132121,0.167221,,,,-0.286022,0.287870,2.675908,,,,,,
110594,-0.285803,0.287608,2.682978,-0.293893,0.237764,2.776730,0.594144,1.826677,,,25.789587,39.820549,,,,,-0.014812,0.048275,0.093752,-0.291359,0.290639,2.698617,,,,,,
110600,,,,,,,,,0.631752,1.957303,,,35.033710,44.125546,0.094029,0.151037,,,,,,,,,,,,
110610,,,,,,,,,0.549350,2.609737,,,34.378250,43.661747,0.098866,0.154906,,,,-0.296311,0.293131,2.718439,,,,,,
110618,,,,,,,,,0.521882,1.957302,,,33.282200,43.271507,0.108328,0.158118,,,,-0.301117,0.295364,2.744157,,,,,,
110625,,,,,,,,,,,,,,,,,,,,-0.306144,0.297421,2.763996,,,,,,
110630,,,,,,,,,0.549350,2.609737,,,32.359985,42.943157,0.116236,0.160777,,,,,,,,,,,,
110639,,,,,,,,,0.549350,2.609737,,,31.584034,42.666885,0.122837,0.162971,,,,-0.311009,0.299461,2.789363,,,,,,
110644,-0.311021,0.299354,2.791383,-0.318712,0.245572,2.903033,0.544140,2.274021,,,22.284639,38.993572,,,,,-0.011228,0.053156,0.111650,,,,,,,,,
110647,,,,,,,,,,,,,,,,,,,,-0.315839,0.301325,2.814753,,,,,,
110650,,,,,,,,,0.549350,2.609737,,,30.931149,42.434429,0.092587,0.156338,,,,,,,,,,,,
110656,,,,,,,,,,,,,,,,,,,,-0.320633,0.302996,2.840019,,,,,,
110660,,,,,,,,,0.521882,3.262171,,,29.837267,41.694298,0.102015,0.163199,,,,,,,,,,,,
110670,,,,,,,,,0.521882,1.957302,,,28.916874,41.616096,0.109892,0.163456,,,,-0.325496,0.304653,2.865314,,,,,,
110678,,,,,,,,,0.494415,2.609737,,,28.142456,41.005753,0.116465,0.169157,,,,-0.330486,0.306227,2.893349,,,,,,
110686,,,,,,,,,,,,,,,,,,,,-0.335150,0.307677,2.921328,,,,,,
110690,,,,,,,,,0.494415,3.914605,,,27.490862,41.036755,0.121940,0.168439,,,,,,,,,,,,
110694,-0.335132,0.307507,2.926846,-0.342274,0.249507,3.055669,0.498238,2.786433,,,19.557720,39.178806,,,,,-0.005382,0.058190,0.128823,,,,,,,,,
110700,,,,,,,,,0.521882,3.262171,,,26.942610,41.062840,0.098676,0.169653,,,,-0.339927,0.308940,2.954767,,,,,,
110708,,,,,,,,,,,,,26.481310,40.540241,0.101904,0.174607,,,,-0.344611,0.309976,2.982611,,,,,,
110711,,,,,,,,,0.521882,1.957302,,,,,,,,,,,,,,,,,,
110715,,,,,,,,,,,,,,,,,,,,-0.349340,0.310862,3.013329,,,,,,
110720,,,,,,,,,0.494415,3.914605,,,26.093172,40.645073,0.104479,0.173265,,,,,,,,,,,,
110729,,,,,,,,,0.521882,3.262171,,,25.222052,40.733276,0.112057,0.172072,,,,-0.353853,0.311644,3.043874,,,,,,
110737,,,,,,,,,,,,,,,,,,,,-0.358344,0.312213,3.077168,,,,,,
110740,,,,,,,,,0.494415,3.914605,,,25.033632,40.807491,0.112846,0.171005,,,,,,,,,,,,
110744,-0.358456,0.312067,3.080975,-0.364484,0.249507,-3.050123,0.459720,3.314670,,,17.650570,40.404037,,,,,0.002227,0.062810,0.152087,-0.362633,0.312707,3.110545,,,,,,
110750,,,,,,,,,0.521882,4.567040,,,24.330555,40.869938,0.099469,0.182539,,,,,,,,,,,,
110759,,,,,,,,,0.494415,2.609737,,,24.283527,40.922478,0.098613,0.181910,,,,-0.366954,0.313122,-3.136478,,,,,,
110766,,,,,,,,,,,,,,,,,,,,-0.371132,0.313436,-3.097480,,,,,,
110770,,,,,,,,,0.494415,3.914605,,,23.699415,40.966686,0.103244,0.181356,,,,,,,,,,,,
110780,,,,,,,,,0.466947,4.567039,,,23.207945,41.003883,0.107048,0.180864,,,,-0.375537,0.313517,-3.061358,,,,,,
110787,,,,,,,,,,,,,,,,,,,,-0.380306,0.313360,-3.022614,,,,,,
110790,,,,,,,,,0.439480,3.914605,,,21.705334,40.490639,0.121263,0.185979,,,,,,,,,,,,
110797,-0.380315,0.313185,-3.021263,-0.385257,0.245572,-2.855680,0.431919,3.755346,,,17.705429,42.871067,,,,,0.013022,0.066531,0.165583,-0.384894,0.313134,-2.983818,,,,,,
110800,,,,,,,,,0.466947,3.262170,,,21.530125,40.058792,0.122799,0.215530,,,,,,,,,,,,
110810,,,,,,,,,0.521882,4.567040,,,20.838160,40.784523,0.129092,0.208690,,,,-0.389791,0.312523,-2.942214,,,,,,
110818,,,,,,,,,0.466947,4.567039,,,20.800484,40.850613,0.128849,0.208433,,,,-0.394498,0.311783,-2.903299,,,,,,
110825,,,,,,,,,,,,,,,,,,,,-0.399093,0.310851,-2.858596,,,,,,
110830,,,,,,,,,0.494415,3.914605,,,20.224239,40.906219,0.134108,0.208270,,,,,,,,,,,,
110839,,,,,,,,,0.466947,4.567039,,,20.283932,40.953007,0.132995,0.208186,,,,-0.403602,0.309814,-2.816561,,,,,,
110844,-0.403555,0.309645,-2.814579,-0.404508,0.237764,-2.657573,0.417452,3.975972,,,19.548223,45.487030,,,,,0.023992,0.067766,0.157006,,,,,,,,,
110847,,,,,,,,,,,,,,,,,,,,-0.408510,0.308470,-2.774482,,,,,,
110850,,,,,,,,,0.521882,4.567040,,,20.334156,40.992374,0.150764,0.234851,,,,,,,,,,,,
110855,,,,,,,,,,,,,,,,,,,,-0.413249,0.306951,-2.729368,,,,,,
110860,,,,,,,,,0.494415,3.914605,,,20.376415,41.570042,0.150176,0.229857,,,,,,,,,,,,
110869,,,,,,,,,0.494415,5.219474,,,19.867430,42.056091,0.155202,0.225683,,,,-0.417801,0.305316,-2.686852,,,,,,
110876,,,,,,,,,,,,,,,,,,,,-0.422372,0.303415,-2.641245,,,,,,
110880,,,,,,,,,0.549350,3.914606,,,20.528255,42.465054,0.148397,0.222198,,,,,,,,,,,,
110890,,,,,,,,,0.549350,5.219473,,,20.539730,42.809155,0.148084,0.219292,,,,-0.427026,0.301177,-2.592526,,,,,,
110900,-0.427127,0.300876,-2.589264,-0.422164,0.226207,-2.470140,0.417245,3.898387,0.412012,3.262171,23.463963,47.982376,20.004843,42.009590,0.193282,0.253436,0.034952,0.066170,0.119124,-0.431849,0.298609,-2.549384,,,,,,
110906,,,,,,,,,,,,,,,,,,,,-0.436403,0.295958,-2.502895,,,,,,
110910,,,,,,,,,0.521882,3.262171,,,20.643875,41.881382,0.187456,0.255938,,,,,,,,,,,,
110920,,,,,,,,,0.576817,4.567039,,,21.181557,43.407135,0.182536,0.241596,,,,-0.440855,0.293243,-2.458937,,,,,,
110928,,,,,,,,,0.604285,5.219473,,,21.633961,43.601818,0.178378,0.240525,,,,-0.445255,0.290260,-2.408679,,,,,,
110935,,,,,,,,,,,,,,,,,,,,-0.449873,0.286963,-2.363974,,,,,,
110940,,,,,,,,,0.604285,3.914605,,,22.559156,44.854713,0.169307,0.228622,,,,,,,,,,,,
110944,-0.449979,0.286592,-2.366460,-0.438153,0.211082,-2.303106,0.430019,3.565917,,,28.643539,49.973186,,,,,0.044395,0.062214,0.063354,,,,,,,,,
110949,,,,,,,,,0.576817,4.567039,,,22.793074,45.364353,0.219934,0.244355,,,,-0.454436,0.283199,-2.315880,,,,,,
110957,,,,,,,,,,,,,,,,,,,,-0.459026,0.278775,-2.273417,,,,,,
110960,,,,,,,,,0.631752,4.567039,,,23.534435,46.337708,0.213542,0.235349,,,,,,,,,,,,
110965,,,,,,,,,,,,,,,,,,,,-0.463310,0.274456,-2.227401,,,,,,
110970,,,,,,,,,0.659220,3.914604,,,24.158216,47.156689,0.208201,0.227722,,,,,,,,,,,,
110979,,,,,,,,,0.631752,3.262170,,,25.772152,47.301235,0.192636,0.226811,,,,-0.467145,0.270206,-2.183858,,,,,,
110987,,,,,,,,,,,,,,,,,,,,-0.471054,0.265656,-2.143078,,,,,,
110990,,,,,,,,,0.659220,3.914604,,,26.041031,47.967400,0.190468,0.220551,,,,,,,,,,,,
110997,-0.471058,0.265290,-2.145405,-0.452414,0.192628,-2.159700,0.452737,3.105463,,,34.236404,50.958492,,,,,0.050860,0.055142,-0.014295,-0.475038,0.260629,-2.108221,,,,,,
111000,,,,,,,,,0.549350,2.609737,,,26.811810,46.894283,0.240173,0.241948,,,,,,,,,,,,
111008,,,,,,,,,,,,,28.004885,47.624992,0.229489,0.235307,,,,-0.478813,0.255349,-2.069843,,,,,,
111011,,,,,,,,,0.714154,2.609737,,,,,,,,,,,,,,,,,,
111016,,,,,,,,,,,,,,,,,,,,-0.482437,0.249806,-2.034209,,,,,,
111020,,,,,,,,,0.686687,3.262170,,,29.008738,48.239811,0.220496,0.229703,,,,,,,,,,,,
111030,,,,,,,,,0.741622,4.567040,,,30.397923,49.301662,0.207372,0.219416,,,,-0.485648,0.244277,-2.001504,,,,,,
111038,,,,,,,,,0.686687,1.957303,,,31.022240,49.106018,0.201771,0.221743,,,,-0.488899,0.238600,-1.968425,,,,,,
111044,-0.488833,0.238339,-1.975069,-0.464888,0.171137,-2.038431,0.481637,2.636673,,,38.426655,51.113056,,,,,0.052366,0.048448,-0.063362,-0.491965,0.232582,-1.941729,,,,,,
111050,,,,,,,,,0.659220,2.609737,,,32.092083,49.485943,0.234242,0.219814,,,,,,,,,,,,
111067,,,,,,,,,0.054935,0.000000,,,32.447708,47.082897,0.231882,0.244651,,,,-0.494767,0.226060,-1.914775,,,,,,
111070,,,,,,,,,0.686687,0.652435,,,28.935127,41.249172,0.268906,0.304961,,,,,,,,,,,,
111080,,,,,,,,,0.769089,1.304867,,,30.880531,43.419739,0.250961,0.284794,,,,,,,,,,,,
111090,,,,,,,,,0.824024,2.609737,,,33.061935,45.246056,0.230220,0.267704,,,,-0.501756,0.206333,-1.846245,,,,,,
111094,-0.501822,0.205759,-1.846110,-0.475528,0.146946,-1.935660,0.513114,2.226778,,,41.104118,50.593704,,,,,0.049450,0.041292,-0.089550,,,,,,,,,
111097,,,,,,,,,,,,,,,,,,,,-0.503746,0.199817,-1.825347,,,,,,
111100,,,,,,,,,0.741622,1.957302,,,34.897369,46.782715,0.239882,0.247906,,,,,,,,,,,,
111105,,,,,,,,,,,,,,,,,,,,-0.506020,0.192659,-1.807809,,,,,,
111110,,,,,,,,,0.769089,2.609737,,,35.897160,47.531116,0.230925,0.241035,,,,,,,,,,,,
111119,,,,,,,,,0.769089,1.304867,,,37.282928,48.705368,0.217832,0.229670,,,,-0.508153,0.185073,-1.790145,,,,,,
111127,,,,,,,,,,,,,,,,,,,,-0.509983,0.177645,-1.768764,,,,,,
111130,,,,,,,,,0.796557,0.652434,,,38.448914,49.148838,0.206703,0.225524,,,,,,,,,,,,
111140,,,,,,,,,0.769089,2.609737,,,39.429974,50.066517,0.197227,0.216453,,,,-0.511967,0.169811,-1.754423,,,,,,
111144,-0.511798,0.169674,-1.751173,-0.484292,0.120438,-1.847319,0.544140,1.897844,,,42.434113,49.739491,,,,,0.043503,0.035893,-0.096146,,,,,,,,,
111149,,,,,,,,,0.769089,1.304867,,,40.255436,50.294109,0.202708,0.205524,,,,-0.513876,0.161897,-1.736333,,,,,,
111157,,,,,,,,,,,,,,,,,,,,-0.515624,0.153998,-1.718102,,,,,,
111160,,,,,,,,,0.851492,1.957303,,,40.949982,51.030148,0.196060,0.197905,,,,,,,,,,,,
111164,,,,,,,,,,,,,,,,,,,,-0.517194,0.146029,-1.703409,,,,,,
111170,,,,,,,,,0.769089,1.304867,,,41.534370,51.104908,0.190396,0.196885,,,,,,,,,,,,
111178,,,,,,,,,0.741622,0.652433,,,42.026077,51.167809,0.185560,0.195970,,,,-0.518508,0.138038,-1.684863,,,,,,
111186,,,,,,,,,,,,,,,,,,,,-0.519766,0.130153,-1.669976,,,,,,
111190,,,,,,,,,0.769089,1.304867,,,42.439796,51.220734,0.181422,0.195145,,,,,,,,,,,,
111194,-0.519569,0.130277,-1.671320,-0.491144,0.092031,-1.769666,0.572343,1.648322,,,42.645718,48.351639,,,,,0.035200,0.032120,-0.098346,,,,,,,,,
111200,,,,,,,,,0.741622,0.652433,,,43.332443,51.809811,0.174474,0.174684,,,,-0.520748,0.122375,-1.655034,,,,,,
111208,,,,,,,,,,,,,42.994431,50.671829,0.177785,0.185599,,,,-0.521607,0.114620,-1.643758,,,,,,
111211,,,,,,,,,0.769089,2.609737,,,,,,,,,,,,,,,,,,
111217,,,,,,,,,,,,,,,,,,,,-0.522356,0.106922,-1.628591,,,,,,
111220,,,,,,,,,0.714154,1.304868,,,42.710026,50.803417,0.180616,0.183793,,,,,,,,,,,,
111230,,,,,,,,,0.796557,0.652434,,,43.015274,50.369595,0.177489,0.187728,,,,-0.522945,0.099232,-1.620963,,,,,,
111237,,,,,,,,,,,,,,,,,,,,-0.523396,0.091515,-1.609507,,,,,,
111240,,,,,,,,,0.741622,0.652433,,,43.272110,50.004574,0.174796,0.191047,,,,,,,,,,,,
111244,-0.523330,0.091667,-1.611958,-0.496057,0.062172,-1.699480,0.595942,1.468505,,,42.589512,47.563522,,,,,0.028347,0.028463,-0.087523,-0.523747,0.083855,-1.601779,,,,,,
111250,,,,,,,,,0.686687,0.652435,,,43.488209,49.697445,0.171893,0.185811,,,,,,,,,,,,
111254,,,,,,,,,,,,,,,,,,,,-0.524097,0.076079,-1.590181,,,,,,
111260,,,,,,,,,0.714154,1.304868,,,43.125492,49.439030,0.175413,0.188020,,,,,,,,,,,,
111268,,,,,,,,,0.769089,1.304867,,,43.364845,49.221596,0.172864,0.189863,,,,-0.524263,0.068518,-1.582370,,,,,,
111277,,,,,,,,,,,,,,,,,,,,-0.524404,0.060976,-1.574570,,,,,,
111280,,,,,,,,,0.714154,1.304868,,,43.021694,49.038651,0.176209,0.191397,,,,,,,,,,,,
111284,,,,,,,,,,,,,,,,,,,,-0.524683,0.053259,-1.567267,,,,,,
111290,,,,,,,,,0.741622,0.652433,,,42.732967,48.884720,0.179068,0.192672,,,,,,,,,,,,
111294,-0.524644,0.053371,-1.568281,-0.499013,0.031333,-1.634002,0.613653,1.348095,,,41.964397,47.009296,,,,,0.022103,0.025575,-0.065721,,,,,,,,,
111299,,,,,,,,,0.714154,1.304868,,,43.034576,48.755203,0.169587,0.188076,,,,-0.524907,0.045691,-1.555652,,,,,,
111309,,,,,,,,,0.714155,0.000000,,,42.743805,48.646225,0.172339,0.188838,,,,-0.524911,0.038142,-1.548281,,,,,,
111317,,,,,,,,,,,,,,,,,,,,-0.525014,0.030761,-1.536481,,,,,,
111320,,,,,,,,,0.714154,1.304868,,,43.043694,48.554531,0.169124,0.189446,,,,,,,,,,,,
111325,,,,,,,,,,,,,,,,,,,,-0.525004,0.023364,-1.525052,,,,,,
111330,,,,,,,,,0.714154,1.304868,,,42.751476,48.477379,0.171889,0.189924,,,,,,,,,,,,
111339,,,,,,,,,0.714154,1.304868,,,42.505604,47.867924,0.174239,0.195847,,,,-0.524913,0.016080,-1.517300,,,,,,
111344,-0.524789,0.016215,-1.516106,-0.500000,0.000000,-1.570796,0.624611,1.279096,,,41.391556,46.437351,,,,,0.017545,0.023865,-0.054690,,,,,,,,,
111347,,,,,,,,,,,,,,,,,,,,-0.524765,0.008880,-1.505713,,,,,,
111350,,,,,,,,,0.714154,1.304868,,,42.298729,47.899670,0.170398,0.189517,,,,,,,,,,,,
111355,,,,,,,,,,,,,,,,,,,,-0.524385,0.001836,-1.494444,,,,,,
111360,,,,,,,,,0.714154,1.304868,,,42.124664,47.926380,0.171992,0.188953,,,,,,,,,,,,
111369,,,,,,,,,0.714154,1.304868,,,41.978207,47.948856,0.173339,0.188425,,,,-0.523863,-0.005062,-1.486838,,,,,,
111377,,,,,,,,,,,,,,,,,,,,-0.523353,-0.011671,-1.475461,,,,,,
111380,,,,,,,,,0.686687,0.652435,,,41.854977,47.967766,0.174479,0.187930,,,,,,,,,,,,
111384,,,,,,,,,,,,,,,,,,,,-0.522684,-0.018515,-1.464213,,,,,,
111390,,,,,,,,,0.714154,1.304868,,,41.751289,47.439133,0.175444,0.193016,,,,,,,,,,,,
111394,-0.522602,-0.018586,-1.463094,-0.499013,-0.031333,-1.507591,0.628319,1.256637,,,40.865429,46.151611,,,,,0.015209,0.022082,-0.044497,,,,,,,,,
111398,,,,,,,,,0.714155,0.000000,,,42.208591,47.538883,0.165341,0.188884,,,,-0.522007,-0.025463,-1.456744,,,,,,
111406,,,,,,,,,,,,,,,,,,,,-0.521417,-0.032403,-1.445644,,,,,,
111410,,,,,,,,,0.686687,0.652435,,,41.504280,47.078274,0.172256,0.193305,,,,,,,,,,,,
111420,,,,,,,,,0.741622,1.957302,,,41.456215,47.235256,0.172619,0.191518,,,,-0.520629,-0.039231,-1.434656,,,,,,
111428,,,,,,,,,0.631752,0.652435,,,40.871227,46.822800,0.178467,0.195508,,,,-0.519608,-0.046304,-1.419999,,,,,,
111436,,,,,,,,,,,,,,,,,,,,-0.518787,-0.053370,-1.412815,,,,,,
111440,,,,,,,,,0.686687,1.957303,,,40.923565,46.475761,0.177932,0.198914,,,,,,,,,,,,
111444,-0.518668,-0.053299,-1.408825,-0.496057,-0.062172,-1.442113,0.624611,1.279096,,,39.589882,45.420227,,,,,0.012404,0.020884,-0.033288,,,,,,,,,
111450,,,,,,,,,0.659220,1.304869,,,40.423058,46.728306,0.170015,0.188813,,,,-0.517767,-0.060504,-1.398350,,,,,,
111457,,,,,,,,,,,,,,,,,,,,-0.516659,-0.067417,-1.387595,,,,,,
111460,,,,,,,,,0.686687,0.652435,,,40.546474,46.396252,0.168590,0.191938,,,,,,,,,,,,
111465,,,,,,,,,,,,,,,,,,,,-0.515645,-0.074263,-1.373115,,,,,,
111470,,,,,,,,,0.686687,0.652435,,,40.650318,46.116863,0.167339,0.194593,,,,,,,,,,,,
111479,,,,,,,,,0.714154,2.609737,,,40.193146,46.426327,0.171790,0.191297,,,,-0.514572,-0.080927,-1.355180,,,,,,
111487,,,,,,,,,,,,,,,,,,,,-0.513482,-0.087324,-1.344457,,,,,,
111490,,,,,,,,,0.686687,0.652435,,,39.808483,46.686710,0.175593,0.188440,,,,,,,,,,,,
111494,-0.513400,-0.087303,-1.347123,-0.491144,-0.092031,-1.371926,0.613653,1.348095,,,37.759941,44.293392,,,,,0.009547,0.020652,-0.024803,-0.512255,-0.093982,-1.333807,,,,,,
111500,,,,,,,,,0.659220,1.304869,,,39.484829,46.361256,0.160185,0.180013,,,,,,,,,,,,
111509,,,,,,,,,0.686687,1.957303,,,39.757050,46.087418,0.157064,0.182392,,,,-0.510810,-0.100994,-1.323324,,,,,,
111516,,,,,,,,,,,,,,,,,,,,-0.509214,-0.107955,-1.305880,,,,,,
111520,,,,,,,,,0.659220,1.304869,,,39.441551,45.857010,0.159883,0.184384,,,,,,,,,,,,
111530,,,,,,,,,0.659220,1.304869,,,39.176090,45.663143,0.162254,0.186048,,,,-0.507566,-0.114779,-1.295444,,,,,,
111538,,,,,,,,,0.631752,1.957303,,,38.408188,45.500023,0.169803,0.187438,,,,-0.505852,-0.121463,-1.285150,,,,,,
111544,-0.505779,-0.121152,-1.282141,-0.484292,-0.120438,-1.294274,0.595942,1.468505,,,34.940083,42.602913,,,,,0.005432,0.020801,-0.012133,-0.503962,-0.128193,-1.267912,,,,,,
111550,,,,,,,,,0.686687,0.652435,,,38.851162,45.907318,0.136393,0.165799,,,,,,,,,,,,
111560,,,,,,,,,0.659220,1.304869,,,38.134796,45.705475,0.142917,0.167197,,,,-0.502130,-0.134648,-1.257569,,,,,,
111568,,,,,,,,,0.659220,1.304869,,,38.076588,44.991100,0.142872,0.173864,,,,-0.500485,-0.140999,-1.243827,,,,,,
111576,,,,,,,,,,,,,,,,,,,,-0.498562,-0.147239,-1.230235,,,,,,
111580,,,,,,,,,0.604285,1.304869,,,38.027611,44.934566,0.142744,0.173963,,,,,,,,,,,,
111590,,,,,,,,,0.659220,1.304869,,,37.441860,44.342457,0.148102,0.179536,,,,-0.496307,-0.153490,-1.213390,,,,,,
111597,-0.496228,-0.153400,-1.213687,-0.475528,-0.146946,-1.205932,0.572343,1.648322,,,31.431770,40.777622,,,,,0.001189,0.021650,0.007755,-0.494041,-0.159597,-1.196598,,,,,,
111600,,,,,,,,,0.631752,1.957303,,,37.493549,44.933342,0.111289,0.154543,,,,,,,,,,,,
111605,,,,,,,,,,,,,,,,,,,,-0.491858,-0.165703,-1.183182,,,,,,
111610,,,,,,,,,0.631752,1.957303,,,36.992500,44.341427,0.115188,0.159749,,,,,,,,,,,,
111619,,,,,,,,,0.576817,0.652434,,,36.026375,43.843388,0.123930,0.164116,,,,-0.489623,-0.171707,-1.169872,,,,,,
111627,,,,,,,,,,,,,,,,,,,,-0.487269,-0.177565,-1.150048,,,,,,
111630,,,,,,,,,0.576817,3.262172,,,35.213474,43.968884,0.131303,0.162223,,,,,,,,,,,,
111637,,,,,,,,,,,,,,,,,,,,-0.484901,-0.183452,-1.133616,,,,,,
111640,,,,,,,,,0.604285,1.304869,,,35.074043,43.529930,0.131968,0.166062,,,,,,,,,,,,
111644,-0.484886,-0.183274,-1.134862,-0.464888,-0.171137,-1.103162,0.544140,1.897844,,,27.534204,39.010227,,,,,-0.002558,0.023253,0.031700,,,,,,,,,
111649,,,,,,,,,0.604285,2.609737,,,34.412186,43.160595,0.098236,0.151252,,,,-0.482610,-0.189063,-1.110745,,,,,,
111656,,,,,,,,,,,,,,,,,,,,-0.480170,-0.194846,-1.088017,,,,,,
111660,,,,,,,,,0.521882,1.957302,,,33.310753,42.849838,0.108095,0.153591,,,,,,,,,,,,
111670,,,,,,,,,0.576817,1.957303,,,32.384010,42.588367,0.116392,0.155490,,,,-0.477650,-0.200205,-1.068673,,,,,,
111678,,,,,,,,,0.549350,2.609737,,,31.604248,42.368366,0.123376,0.157019,,,,-0.475008,-0.205548,-1.046188,,,,,,
111685,,,,,,,,,,,,,,,,,,,,-0.472286,-0.210638,-1.023893,,,,,,
111690,,,,,,,,,0.521882,1.957302,,,30.948156,41.638714,0.129254,0.163790,,,,,,,,,,,,
111697,-0.472321,-0.210278,-1.024995,-0.452414,-0.192628,-0.981893,0.513114,2.226778,,,23.934057,37.472816,,,,,-0.004752,0.026177,0.043103,,,,,,,,,
111700,,,,,,,,,0.576817,3.262172,,,30.396120,41.569328,0.097480,0.148290,,,,-0.469461,-0.215737,-0.998610,,,,,,
111707,,,,,,,,,,,,,,,,,,,,-0.466560,-0.220791,-0.973508,,,,,,
111710,,,,,,,,,0.494415,2.609737,,,29.931637,41.510944,0.100926,0.148066,,,,,,,,,,,,
111715,,,,,,,,,,,,,,,,,,,,-0.463677,-0.225624,-0.948573,,,,,,
111720,,,,,,,,,0.521882,3.262171,,,28.996277,40.917278,0.109267,0.153314,,,,,,,,,,,,
111729,,,,,,,,,0.521882,1.957302,,,28.753809,40.962311,0.110728,0.152166,,,,-0.460705,-0.230276,-0.920645,,,,,,
111737,,,,,,,,,,,,,,,,,,,,-0.457558,-0.234689,-0.896031,,,,,,
111740,,,,,,,,,0.494415,2.609737,,,28.005253,40.455658,0.117399,0.156636,,,,,,,,,,,,
111744,-0.457607,-0.234340,-0.895906,-0.438153,-0.211082,-0.838487,0.481637,2.636673,,,20.327574,36.400517,,,,,-0.006004,0.029721,0.057419,-0.454341,-0.238940,-0.868506,,,,,,
111750,,,,,,,,,0.494415,2.609737,,,27.375418,40.029362,0.086223,0.149450,,,,,,,,,,,,
111759,,,,,,,,,0.494415,2.609737,,,26.300932,39.670673,0.095773,0.152383,,,,-0.450997,-0.243123,-0.841096,,,,,,
111766,,,,,,,,,,,,,,,,,,,,-0.447779,-0.247043,-0.813969,,,,,,
111770,,,,,,,,,0.466947,3.262170,,,25.941402,39.368874,0.098246,0.154807,,,,,,,,,,,,
111780,,,,,,,,,0.466947,3.262170,,,25.094353,39.114941,0.105763,0.156804,,,,-0.444327,-0.250870,-0.786886,,,,,,
111788,,,,,,,,,0.466947,3.262170,,,24.381645,38.901279,0.112079,0.158440,,,,-0.440964,-0.254392,-0.756905,,,,,,
111797,-0.441018,-0.254137,-0.754884,-0.422164,-0.226207,-0.671453,0.452737,3.105463,,,17.077173,36.277725,,,,,-0.005405,0.033262,0.083431,-0.437434,-0.257870,-0.727309,,,,,,
111800,,,,,,,,,0.494415,2.609737,,,23.781973,38.721508,0.084231,0.158521,,,,,,,,,,,,
111810,,,,,,,,,0.494415,3.914605,,,23.277409,38.570248,0.088036,0.159575,,,,,,,,,,,,
111820,,,,,,,,,0.439480,3.914605,,,22.852867,38.442978,0.091127,0.160415,,,,,,,,,,,,
111826,,,,,,,,,,,,,,,,,,,,-0.426693,-0.267628,-0.630312,,,,,,
111830,,,,,,,,,0.466947,3.262170,,,22.495659,38.335892,0.093615,0.161074,,,,,,,,,,,,
111840,,,,,,,,,0.439480,3.914605,,,21.650560,38.790333,0.101151,0.156027,,,,-0.423044,-0.270495,-0.595456,,,,,,
111844,-0.423096,-0.270253,-0.592412,-0.404508,-0.237764,-0.484020,0.430019,3.565917,,,14.848308,37.058521,,,,,-0.002720,0.037331,0.108392,,,,,,,,,
111847,,,,,,,,,,,,,,,,,,,,-0.419360,-0.273153,-0.560909,,,,,,
111850,,,,,,,,,0.466947,3.262170,,,21.484037,38.628155,0.079201,0.165143,,,,,,,,,,,,
111856,,,,,,,,,,,,,,,,,,,,-0.415599,-0.275699,-0.520604,,,,,,
111860,,,,,,,,,0.439480,3.914605,,,20.799381,38.491699,0.084857,0.166221,,,,,,,,,,,,
111869,,,,,,,,,0.466947,4.567039,,,20.223312,38.376884,0.089543,0.167105,,,,-0.411934,-0.278003,-0.486235,,,,,,
111877,,,,,,,,,,,,,,,,,,,,-0.408244,-0.280103,-0.449086,,,,,,
111880,,,,,,,,,0.439480,3.914605,,,19.738607,38.824825,0.093412,0.162273,,,,,,,,,,,,
111884,,,,,,,,,,,,,,,,,,,,-0.404513,-0.282113,-0.409512,,,,,,
111890,,,,,,,,,0.466947,3.262170,,,19.330778,38.657177,0.096594,0.163629,,,,,,,,,,,,
111894,-0.404362,-0.282073,-0.411175,-0.385257,-0.245572,-0.285912,0.417245,3.898387,,,14.521477,38.870056,,,,,0.002924,0.041095,0.125262,,,,,,,,,
111899,,,,,,,,,0.439480,5.219474,,,18.987631,39.060661,0.095864,0.177672,,,,-0.400759,-0.283985,-0.367259,,,,,,
111906,,,,,,,,,,,,,,,,,,,,-0.397109,-0.285595,-0.325177,,,,,,
111910,,,,,,,,,0.494415,3.914605,,,18.698906,38.855610,0.097915,0.179725,,,,,,,,,,,,
111917,,,,,,,,,,,,,,,,,,,,-0.393421,-0.287011,-0.283195,,,,,,
111920,,,,,,,,,0.412012,3.262171,,,19.000517,38.683079,0.094003,0.181488,,,,,,,,,,,,
111928,,,,,,,,,0.439480,5.219474,,,18.165205,39.082455,0.101628,0.177452,,,,-0.389913,-0.288303,-0.238554,,,,,,
111936,,,,,,,,,,,,,,,,,,,,-0.386369,-0.289502,-0.194055,,,,,,
111940,,,,,,,,,0.412012,4.567039,,,17.462374,38.873947,0.108068,0.179536,,,,,,,,,,,,
111944,-0.386226,-0.289386,-0.193115,-0.364484,-0.249507,-0.091470,0.417452,3.975972,,,17.720074,41.889465,,,,,0.013684,0.043311,0.101645,,,,,,,,,
111950,,,,,,,,,0.412012,4.567039,,,16.871012,38.698509,0.146137,0.212123,,,,-0.382300,-0.290680,-0.146835,,,,,,
111958,,,,,,,,,0.494415,5.219474,,,16.917982,39.095440,0.145828,0.208712,,,,-0.377846,-0.291625,-0.099672,,,,,,
111965,,,,,,,,,,,,,,,,,,,,-0.373553,-0.292425,-0.052589,,,,,,
111970,,,,,,,,,0.412012,4.567039,,,16.412960,39.429417,0.151140,0.205864,,,,,,,,,,,,
111980,,,,,,,,,0.466947,4.567039,,,16.532578,39.710426,0.150181,0.203490,,,,-0.369415,-0.292910,-0.008310,,,,,,
111987,,,,,,,,,,,,,,,,,,,,-0.365236,-0.293173,0.035969,,,,,,
111990,,,,,,,,,0.439480,3.914605,,,16.633224,39.402321,0.149392,0.207069,,,,,,,,,,,,
111994,-0.365162,-0.293026,0.033168,-0.342274,-0.249507,0.085924,0.431919,3.755346,,,22.905092,44.688725,,,,,0.024318,0.042736,0.052756,-0.360892,-0.293332,0.080271,,,,,,
112000,,,,,,,,,0.494415,5.219474,,,16.717909,39.687626,0.201633,0.233208,,,,,,,,,,,,
112009,,,,,,,,,0.494415,3.914605,,,17.333706,40.472225,0.196589,0.226206,,,,-0.356391,-0.293303,0.121814,,,,,,
112017,,,,,,,,,,,,,,,,,,,,-0.351466,-0.293007,0.166221,,,,,,
112020,,,,,,,,,0.494415,3.914605,,,17.851837,40.587845,0.192418,0.225870,,,,,,,,,,,,
112025,,,,,,,,,,,,,,,,,,,,-0.346401,-0.292523,0.205140,,,,,,
112030,,,,,,,,,0.549350,3.914606,,,18.832336,40.685127,0.183428,0.225697,,,,,,,,,,,,
112039,,,,,,,,,0.521882,3.262171,,,19.657328,41.311523,0.175828,0.220109,,,,-0.341419,-0.291899,0.244137,,,,,,
112044,-0.341237,-0.291735,0.240118,-0.318712,-0.245572,0.238559,0.459720,3.314670,,,28.987812,46.959110,,,,,0.032857,0.039482,-0.001559,,,,,,,,,
112047,,,,,,,,,,,,,,,,,,,,-0.336499,-0.291056,0.280419,,,,,,
112050,,,,,,,,,0.576817,4.567039,,,20.351475,41.838573,0.231441,0.238566,,,,,,,,,,,,
112055,,,,,,,,,,,,,,,,,,,,-0.331384,-0.290037,0.319578,,,,,,
112060,,,,,,,,,0.549350,2.609737,,,21.480074,42.282032,0.221656,0.235067,,,,,,,,,,,,
112069,,,,,,,,,0.576817,3.262172,,,22.429676,42.655159,0.213472,0.232197,,,,-0.326289,-0.288631,0.353257,,,,,,
112077,,,,,,,,,,,,,,,,,,,,-0.320872,-0.286921,0.389912,,,,,,
112080,,,,,,,,,0.604285,2.609737,,,23.773216,42.969109,0.201079,0.229855,,,,,,,,,,,,
112084,,,,,,,,,,,,,,,,,,,,-0.315616,-0.285189,0.420954,,,,,,
112090,,,,,,,,,0.631752,3.262170,,,24.903669,43.777805,0.190591,0.222405,,,,,,,,,,,,
112094,-0.315252,-0.284897,0.419462,-0.293893,-0.237764,0.364864,0.498238,2.786433,,,35.235298,48.722248,,,,,0.038703,0.034348,-0.054598,,,,,,,,,
112098,,,,,,,,,0.631752,3.262170,,,25.854834,43.913700,0.245431,0.239639,,,,-0.310180,-0.283316,0.449277,,,,,,
112106,,,,,,,,,,,,,,,,,,,,-0.304500,-0.280912,0.477745,,,,,,
112110,,,,,,,,,0.631752,1.957303,,,26.655142,44.572586,0.239144,0.233880,,,,,,,,,,,,
112120,,,,,,,,,0.631752,1.957303,,,27.873064,44.582432,0.228437,0.234609,,,,-0.299043,-0.278366,0.503434,,,,,,
112127,,,,,,,,,,,,,,,,,,,,-0.293221,-0.275401,0.534924,,,,,,
112130,,,,,,,,,0.659220,2.609737,,,29.442368,45.135258,0.213903,0.229798,,,,,,,,,,,,
112135,,,,,,,,,,,,,,,,,,,,-0.287750,-0.272434,0.555049,,,,,,
112140,,,,,,,,,0.686687,1.957303,,,30.218237,45.600403,0.207147,0.225771,,,,,,,,,,,,
112144,-0.287491,-0.272171,0.551880,-0.267913,-0.226207,0.467067,0.544140,2.274021,,,40.576931,50.129192,,,,,0.040770,0.028876,-0.084813,,,,,,,,,
112149,,,,,,,,,0.631752,1.957303,,,31.415596,45.447235,0.250422,0.242309,,,,-0.282166,-0.269213,0.578124,,,,,,
112157,,,,,,,,,,,,,,,,,,,,-0.276455,-0.265737,0.598359,,,,,,
112160,,,,,,,,,0.714154,1.304868,,,32.423054,45.862904,0.241978,0.239005,,,,,,,,,,,,
112164,,,,,,,,,,,,,,,,,,,,-0.270689,-0.262079,0.618680,,,,,,
112170,,,,,,,,,0.741622,1.957302,,,33.815273,46.757187,0.229409,0.230737,,,,,,,,,,,,
112178,,,,,,,,,0.741622,1.957302,,,34.986687,46.965096,0.218812,0.229291,,,,-0.264978,-0.258311,0.636129,,,,,,
112186,,,,,,,,,,,,,,,,,,,,-0.259205,-0.254242,0.650742,,,,,,
112190,,,,,,,,,0.686687,0.652435,,,35.972313,47.140030,0.209877,0.228139,,,,,,,,,,,,
112194,-0.259158,-0.254184,0.645183,-0.240877,-0.211082,0.548804,0.594144,1.826677,,,45.138271,51.580429,,,,,0.040525,0.023445,-0.096379,,,,,,,,,
112200,,,,,,,,,0.714154,1.304868,,,36.801617,47.287220,0.248865,0.242038,,,,-0.253551,-0.250131,0.665408,,,,,,
112208,,,,,,,,,,,,,37.499393,47.955608,0.243415,0.236079,,,,-0.247714,-0.245715,0.677093,,,,,,
112211,,,,,,,,,0.741622,3.262171,,,,,,,,,,,,,,,,,,
112216,,,,,,,,,,,,,,,,,,,,-0.241610,-0.240866,0.688848,,,,,,
112220,,,,,,,,,0.714155,0.000000,,,38.631046,47.973446,0.233400,0.236622,,,,,,,,,,,,
112230,,,,,,,,,0.824024,1.304869,,,39.583218,48.532997,0.224989,0.231636,,,,-0.235572,-0.236136,0.700598,,,,,,
112238,,,,,,,,,0.741622,0.652433,,,40.928917,49.003803,0.212374,0.227444,,,,-0.229645,-0.231321,0.709439,,,,,,
112244,-0.229671,-0.231322,0.706784,-0.212890,-0.192628,0.613720,0.645373,1.455098,,,48.693733,52.941368,,,,,0.037889,0.018528,-0.093064,-0.223733,-0.226579,0.721244,,,,,,
112250,,,,,,,,,0.796557,0.652434,,,42.061192,49.399940,0.237932,0.237800,,,,,,,,,,,,
112259,,,,,,,,,0.796557,0.652434,,,42.469345,49.733250,0.235096,0.235109,,,,-0.217825,-0.221873,0.730130,,,,,,
112267,,,,,,,,,,,,,,,,,,,,-0.211971,-0.216911,0.739027,,,,,,
112270,,,,,,,,,0.769089,1.304867,,,43.357307,50.013699,0.227283,0.232890,,,,,,,,,,,,
112276,,,,,,,,,,,,,,,,,,,,-0.206288,-0.211838,0.750912,,,,,,
112280,,,,,,,,,0.769089,1.304867,,,43.559895,50.249668,0.226284,0.231068,,,,,,,,,,,,
112290,,,,,,,,,0.796557,0.652434,,,44.274895,50.448212,0.220018,0.229581,,,,-0.200259,-0.206416,0.759858,,,,,,
112294,-0.200224,-0.206291,0.758139,-0.184062,-0.171137,0.664924,0.695427,1.151942,,,52.228798,54.519642,,,,,0.035907,0.014413,-0.093215,,,,,,,,,
112297,,,,,,,,,,,,,,,,,,,,-0.194323,-0.200748,0.771810,,,,,,
112300,,,,,,,,,0.851492,0.652435,,,44.876495,50.615265,0.250823,0.244475,,,,,,,,,,,,
112305,,,,,,,,,,,,,,,,,,,,-0.188550,-0.195096,0.777779,,,,,,
112310,,,,,,,,,0.824024,0.000000,,,45.927223,51.300369,0.241576,0.238267,,,,,,,,,,,,
112319,,,,,,,,,0.796557,0.652434,,,46.811306,51.332272,0.233819,0.238586,,,,-0.182672,-0.189383,0.780771,,,,,,
112327,,,,,,,,,,,,,,,,,,,,-0.177121,-0.183970,0.786751,,,,,,
112330,,,,,,,,,0.878959,1.304869,,,47.010632,51.903656,0.232869,0.233395,,,,,,,,,,,,
112336,,,,,,,,,,,,,,,,,,,,-0.171332,-0.178356,0.795760,,,,,,
112340,,,,,,,,,0.741622,0.652433,,,47.178345,51.839878,0.232202,0.234569,,,,,,,,,,,,
112344,-0.171533,-0.178524,0.795340,-0.154508,-0.146946,0.704872,0.742342,0.904389,,,55.522205,56.279465,,,,,0.034468,0.009948,-0.090468,,,,,,,,,
112349,,,,,,,,,0.906427,0.652435,,,47.864002,52.330757,0.259811,0.248048,,,,-0.165214,-0.172452,0.801772,,,,,,
112356,,,,,,,,,,,,,,,,,,,,-0.159111,-0.166440,0.807775,,,,,,
112360,,,,,,,,,0.824024,1.304869,,,48.440914,52.743782,0.255458,0.244625,,,,,,,,,,,,
112364,,,,,,,,,,,,,,,,,,,,-0.153087,-0.160398,0.813796,,,,,,
112370,,,,,,,,,0.851492,-0.652435,,,49.470871,53.091301,0.246369,0.241787,,,,,,,,,,,,
112378,,,,,,,,,0.878959,1.304869,,,49.792931,53.383705,0.244294,0.239442,,,,-0.147204,-0.154299,0.819843,,,,,,
112386,,,,,,,,,,,,,,,,,,,,-0.141315,-0.148231,0.822872,,,,,,
112390,,,,,,,,,0.878959,0.000000,,,50.608456,53.629734,0.237122,0.237512,,,,,,,,,,,,
112397,-0.141275,-0.148134,0.820561,-0.124345,-0.120438,0.735422,0.784522,0.699674,,,57.984604,57.614727,,,,,0.031803,0.006499,-0.085139,,,,,,,,,
112400,,,,,,,,,0.796557,-3.262171,,,51.294640,51.658569,0.256222,0.271768,,,,-0.135732,-0.141996,0.825903,,,,,,
112408,,,,,,,,,,,,,51.327450,52.178204,0.257225,0.267659,,,,-0.129762,-0.135645,0.825893,,,,,,
112411,,,,,,,,,0.906427,0.652435,,,,,,,,,,,,,,,,,,
112415,,,,,,,,,,,,,,,,,,,,-0.123528,-0.129021,0.828916,,,,,,
112420,,,,,,,,,0.824024,0.000000,,,51.899601,53.159969,0.252721,0.258732,,,,,,,,,,,,
112430,,,,,,,,,0.878959,1.304869,,,52.381008,53.986027,0.249027,0.251197,,,,-0.117445,-0.122236,0.831909,,,,,,
112437,,,,,,,,,,,,,,,,,,,,-0.111427,-0.115544,0.834936,,,,,,
112440,,,,,,,,,0.906427,-0.652435,,,53.330608,54.136528,0.240462,0.250388,,,,,,,,,,,,
112444,-0.111304,-0.115529,0.830994,-0.093691,-0.092031,0.757942,0.820688,0.526874,,,59.845303,58.908691,,,,,0.029230,0.002832,-0.073052,-0.105701,-0.109226,0.837993,,,,,,
112450,,,,,,,,,0.933894,0.000000,,,53.585056,54.807701,0.257777,0.257436,,,,,,,,,,,,
112459,,,,,,,,,0.933894,1.304869,,,53.799152,55.372429,0.256845,0.252496,,,,-0.099745,-0.102581,0.844189,,,,,,
112467,,,,,,,,,,,,,,,,,,,,-0.093652,-0.095832,0.847187,,,,,,
112470,,,,,,,,,0.878959,1.304869,,,53.979290,55.847588,0.256217,0.248356,,,,,,,,,,,,
112474,,,,,,,,,,,,,,,,,,,,-0.087404,-0.089104,0.847104,,,,,,
112480,,,,,,,,,0.961362,-0.652434,,,54.675404,56.247387,0.250290,0.244891,,,,,,,,,,,,
112488,,,,,,,,,0.906427,0.652435,,,55.261112,56.583778,0.245349,0.241992,,,,-0.081080,-0.081911,0.853223,,,,,,
112497,-0.081096,-0.081884,0.854095,-0.062667,-0.062172,0.773397,0.849828,0.377110,,,61.709702,59.342789,,,,,0.026968,-0.000946,-0.080698,-0.074941,-0.075219,0.856298,,,,,,
112500,,,,,,,,,0.961362,-0.652434,,,55.753929,56.866817,0.260256,0.243997,,,,,,,,,,,,
112510,,,,,,,,,0.906427,0.652435,,,56.168583,57.104969,0.257218,0.242064,,,,-0.068693,-0.068175,0.856255,,,,,,
112518,,,,,,,,,0.878959,0.000000,,,55.972931,57.305347,0.260322,0.240467,,,,-0.062438,-0.061125,0.856202,,,,,,
112525,,,,,,,,,,,,,,,,,,,,-0.055924,-0.054033,0.859215,,,,,,
112530,,,,,,,,,0.961362,0.652434,,,56.352852,57.473946,0.257594,0.239155,,,,,,,,,,,,
112539,,,,,,,,,0.933894,-1.304869,,,57.217060,57.615807,0.249851,0.238082,,,,-0.049479,-0.046572,0.862232,,,,,,
112544,-0.049479,-0.046651,0.856075,-0.031395,-0.031333,0.782428,0.871178,0.243204,,,62.322365,59.454628,,,,,0.023422,-0.003619,-0.073648,,,,,,,,,
112547,,,,,,,,,,,,,,,,,,,,-0.043099,-0.039146,0.859174,,,,,,
112550,,,,,,,,,0.933894,0.000000,,,57.399662,57.735168,0.255136,0.238350,,,,,,,,,,,,
112557,,,,,,,,,,,,,,,,,,,,-0.036935,-0.032063,0.859186,,,,,,
112560,,,,,,,,,0.961362,-0.652434,,,58.097847,57.835598,0.248999,0.237670,,,,,,,,,,,,
112569,,,,,,,,,0.988829,0.000000,,,58.140755,58.464642,0.249406,0.231578,,,,-0.030759,-0.025001,0.856154,,,,,,
112577,,,,,,,,,,,,,,,,,,,,-0.024676,-0.017939,0.853128,,,,,,
112580,,,,,,,,,0.961362,-0.652434,,,58.721401,58.449375,0.244320,0.231931,,,,,,,,,,,,
112584,,,,,,,,,,,,,,,,,,,,-0.018195,-0.010757,0.847050,,,,,,
112590,,,,,,,,,0.906427,0.652435,,,58.665413,58.436531,0.245611,0.232263,,,,,,,,,,,,
112597,-0.018366,-0.010864,0.850543,-0.000000,-0.000000,0.785398,0.884200,0.119218,,,62.445297,59.252403,,,,,0.020279,-0.006639,-0.065145,-0.011811,-0.003547,0.844017,,,,,,
112600,,,,,,,,,0.741622,0.652433,,,55.895588,56.247551,0.275849,0.252732,,,,,,,,,,,,
112606,,,,,,,,,,,,,,,,,,,,-0.005244,0.003620,0.841002,,,,,,
112610,,,,,,,,,0.961362,0.652434,,,56.832317,56.583916,0.267604,0.249902,,,,,,,,,,,,
112620,,,,,,,,,0.961362,-3.262171,,,57.620483,56.866936,0.260687,0.247549,,,,0.001026,0.010663,0.837956,,,,,,
112628,,,,,,,,,0.933894,0.000000,,,58.283646,57.105068,0.254888,0.245597,,,,0.007372,0.017530,0.831901,,,,,,
112635,,,,,,,,,,,,,,,,,,,,0.013875,0.024796,0.825857,,,,,,
112640,,,,,,,,,0.988829,0.000000,,,58.841629,57.849976,0.250029,0.238428,,,,,,,,,,,,
