ts,x,y,yaw,x_des,y_des,yaw_des,v_ff,w_ff,v_actual,w_actual,omega_l_cmd,omega_r_cmd,omega_l_meas,omega_r_meas,duty_l,duty_r,x_err,y_err,yaw_err,x_raw,y_raw,yaw_raw,acc_x,acc_y,acc_z,gyro_x,gyro_y,gyro_z
29051,,,,,,,,,-0.000000,0.000000,,,0.000000,0.000000,0.000000,0.000000,,,,0.015560,-1.022049,1.570781,,,,,,
29061,,,,,,,,,-0.000000,0.000000,,,0.000000,0.000000,0.000000,0.000000,,,,0.015559,-1.022053,1.570781,,,,,,
29071,,,,,,,,,-0.000000,0.000000,,,0.000000,0.000000,0.000000,0.000000,,,,0.015558,-1.022057,1.570781,,,,,,
29081,,,,,,,,,-0.000000,0.000000,,,0.000000,0.000000,0.000000,0.000000,,,,0.015555,-1.022054,1.570781,,,,,,
29091,,,,,,,,,-0.000000,0.000000,,,0.000000,0.000000,0.000000,0.000000,,,,0.015550,-1.022054,1.570781,,,,,,
29096,,,,,,,,,,,,,,,,,,,,0.015550,-1.022054,1.570781,,,,,,
29099,0.015550,-1.022054,1.570781,-0.001836,-0.971674,1.682211,0.286078,1.123658,-0.000000,0.000000,27.898687,35.977909,0.000000,0.000000,0.284567,0.366975,0.050380,0.017387,0.111430,0.015550,-1.022054,1.570781,,,,,,
29103,,,,,,,,,,,,,,,,,,,,0.015550,-1.022054,1.570781,,,,,,
29106,,,,,,,,,,,,,,,,,,,,0.015554,-1.022056,1.570781,,,,,,
29111,,,,,,,,,0.137337,1.957303,,,0.544543,2.178173,0.284592,0.351953,,,,0.015554,-1.022056,1.570781,,,,,,
29119,,,,,,,,,0.137337,1.957303,,,1.002722,4.010887,0.285389,0.340019,,,,0.015554,-1.022056,1.570781,,,,,,
29125,,,,,,,,,,,,,,,,,,,,0.015610,-1.022091,1.574706,,,,,,
29131,,,,,,,,,0.247207,3.262171,,,1.932776,7.186563,0.281282,0.314021,,,,0.015714,-1.021743,1.582490,,,,,,
29141,,,,,,,,,0.302142,3.262171,,,3.259868,9.858576,0.272939,0.292524,,,,0.015804,-1.020227,1.590268,,,,,,
29146,,,,,,,,,,,,,,,,,,,,0.015804,-1.020227,1.590268,,,,,,
29149,0.015695,-1.019123,1.602237,-0.004685,-0.950614,1.725241,0.381561,0.954157,,,39.007782,47.204880,3.831939,12.651350,0.385344,0.383777,0.069116,0.018216,0.123004,,,,,,,,,
29152,,,,,,,,,0.302142,3.262171,,,,,,,,,,0.015903,-1.018563,1.598007,,,,,,
29161,,,,,,,,,0.357077,1.957303,,,6.491452,15.545733,0.365252,0.361165,,,,0.015950,-1.016558,1.609563,,,,,,
29171,,,,,,,,,0.549350,2.609737,,,9.818253,19.070152,0.337822,0.331548,,,,0.016121,-1.014039,1.617227,,,,,,
29181,,,,,,,,,0.576817,1.957303,,,13.161965,22.580143,0.309554,0.301373,,,,0.015901,-1.010874,1.624869,,,,,,
29191,,,,,,,,,0.521882,0.652434,,,15.975365,24.988905,0.286027,0.281728,,,,0.015731,-1.007523,1.632485,,,,,,
29200,0.015624,-1.006309,1.632683,-0.009029,-0.925637,1.758086,0.467199,0.762906,0.412012,0.652434,48.047871,56.042187,17.253471,25.382008,0.369806,0.372303,0.082042,0.019616,0.125403,,,,,,,,,
29203,,,,,,,,,,,,,,,,,,,,0.015695,-1.003731,1.643846,,,,,,
29211,,,,,,,,,0.686687,1.957303,,,20.507044,28.980022,0.342778,0.341735,,,,0.015603,-0.999348,1.655147,,,,,,
29221,,,,,,,,,0.659220,1.304869,,,22.700056,31.462849,0.325917,0.321822,,,,0.015441,-0.994918,1.662648,,,,,,
29231,,,,,,,,,0.714154,2.609737,,,25.634342,34.096443,0.301057,0.299876,,,,0.015165,-0.989996,1.670125,,,,,,
29241,,,,,,,,,0.631752,0.652435,,,27.558706,35.767803,0.285911,0.287217,,,,0.014757,-0.984420,1.677577,,,,,,
29249,0.014620,-0.983614,1.676546,-0.014805,-0.897035,1.779629,0.545988,0.547042,,,55.644176,62.417812,28.633324,37.174088,0.356531,0.341959,0.089201,0.020122,0.103083,,,,,,,,,
29252,,,,,,,,,0.686687,1.957303,,,,,,,,,,0.014391,-0.978667,1.688710,,,,,,
29261,,,,,,,,,0.631752,0.652435,,,30.082050,38.357334,0.347156,0.334939,,,,0.013849,-0.972485,1.696114,,,,,,
29271,,,,,,,,,0.769089,1.304867,,,32.934639,40.442005,0.323172,0.318487,,,,0.013274,-0.966345,1.707156,,,,,,
29281,,,,,,,,,0.796557,0.652434,,,34.790264,41.651501,0.308786,0.310545,,,,0.012489,-0.959507,1.714498,,,,,,
29291,,,,,,,,,0.741622,0.652433,,,36.351585,43.213715,0.297032,0.298764,,,,0.011583,-0.952127,1.725449,,,,,,
29299,0.011455,-0.951681,1.724080,-0.021809,-0.864917,1.789212,0.620786,0.312391,,,61.971565,66.551765,38.209824,44.528160,0.346475,0.331364,0.090826,0.019627,0.065132,,,,,,,,,
29302,,,,,,,,,0.769089,1.304867,,,,,,,,,,0.010380,-0.944539,1.736363,,,,,,
29311,,,,,,,,,0.824024,0.000000,,,39.773346,45.634136,0.335280,0.324488,,,,0.009308,-0.936855,1.747202,,,,,,
29321,,,,,,,,,0.878959,2.609737,,,41.633434,47.653790,0.320747,0.308071,,,,,,,,,,,,
29326,,,,,,,,,,,,,,,,,,,,0.008100,-0.929011,1.758013,,,,,,
29331,,,,,,,,,0.906427,0.652435,,,43.198513,48.808582,0.308850,0.300071,,,,0.006788,-0.920814,1.765172,,,,,,
29341,,,,,,,,,0.796557,0.652434,,,44.515369,50.324768,0.299173,0.288155,,,,0.005379,-0.912696,1.775896,,,,,,
29349,0.005320,-0.912674,1.774284,-0.029719,-0.829246,1.786863,0.694035,0.071010,,,67.691521,68.999069,46.167915,52.145031,0.344152,0.297796,0.088788,0.017456,0.012579,,,,,,,,,
29352,,,,,,,,,0.988829,1.304868,,,,,,,,,,0.003590,-0.904181,1.786617,,,,,,
29361,,,,,,,,,0.878959,1.304869,,,47.558369,53.132057,0.334274,0.291099,,,,0.001983,-0.895346,1.797224,,,,,,
29371,,,,,,,,,0.961362,-0.652434,,,49.272839,54.507084,0.320813,0.280247,,,,0.000237,-0.886627,1.804310,,,,,,
29381,,,,,,,,,0.961362,0.652434,,,50.715393,55.119488,0.309783,0.276899,,,,-0.001558,-0.878019,1.811374,,,,,,
29391,,,,,,,,,0.961362,0.652434,,,51.929161,56.179306,0.300797,0.268865,,,,-0.003585,-0.868645,1.814862,,,,,,
29399,-0.003720,-0.868404,1.814191,-0.038114,-0.789875,1.773337,0.767646,-0.162389,,,72.946449,70.462288,52.950424,57.071037,0.347133,0.277258,0.084503,0.014455,-0.040854,,,,,,,,,
29402,,,,,,,,,0.906427,0.652435,,,,,,,,,,-0.005743,-0.859547,1.818390,,,,,,
29411,,,,,,,,,0.988829,0.000000,,,54.354259,57.821342,0.336813,0.272283,,,,-0.008086,-0.850289,1.818413,,,,,,
29421,,,,,,,,,1.043764,-1.304868,,,56.079987,57.908104,0.322929,0.273927,,,,-0.010116,-0.840756,1.818375,,,,,,
29431,,,,,,,,,0.988829,0.000000,,,56.987473,58.525650,0.317046,0.270138,,,,-0.012284,-0.831137,1.818375,,,,,,
29441,,,,,,,,,1.016297,-0.652434,,,58.295574,59.045254,0.306896,0.267226,,,,-0.014588,-0.821395,1.814837,,,,,,
29449,-0.014647,-0.821187,1.812045,-0.046502,-0.746596,1.749995,0.842989,-0.374039,,,77.557411,72.636955,59.396210,59.482445,0.345631,0.287232,0.080042,0.013112,-0.062049,,,,,,,,,
29452,,,,,,,,,1.016297,-1.957302,,,,,,,,,,-0.016997,-0.811405,1.807829,,,,,,
29461,,,,,,,,,1.071232,0.652434,,,60.866825,60.394840,0.334263,0.280556,,,,-0.019388,-0.801643,1.804284,,,,,,
29471,,,,,,,,,0.988829,-1.304868,,,62.104202,60.617989,0.324980,0.280728,,,,-0.021736,-0.791908,1.797186,,,,,,
29481,,,,,,,,,1.126167,-0.652435,,,62.600788,61.350288,0.323005,0.275663,,,,-0.024092,-0.781975,1.790077,,,,,,
29491,,,,,,,,,1.016297,-0.652434,,,63.563160,61.421902,0.316180,0.277189,,,,-0.026379,-0.771255,1.782983,,,,,,
29499,-0.026347,-0.771289,1.782685,-0.054341,-0.699187,1.718589,0.920912,-0.553737,,,82.061882,75.777763,64.372902,62.026699,0.356666,0.305300,0.076377,0.012204,-0.064095,,,,,,,,,
29502,,,,,,,,,1.043764,-1.304868,,,,,,,,,,-0.028669,-0.761040,1.765173,,,,,,
29511,,,,,,,,,1.071232,-1.957303,,,65.598763,61.991035,0.347700,0.308414,,,,-0.031041,-0.750408,1.758038,,,,,,
29521,,,,,,,,,1.098699,0.000000,,,66.630196,63.050114,0.340472,0.300369,,,,-0.033187,-0.739884,1.747206,,,,,,
29531,,,,,,,,,1.126167,-0.652435,,,67.498047,63.396679,0.334706,0.299379,,,,-0.035187,-0.729230,1.736328,,,,,,
29541,,,,,,,,,1.071232,-1.957303,,,68.228256,63.688278,0.330170,0.298881,,,,-0.037149,-0.718602,1.721826,,,,,,
29549,-0.036984,-0.718590,1.718727,-0.061061,-0.647458,1.681023,1.001749,-0.696081,,,86.163475,80.537315,69.387199,64.478172,0.362952,0.341789,0.073904,0.013329,-0.037704,,,,,,,,,
29552,,,,,,,,,1.208569,-1.304866,,,,,,,,,,-0.039183,-0.707054,1.710840,,,,,,
29561,,,,,,,,,1.153634,-1.304868,,,70.362328,65.142792,0.356361,0.338222,,,,-0.040942,-0.695956,1.696116,,,,,,
29571,,,,,,,,,1.153634,-1.304868,,,71.182800,66.246544,0.351153,0.330043,,,,,,,,,,,,
29578,,,,,,,,,,,,,,,,,,,,-0.042455,-0.684425,1.688736,,,,,,
29581,,,,,,,,,1.043764,-1.304868,,,70.784065,65.541611,0.358216,0.340091,,,,-0.043649,-0.673260,1.673867,,,,,,
29591,,,,,,,,,1.153634,0.000000,,,71.537651,66.582108,0.353605,0.332477,,,,-0.045025,-0.661611,1.662662,,,,,,
29599,-0.045043,-0.661602,1.667366,-0.066091,-0.591288,1.639138,1.085320,-0.800367,,,90.890327,85.229553,72.716263,68.002129,0.392722,0.368645,0.072016,0.014170,-0.028228,,,,,,,,,
29602,,,,,,,,,1.290972,0.652435,,,,,,,,,,-0.046263,-0.649534,1.655138,,,,,,
29611,,,,,,,,,1.263504,-2.609736,,,74.252495,69.196930,0.380688,0.359903,,,,-0.047156,-0.637618,1.643856,,,,,,
29621,,,,,,,,,1.126167,-0.652435,,,73.366905,69.113152,0.393048,0.363965,,,,-0.048110,-0.625424,1.636274,,,,,,
29631,,,,,,,,,1.290972,-0.652435,,,75.344482,70.131744,0.376382,0.356798,,,,-0.049124,-0.613169,1.628675,,,,,,
29641,,,,,,,,,1.290972,-0.652435,,,76.463875,72.077881,0.368073,0.339967,,,,-0.049829,-0.600926,1.621050,,,,,,
29649,-0.049856,-0.600618,1.622199,-0.068880,-0.530647,1.594562,1.170943,-0.869581,,,96.109238,90.059174,76.861191,73.170815,0.420138,0.380712,0.070856,0.015403,-0.027637,,,,,,,,,
29652,,,,,,,,,1.318439,0.000000,,,,,,,,,,-0.050444,-0.588974,1.617195,,,,,,
29661,,,,,,,,,1.318439,-1.304869,,,78.829117,74.634949,0.403915,0.369155,,,,-0.050951,-0.576181,1.609549,,,,,,
29671,,,,,,,,,1.345907,-0.652434,,,79.940392,75.866875,0.396036,0.359674,,,,-0.051588,-0.563219,1.597961,,,,,,
29681,,,,,,,,,1.126167,-0.652435,,,78.152702,74.180702,0.417504,0.379712,,,,-0.052079,-0.549935,1.594147,,,,,,
29691,,,,,,,,,1.318439,-1.304869,,,79.915794,75.484673,0.403112,0.369587,,,,-0.052487,-0.536264,1.590258,,,,,,
29699,-0.052385,-0.536133,1.587468,-0.068920,-0.465625,1.548635,1.257475,-0.908977,,,102.066559,94.809837,81.399261,76.581833,0.451984,0.409768,0.070774,0.015358,-0.038834,,,,,,,,,
29702,,,,,,,,,1.345907,-1.957305,,,,,,,,,,-0.052908,-0.522550,1.578548,,,,,,
29711,,,,,,,,,1.428309,-1.304868,,,83.191994,78.049522,0.437832,0.398443,,,,-0.053259,-0.509510,1.567437,,,,,,
29721,,,,,,,,,1.455776,-0.652433,,,84.700401,79.828979,0.426221,0.383644,,,,-0.053254,-0.496357,1.555946,,,,,,
29731,,,,,,,,,1.483244,1.304866,,,85.969574,81.326218,0.416749,0.371369,,,,-0.053128,-0.482653,1.548187,,,,,,
29741,,,,,,,,,1.263504,-2.609736,,,85.403824,80.407822,0.425739,0.383433,,,,-0.052879,-0.468472,1.536834,,,,,,
29749,-0.052614,-0.468853,1.530146,-0.065768,-0.396432,1.502387,1.343390,-0.924698,,,107.400024,100.861511,87.105972,81.268707,0.466111,0.439260,0.071827,0.016087,-0.027759,,,,,,,,,
29752,,,,,,,,,1.483244,-1.304866,,,,,,,,,,-0.052530,-0.453867,1.525095,,,,,,
29761,,,,,,,,,1.400841,-0.652435,,,87.993622,82.537605,0.461115,0.430235,,,,-0.051629,-0.438722,1.509418,,,,,,
29771,,,,,,,,,1.565646,-1.957302,,,89.829575,84.149796,0.446270,0.417456,,,,-0.050707,-0.424061,1.494213,,,,,,
29781,,,,,,,,,1.318439,-1.304869,,,89.196175,83.328117,0.456245,0.429179,,,,-0.049781,-0.409338,1.483051,,,,,,
29791,,,,,,,,,1.538179,0.000000,,,90.841400,84.814934,0.443104,0.417520,,,,-0.048719,-0.394143,1.471828,,,,,,
29799,-0.048754,-0.393965,1.476720,-0.059060,-0.323400,1.456573,1.426896,-0.922710,,,111.604370,105.694260,92.225693,87.155029,0.475181,0.446155,0.069285,0.016889,-0.020147,,,,,,,,,
29802,,,,,,,,,1.648049,-1.304868,,,,,,,,,,-0.047552,-0.379321,1.460722,,,,,,
29811,,,,,,,,,1.565646,-1.957302,,,94.479523,88.579437,0.456067,0.435334,,,,-0.046287,-0.364286,1.449697,,,,,,
29821,,,,,,,,,1.565646,-1.957302,,,95.831352,89.777939,0.445704,0.426532,,,,-0.044461,-0.348746,1.438475,,,,,,
29831,,,,,,,,,1.648049,1.304868,,,96.968781,91.875443,0.437256,0.408321,,,,-0.042451,-0.333245,1.423862,,,,,,
29841,,,,,,,,,1.455776,-1.957302,,,95.747643,90.917564,0.452639,0.420855,,,,-0.040079,-0.317631,1.413139,,,,,,
29849,-0.039953,-0.317989,1.410272,-0.048529,-0.246972,1.411713,1.506065,-0.908155,,,115.310005,111.610260,97.987434,92.289780,0.470762,0.470157,0.068733,0.019817,0.001441,,,,,,,,,
29852,,,,,,,,,1.702984,-1.304869,,,,,,,,,,-0.037744,-0.301996,1.405725,,,,,,
29861,,,,,,,,,1.620581,-0.652433,,,99.327454,93.988907,0.460558,0.456690,,,,-0.034974,-0.285855,1.391319,,,,,,
29871,,,,,,,,,1.702984,-1.304869,,,100.454948,95.418549,0.452254,0.445632,,,,-0.032449,-0.269867,1.383978,,,,,,
29881,,,,,,,,,1.620581,0.652433,,,101.403618,96.621452,0.445549,0.436600,,,,-0.029601,-0.253570,1.373163,,,,,,
29891,,,,,,,,,1.757919,-1.304868,,,102.746376,98.178116,0.434634,0.423720,,,,-0.026291,-0.236639,1.362379,,,,,,
29899,-0.026033,-0.236225,1.360934,-0.034010,-0.167691,1.368159,1.578967,-0.885073,,,118.486008,115.649467,95.708023,92.408829,0.541333,0.526453,0.065368,0.022080,0.007225,,,,,,,,,
29902,,,,,,,,,0.961362,0.652434,,,,,,,,,,-0.023068,-0.220369,1.355406,,,,,,
29911,,,,,,,,,1.675516,-0.652435,,,97.954102,94.633614,0.522979,0.508409,,,,-0.019671,-0.203709,1.348191,,,,,,
29921,,,,,,,,,1.812854,0.000000,,,100.388496,97.594635,0.502254,0.482409,,,,-0.015757,-0.187018,1.341109,,,,,,
29931,,,,,,,,,1.840321,-0.652435,,,102.981339,100.086037,0.479427,0.460608,,,,-0.011800,-0.170428,1.337624,,,,,,
29941,,,,,,,,,1.510712,1.957302,,,100.806610,98.915047,0.504710,0.475665,,,,-0.007484,-0.153312,1.327105,,,,,,
29949,-0.007959,-0.154024,1.338136,-0.015447,-0.086170,1.326139,1.643806,-0.856364,,,123.095482,118.533630,103.333138,101.197029,0.529492,0.485154,0.064299,0.022931,-0.011998,,,,,,,,,
29952,,,,,,,,,1.812854,-1.304869,,,,,,,,,,-0.003430,-0.136124,1.323498,,,,,,
29961,,,,,,,,,1.895256,-1.957303,,,106.003502,103.117096,0.506207,0.469037,,,,0.000975,-0.118245,1.316313,,,,,,
29971,,,,,,,,,1.867789,-1.304868,,,107.705803,104.188095,0.492262,0.461196,,,,0.005691,-0.100230,1.309306,,,,,,
29981,,,,,,,,,1.895256,-0.652433,,,109.682663,106.722862,0.475176,0.438210,,,,0.010178,-0.082515,1.299024,,,,,,
29991,,,,,,,,,1.812854,-2.609736,,,111.345993,107.221985,0.460892,0.435481,,,,0.015130,-0.064810,1.288455,,,,,,
30000,0.015378,-0.065011,1.281695,0.007108,-0.003076,1.285812,1.699018,-0.823915,0.961362,-0.652434,123.481613,120.960037,104.032822,99.473801,0.541775,0.541524,0.057007,0.025584,0.004117,,,,,,,,,
30003,,,,,,,,,,,,,,,,,,,,0.020319,-0.046588,1.274581,,,,,,
30011,,,,,,,,,1.895256,-0.652433,,,106.592216,102.211716,0.519559,0.517895,,,,0.025559,-0.028706,1.264272,,,,,,
30021,,,,,,,,,2.032593,0.000000,,,109.290230,105.059937,0.495417,0.492593,,,,0.030970,-0.010866,1.250602,,,,,,
30031,,,,,,,,,1.977659,0.000000,,,112.104881,108.000969,0.469546,0.465774,,,,0.036076,0.006213,1.240455,,,,,,
30041,,,,,,,,,1.950191,0.652435,,,113.928589,109.931015,0.453219,0.448680,,,,0.041769,0.023613,1.234114,,,,,,
30049,0.041808,0.024042,1.240839,0.033496,0.080902,1.247301,1.743348,-0.788767,,,124.324890,122.332413,114.918510,111.010414,0.453634,0.453874,0.051099,0.026287,0.006462,,,,,,,,,
30052,,,,,,,,,1.977659,-2.609736,,,,,,,,,,0.048309,0.042887,1.226892,,,,,,
30061,,,,,,,,,1.400841,-1.957302,,,111.939629,108.106812,0.485900,0.485755,,,,0.054564,0.061924,1.216689,,,,,,
30071,,,,,,,,,1.895256,1.957303,,,113.245003,110.020065,0.475062,0.469085,,,,0.061381,0.080266,1.206560,,,,,,
30081,,,,,,,,,2.032593,-1.304868,,,115.432426,111.629883,0.454967,0.455127,,,,0.068066,0.098316,1.199821,,,,,,
30091,,,,,,,,,1.895256,-1.957303,,,116.728386,112.984383,0.443526,0.443452,,,,0.074993,0.116487,1.186447,,,,,,
30100,0.075123,0.116128,1.182817,0.063460,0.165076,1.210724,1.775899,-0.751291,0.961362,1.957303,122.043350,122.862732,107.472481,105.411362,0.516184,0.527976,0.040898,0.029314,0.027907,,,,,,,,,
30103,,,,,,,,,,,,,,,,,,,,0.082055,0.134788,1.179832,,,,,,
30111,,,,,,,,,2.114996,1.957302,,,108.941803,110.474831,0.504111,0.479818,,,,0.089096,0.152053,1.179884,,,,,,
30121,,,,,,,,,1.977659,0.000000,,,111.811714,112.557060,0.477458,0.461057,,,,0.096851,0.170110,1.173190,,,,,,
30131,,,,,,,,,2.032593,-1.304868,,,114.771004,114.309052,0.449320,0.445248,,,,0.104241,0.188052,1.166592,,,,,,
30141,,,,,,,,,2.032593,1.304868,,,116.171860,115.783180,0.436486,0.431923,,,,0.111828,0.205983,1.160058,,,,,,
30149,0.111771,0.206417,1.167428,0.096654,0.248785,1.176217,1.796155,-0.711340,1.812854,-1.304869,122.053535,121.038750,,,,,0.033034,0.030534,0.008790,,,,,,,,,
30152,,,,,,,,,,,,,117.350540,117.568054,0.425741,0.396528,,,,0.119694,0.224190,1.153555,,,,,,
30161,,,,,,,,,1.620581,-0.652433,,,113.985939,111.990784,0.461001,0.454111,,,,0.127500,0.242127,1.150197,,,,,,
30171,,,,,,,,,1.785386,-0.652434,,,114.966766,112.743500,0.452610,0.448242,,,,0.135611,0.260242,1.143663,,,,,,
30181,,,,,,,,,2.032593,1.304868,,,116.336578,114.465919,0.440055,0.432333,,,,0.143816,0.279063,1.140370,,,,,,
30191,,,,,,,,,1.977659,-1.304869,,,117.489136,115.370621,0.429443,0.424419,,,,0.152136,0.297583,1.130283,,,,,,
30199,0.152236,0.297463,1.127935,0.132657,0.331417,1.143949,1.803975,-0.668383,,,118.931053,119.074265,118.458900,116.131836,0.388615,0.397751,0.022289,0.032240,0.016013,,,,,,,,,
30202,,,,,,,,,1.977659,-1.304869,,,,,,,,,,0.161070,0.315923,1.120430,,,,,,
30211,,,,,,,,,1.785386,0.652434,,,118.185776,115.683235,0.391495,0.402915,,,,0.169523,0.333607,1.113883,,,,,,
30221,,,,,,,,,1.373374,-1.304869,,,113.599617,111.493980,0.438423,0.446324,,,,0.178287,0.351159,1.110641,,,,,,
30231,,,,,,,,,2.005126,-1.957303,,,115.186256,112.870033,0.423305,0.433804,,,,0.186967,0.369053,1.104108,,,,,,
30241,,,,,,,,,1.922724,2.609737,,,115.976715,114.572388,0.415992,0.417681,,,,0.195739,0.386552,1.097626,,,,,,
30249,0.195159,0.386536,1.111081,0.170987,0.412426,1.114138,1.799565,-0.621597,,,116.501381,115.461288,116.641808,114.371117,0.385016,0.383782,0.012477,0.033150,0.003057,,,,,,,,,
30252,,,,,,,,,2.032593,-1.304868,,,,,,,,,,0.204807,0.404141,1.094384,,,,,,
30261,,,,,,,,,1.290972,-0.652435,,,112.845070,110.934509,0.423715,0.419053,,,,0.213378,0.421532,1.094307,,,,,,
30271,,,,,,,,,1.895256,0.652433,,,113.462296,111.854752,0.418150,0.410572,,,,0.222196,0.438295,1.087843,,,,,,
30281,,,,,,,,,1.922724,-2.609737,,,115.070717,112.629044,0.402352,0.403396,,,,0.231250,0.455152,1.084660,,,,,,
30291,,,,,,,,,1.895256,-0.652433,,,114.790413,113.280533,0.405497,0.397317,,,,0.240170,0.472224,1.078170,,,,,,
30299,0.240038,0.472101,1.078190,0.211115,0.491344,1.087055,1.783426,-0.569947,,,112.407967,112.354561,115.643646,113.828697,0.355384,0.360473,0.003277,0.034584,0.008865,,,,,,,,,
30302,,,,,,,,,1.867789,2.609737,,,,,,,,,,0.249220,0.488827,1.074985,,,,,,
30311,,,,,,,,,1.812854,-1.304869,,,115.817017,113.745377,0.352968,0.361028,,,,0.258087,0.505891,1.068574,,,,,,
30321,,,,,,,,,1.565646,-1.957302,,,112.151085,110.408012,0.389679,0.394791,,,,0.266983,0.521993,1.062219,,,,,,
30331,,,,,,,,,1.840321,0.652435,,,113.422920,110.867210,0.376757,0.390497,,,,0.276345,0.538287,1.058957,,,,,,
30341,,,,,,,,,1.785386,-0.652434,,,113.403954,110.709038,0.376748,0.392408,,,,0.285475,0.554790,1.049348,,,,,,
30349,0.285310,0.554394,1.049034,0.252483,0.567796,1.063034,1.756323,-0.512259,,,108.022797,108.828384,113.388000,111.120499,0.331983,0.352573,-0.004743,0.035139,0.014000,,,,,,,,,
30352,,,,,,,,,1.785386,-1.957303,,,,,,,,,,0.294911,0.570901,1.046118,,,,,,
30361,,,,,,,,,1.400841,0.652435,,,109.018227,107.654900,0.375481,0.387463,,,,0.304332,0.586892,1.046109,,,,,,
30371,,,,,,,,,1.757919,0.000000,,,109.697845,108.006203,0.368350,0.384115,,,,0.313660,0.602800,1.042913,,,,,,
30381,,,,,,,,,1.812854,1.304869,,,109.180595,108.301788,0.373291,0.381264,,,,0.323127,0.618576,1.042908,,,,,,
30391,,,,,,,,,1.702984,1.304869,,,109.289925,108.550491,0.371944,0.378833,,,,0.332593,0.634383,1.042901,,,,,,
30399,0.332019,0.633959,1.048871,0.294514,0.641495,1.042472,1.719211,-0.447265,1.757919,0.000000,104.566673,103.487068,109.381912,109.304291,0.335500,0.316718,-0.012166,0.036269,-0.006399,,,,,,,,,
30403,,,,,,,,,,,,,,,,,,,,0.341805,0.649698,1.046084,,,,,,
30411,,,,,,,,,1.648049,-1.304868,,,108.914764,108.304909,0.339302,0.325749,,,,0.351267,0.665133,1.046238,,,,,,
30421,,,,,,,,,1.455776,-0.652433,,,105.254448,104.196770,0.375768,0.366688,,,,0.360513,0.680839,1.049463,,,,,,
30431,,,,,,,,,1.648049,0.000000,,,104.897377,104.551987,0.379272,0.362923,,,,0.369769,0.696621,1.046195,,,,,,
30441,,,,,,,,,1.702984,0.000000,,,105.141479,104.850868,0.376716,0.359661,,,,0.378777,0.711894,1.046356,,,,,,
30449,0.378417,0.711547,1.046558,0.336635,0.712252,1.025832,1.673183,-0.373666,,,99.954315,97.727737,105.346863,104.013260,0.327460,0.309187,-0.020304,0.036524,-0.020726,,,,,,,,,
30452,,,,,,,,,1.730451,-0.652434,,,,,,,,,,0.387984,0.727710,1.043246,,,,,,
30461,,,,,,,,,1.565646,-1.957302,,,105.519676,103.853035,0.324619,0.309564,,,,0.396786,0.742811,1.036853,,,,,,
30471,,,,,,,,,1.620581,0.652433,,,105.120537,103.173683,0.327577,0.315268,,,,0.405550,0.757787,1.030355,,,,,,
30481,,,,,,,,,1.345907,0.652434,,,101.517441,99.879364,0.363296,0.347781,,,,0.414225,0.772498,1.020602,,,,,,
30491,,,,,,,,,1.675516,-0.652435,,,101.753059,100.374779,0.360580,0.342298,,,,0.422725,0.786343,1.014534,,,,,,
30499,0.422624,0.786094,1.014487,0.378278,0.779959,1.013640,1.619428,-0.290173,1.538179,0.000000,93.089569,93.235970,,,,,-0.028627,0.034420,-0.000846,,,,,,,,,
30502,,,,,,,,,,,,,103.040390,100.791618,0.277069,0.291701,,,,0.431279,0.799764,1.005248,,,,,,
30511,,,,,,,,,1.593114,-2.609737,,,101.945381,99.508720,0.286248,0.303275,,,,0.439986,0.813750,0.998480,,,,,,
30521,,,,,,,,,1.318439,1.304869,,,98.845871,96.251114,0.316092,0.335248,,,,0.448567,0.827183,0.989023,,,,,,
30531,,,,,,,,,1.593114,-1.304868,,,98.960655,96.777428,0.313769,0.329277,,,,0.457582,0.840643,0.982787,,,,,,
30541,,,,,,,,,1.428309,0.000000,,,97.968147,96.131180,0.322719,0.335160,,,,0.466442,0.853696,0.976766,,,,,,
30549,0.465945,0.853103,0.979925,0.418904,0.844591,1.006480,1.559172,-0.195565,1.538179,0.000000,86.418030,89.692947,,,,,-0.033274,0.034324,0.026555,,,,,,,,,
30552,,,,,,,,,,,,,98.766678,96.131973,0.245548,0.298434,,,,0.475525,0.866922,0.970649,,,,,,
30561,,,,,,,,,1.510711,0.652434,,,96.715851,95.588097,0.263997,0.302694,,,,0.484701,0.880056,0.970662,,,,,,
30571,,,,,,,,,1.455776,0.652433,,,95.534828,95.130478,0.273984,0.306182,,,,0.493969,0.892952,0.967896,,,,,,
30581,,,,,,,,,1.263504,0.000000,,,92.362938,92.567261,0.304514,0.331240,,,,0.502504,0.905457,0.970649,,,,,,
30591,,,,,,,,,1.455776,0.652433,,,91.872292,92.588745,0.308329,0.330446,,,,0.511164,0.917595,0.977133,,,,,,
30599,0.510704,0.917301,0.980093,0.458001,0.906190,1.004987,1.493658,-0.088731,1.400841,-0.652435,80.647049,84.300575,90.914917,92.062279,0.258140,0.280234,-0.038581,0.037584,0.024895,,,,,,,,,
30603,,,,,,,,,,,,,,,,,,,,0.519322,0.929370,0.983147,,,,,,
30611,,,,,,,,,1.428309,2.609736,,,90.653923,92.163857,0.258748,0.277646,,,,0.527566,0.941661,0.989285,,,,,,
30621,,,,,,,,,1.428309,0.000000,,,89.889778,91.704781,0.264541,0.280756,,,,0.535539,0.953291,0.995520,,,,,,
30631,,,,,,,,,1.318439,0.000000,,,88.702286,90.773972,0.274805,0.288769,,,,0.543861,0.965486,1.005092,,,,,,
30641,,,,,,,,,1.126167,0.652435,,,85.524956,87.812614,0.305603,0.317680,,,,0.551891,0.977553,1.011533,,,,,,
30649,0.551003,0.976464,1.011625,0.495101,0.964846,1.009838,1.424108,0.031269,,,76.967590,78.825096,85.029724,87.499100,0.272148,0.264326,-0.039503,0.041225,-0.001788,,,,,,,,,
30652,,,,,,,,,1.373374,2.609737,,,,,,,,,,0.559666,0.989609,1.017748,,,,,,
30661,,,,,,,,,1.400841,-0.652435,,,85.157578,87.779854,0.269232,0.259728,,,,0.567112,1.001102,1.024100,,,,,,
30671,,,,,,,,,1.290972,0.652435,,,84.176071,86.926994,0.277605,0.266636,,,,0.574394,1.012447,1.030625,,,,,,
30681,,,,,,,,,1.208569,0.000000,,,82.805687,85.120308,0.290141,0.283444,,,,0.581556,1.023981,1.033764,,,,,,
30691,,,,,,,,,1.290972,0.652435,,,82.197189,84.689255,0.295180,0.286581,,,,0.588571,1.035592,1.036775,,,,,,
30699,0.588219,1.035266,1.037396,0.529779,1.020693,1.021741,1.351714,0.165158,,,71.902893,73.267303,82.229744,83.782021,0.242142,0.237973,-0.042264,0.042912,-0.015655,,,,,,,,,
30702,,,,,,,,,1.318439,0.000000,,,,,,,,,,0.595734,1.047186,1.036883,,,,,,
30711,,,,,,,,,1.208569,-1.304866,,,81.168045,83.018677,0.250906,0.243656,,,,0.602813,1.058568,1.040481,,,,,,
30721,,,,,,,,,1.236037,1.957302,,,80.819275,82.376396,0.252611,0.248257,,,,0.609377,1.069502,1.037087,,,,,,
30731,,,,,,,,,1.263504,-1.304869,,,80.525818,81.291435,0.253821,0.257502,,,,0.615948,1.080405,1.036865,,,,,,
30741,,,,,,,,,1.126167,-0.652435,,,78.645279,79.289467,0.271278,0.276317,,,,0.622744,1.091367,1.033970,,,,,,
30749,0.622307,1.090694,1.031519,0.561661,1.073882,1.041415,1.277625,0.313371,,,64.932289,69.130844,78.152077,78.694099,0.203860,0.238993,-0.045568,0.043406,0.009896,,,,,,,,,
30752,,,,,,,,,1.181102,-0.652433,,,,,,,,,,0.629331,1.102067,1.034051,,,,,,
30761,,,,,,,,,1.181102,1.957302,,,77.737099,78.193153,0.205449,0.242190,,,,0.635886,1.112626,1.030936,,,,,,
30771,,,,,,,,,1.153634,-1.304868,,,76.843391,77.227119,0.212003,0.250231,,,,0.642071,1.122804,1.030903,,,,,,
30781,,,,,,,,,1.153634,2.609736,,,75.546883,76.958839,0.222846,0.251349,,,,0.648650,1.133322,1.037216,,,,,,
30791,,,,,,,,,1.098699,0.000000,,,74.456001,76.188568,0.231850,0.257640,,,,0.654943,1.143362,1.040604,,,,,,
30799,0.654569,1.142899,1.039838,0.590429,1.124573,1.069574,1.202937,0.475982,,,58.315281,64.827087,71.904503,72.817741,0.188477,0.246712,-0.048281,0.046030,0.029737,,,,,,,,,
30802,,,,,,,,,0.961362,-0.652434,,,,,,,,,,0.660785,1.152900,1.047161,,,,,,
30811,,,,,,,,,1.071232,0.652434,,,70.846764,72.704247,0.196548,0.246272,,,,0.666485,1.162831,1.056314,,,,,,
30821,,,,,,,,,1.016297,1.957302,,,69.412239,72.064209,0.208674,0.251225,,,,0.672114,1.172440,1.065719,,,,,,
30831,,,,,,,,,1.153634,1.304868,,,68.749771,72.070221,0.213212,0.249716,,,,0.677751,1.182121,1.078810,,,,,,
30841,,,,,,,,,1.071232,1.957303,,,67.647827,72.075279,0.222364,0.248216,,,,0.683217,1.191814,1.094896,,,,,,
30849,0.682911,1.191685,1.098480,0.615816,1.172916,1.106898,1.128684,0.652628,,,54.324608,60.184132,66.720650,71.534996,0.189250,0.204919,-0.047239,0.051210,0.008419,,,,,,,,,
30852,,,,,,,,,1.043764,1.304868,,,,,,,,,,0.688492,1.201433,1.104871,,,,,,
30861,,,,,,,,,1.016297,1.957302,,,65.940521,71.080399,0.194728,0.207286,,,,0.693421,1.210999,1.124280,,,,,,
30871,,,,,,,,,0.988829,1.304868,,,64.739578,70.153358,0.204655,0.214562,,,,0.698302,1.220110,1.140676,,,,,,
30881,,,,,,,,,0.988829,0.000000,,,63.729107,69.373344,0.212879,0.220525,,,,0.702750,1.229353,1.156967,,,,,,
30891,,,,,,,,,0.988829,1.304868,,,62.878899,68.717041,0.219670,0.225381,,,,0.707008,1.238219,1.167104,,,,,,
30900,0.706751,1.238069,1.166814,0.637610,1.219036,1.154009,1.055828,0.842412,0.741622,1.957302,50.693146,56.142616,59.985359,65.986656,0.210432,0.210301,-0.044679,0.056094,-0.012805,,,,,,,,,
30903,,,,,,,,,,,,,,,,,,,,0.711194,1.247480,1.180334,,,,,,
30911,,,,,,,,,0.961362,1.957303,,,59.184364,65.322945,0.216744,0.215102,,,,0.715077,1.256517,1.193716,,,,,,
30921,,,,,,,,,0.988829,0.000000,,,59.054951,64.764496,0.216366,0.218962,,,,0.718834,1.265410,1.200430,,,,,,
30931,,,,,,,,,0.933894,1.304869,,,58.946064,64.294617,0.215804,0.222030,,,,0.722630,1.274639,1.207106,,,,,,
30941,,,,,,,,,0.878959,0.000000,,,58.309902,63.354717,0.220642,0.229987,,,,0.726118,1.283707,1.217143,,,,,,
30949,0.725929,1.283274,1.212919,0.655659,1.263032,1.211441,0.985248,1.043842,1.016297,0.652434,45.708519,52.936729,58.319180,63.108429,0.168181,0.198357,-0.043574,0.058728,-0.001478,,,,,,,,,
30952,,,,,,,,,,,,,,,,,,,,0.729591,1.292610,1.224010,,,,,,
30961,,,,,,,,,0.906427,0.652435,,,57.782440,62.356659,0.171134,0.203990,,,,0.732941,1.301640,1.224069,,,,,,
30971,,,,,,,,,0.824024,1.304869,,,56.786285,61.724121,0.178880,0.208558,,,,0.736262,1.310447,1.234152,,,,,,
30981,,,,,,,,,0.961362,0.652434,,,56.492664,61.191902,0.179659,0.212229,,,,0.739626,1.319305,1.244714,,,,,,
30991,,,,,,,,,0.878959,1.304869,,,55.701069,60.744095,0.185576,0.215146,,,,0.742668,1.327975,1.254935,,,,,,
31000,0.742448,1.327716,1.256880,0.669859,1.304957,1.279606,0.917716,1.254817,0.714155,0.000000,40.091442,49.808861,53.945934,58.189137,0.144186,0.207741,-0.044061,0.062014,0.022727,0.745708,1.336237,1.264935,,,,,,
31011,,,,,,,,,0.824024,1.304869,,,53.013706,58.217567,0.150924,0.205775,,,,0.748383,1.344355,1.278840,,,,,,
31021,,,,,,,,,0.824024,2.609737,,,52.229328,57.696945,0.156340,0.209403,,,,,,,,,,,,
31024,,,,,,,,,,,,,,,,,,,,0.751024,1.352409,1.292520,,,,,,
31031,,,,,,,,,0.824024,1.304869,,,51.569355,57.258892,0.160644,0.212294,,,,0.753490,1.360626,1.306598,,,,,,
31041,,,,,,,,,0.851492,1.957303,,,50.469509,57.434860,0.169567,0.209009,,,,0.755793,1.368600,1.327356,,,,,,
31049,0.755616,1.368616,1.329649,0.680166,1.344821,1.358777,0.853882,1.472697,,,36.207260,47.349937,49.544102,57.582920,0.137312,0.180893,-0.041125,0.067585,0.029128,,,,,,,,,
31052,,,,,,,,,0.796557,1.957302,,,,,,,,,,0.758141,1.376854,1.348650,,,,,,
31061,,,,,,,,,0.769089,2.609737,,,48.220921,56.618408,0.148141,0.188684,,,,0.759924,1.384877,1.369885,,,,,,
31071,,,,,,,,,0.769089,2.609737,,,47.107594,56.351414,0.157094,0.189554,,,,0.761795,1.392809,1.391642,,,,,,
31081,,,,,,,,,0.714154,1.304868,,,46.170841,55.582218,0.164469,0.195599,,,,0.763519,1.400624,1.417159,,,,,,
31091,,,,,,,,,0.796557,3.262171,,,45.382660,55.479561,0.170516,0.195000,,,,0.765135,1.408446,1.443004,,,,,,
31099,0.764880,1.408401,1.447172,0.686584,1.382583,1.449079,0.794251,1.694541,,,34.278278,45.160164,44.719482,55.393185,0.155770,0.171919,-0.035276,0.074515,0.001907,,,,,,,,,
31102,,,,,,,,,0.741622,1.957302,,,,,,,,,,0.766235,1.416019,1.469019,,,,,,
31111,,,,,,,,,0.714154,2.609737,,,44.161484,54.775967,0.159373,0.176168,,,,0.767157,1.423043,1.491197,,,,,,
31121,,,,,,,,,0.714154,2.609737,,,43.147442,54.256638,0.167740,0.179542,,,,0.767959,1.430131,1.513640,,,,,,
31131,,,,,,,,,0.741622,1.957302,,,42.838772,53.275131,0.169114,0.187734,,,,0.768439,1.437086,1.532595,,,,,,
31141,,,,,,,,,0.686687,1.957303,,,42.034512,52.993835,0.175605,0.188981,,,,0.768964,1.443992,1.555639,,,,,,
31149,0.768834,1.443879,1.554746,0.689167,1.418153,1.550506,0.739174,1.917494,,,32.732750,44.475147,41.902351,52.212612,0.159638,0.188395,-0.027001,0.079244,-0.004240,,,,,,,,,
31152,,,,,,,,,0.741622,1.957302,,,,,,,,,,0.769214,1.451067,1.573470,,,,,,
31161,,,,,,,,,0.714154,1.304868,,,41.246609,51.555290,0.164493,0.193552,,,,0.769438,1.457718,1.596805,,,,,,
31171,,,,,,,,,0.686687,1.957303,,,40.694866,51.002220,0.168418,0.197778,,,,0.769545,1.464513,1.612460,,,,,,
31181,,,,,,,,,0.714154,2.609737,,,40.230629,51.081409,0.171560,0.195665,,,,0.769385,1.471148,1.631769,,,,,,
31191,,,,,,,,,0.659220,1.304869,,,39.840019,50.603497,0.174045,0.199218,,,,0.769073,1.477736,1.650783,,,,,,
31199,0.769000,1.477660,1.648197,0.688024,1.451400,1.662960,0.688850,2.139242,,,30.595783,44.295883,40.055904,50.201382,0.148624,0.200265,-0.019920,0.082765,0.014763,,,,,,,,,
31202,,,,,,,,,0.769089,2.609737,,,,,,,,,,0.768746,1.484190,1.669696,,,,,,
31211,,,,,,,,,0.686687,1.957303,,,39.693008,50.407585,0.150434,0.196981,,,,0.768225,1.490592,1.692186,,,,,,
31221,,,,,,,,,0.686687,3.262170,,,39.387669,50.036541,0.151729,0.199543,,,,0.767707,1.496756,1.710763,,,,,,
31231,,,,,,,,,0.686687,1.957303,,,39.130753,50.268887,0.152591,0.196025,,,,0.767032,1.502773,1.732741,,,,,,
31241,,,,,,,,,0.659220,1.304869,,,38.370041,49.919838,0.158643,0.198391,,,,0.766201,1.509288,1.754445,,,,,,
31249,0.766123,1.509382,1.751002,0.683305,1.482151,1.786306,0.643348,2.358465,,,29.024445,44.624134,37.729980,49.626148,0.147590,0.203610,-0.011946,0.086358,0.035304,,,,,,,,,
31252,,,,,,,,,0.686687,3.262170,,,,,,,,,,0.765070,1.515872,1.775926,,,,,,
31261,,,,,,,,,0.631752,1.957303,,,37.191433,48.834496,0.151342,0.210684,,,,0.763867,1.522249,1.800762,,,,,,
31271,,,,,,,,,0.631752,1.957303,,,36.738300,48.712944,0.154330,0.211082,,,,0.762541,1.528688,1.825426,,,,,,
31281,,,,,,,,,0.631752,3.262170,,,36.357033,48.610668,0.156676,0.211308,,,,0.761107,1.535266,1.853211,,,,,,
31291,,,,,,,,,0.659220,2.609737,,,36.036236,48.524616,0.158482,0.211388,,,,0.759588,1.541711,1.880775,,,,,,
31299,0.759464,1.541681,1.880832,0.675210,1.510198,1.920413,0.602646,2.574929,,,28.050011,44.816120,35.221771,48.996754,0.155448,0.207750,-0.004277,0.089842,0.039582,,,,,,,,,
31302,,,,,,,,,0.714154,3.914605,,,,,,,,,,0.757904,1.548088,1.911419,,,,,,
31311,,,,,,,,,0.576817,3.262172,,,34.536484,48.849468,0.161003,0.208417,,,,0.755924,1.554347,1.938394,,,,,,
31321,,,,,,,,,0.659220,2.609737,,,34.504425,48.725540,0.160033,0.208874,,,,0.753776,1.560716,1.971668,,,,,,
31331,,,,,,,,,0.631752,3.262170,,,33.932907,48.621269,0.164572,0.209156,,,,0.751582,1.566828,2.001435,,,,,,
31341,,,,,,,,,0.686687,3.262170,,,33.996574,48.533535,0.162746,0.209290,,,,0.749193,1.573101,2.034100,,,,,,
31346,,,,,,,,,,,,,,,,,,,,0.749193,1.573101,2.034100,,,,,,
31349,0.748957,1.573129,2.034920,0.663982,1.535313,2.065163,0.566699,2.789005,,,27.879259,45.301094,33.505604,49.004257,0.164823,0.208691,0.004223,0.092914,0.030243,,,,,,,,,
31352,,,,,,,,,0.631752,3.262170,,,,,,,,,,0.746544,1.579125,2.066478,,,,,,
31361,,,,,,,,,0.659220,3.914604,,,33.092499,48.855782,0.167911,0.209465,,,,0.743716,1.584917,2.098538,,,,,,
31371,,,,,,,,,0.604285,2.609737,,,32.744911,48.730854,0.170414,0.210029,,,,0.740682,1.590663,2.130350,,,,,,
31381,,,,,,,,,0.714154,3.914605,,,32.996994,49.170280,0.166869,0.204860,,,,0.737414,1.596214,2.161845,,,,,,
31391,,,,,,,,,0.659220,2.609737,,,32.664555,48.995472,0.169237,0.205870,,,,0.733969,1.601731,2.193144,,,,,,
31399,0.733825,1.601716,2.190813,0.649903,1.557255,2.220372,0.535506,3.000461,,,27.801449,46.182514,32.929382,48.848389,0.164785,0.215622,0.012578,0.094135,0.029559,,,,,,,,,
31402,,,,,,,,,0.604285,2.609737,,,,,,,,,,0.730453,1.607260,2.224097,,,,,,
31411,,,,,,,,,0.686687,3.262170,,,32.607666,49.269176,0.167041,0.210796,,,,0.726765,1.612517,2.257968,,,,,,
31421,,,,,,,,,0.659220,3.914604,,,32.881519,49.078682,0.163286,0.212122,,,,0.722832,1.617731,2.288506,,,,,,
31431,,,,,,,,,0.659220,2.609737,,,32.567394,49.462944,0.165474,0.207623,,,,0.718852,1.622877,2.321788,,,,,,
31441,,,,,,,,,0.631752,4.567039,,,32.303089,49.241718,0.167217,0.209224,,,,0.714671,1.627922,2.354869,,,,,,
31449,0.714512,1.627700,2.360258,0.633298,1.575781,2.385602,0.509177,3.206496,,,28.146471,47.347630,32.625248,49.600124,0.166550,0.216840,0.021098,0.094054,0.025344,,,,,,,,,
31452,,,,,,,,,0.659220,2.609737,,,,,,,,,,0.710297,1.632811,2.390693,,,,,,
31461,,,,,,,,,0.686687,3.262170,,,32.351768,49.357143,0.168444,0.218868,,,,0.705797,1.637575,2.423299,,,,,,
31471,,,,,,,,,0.576817,3.262172,,,32.121662,49.152699,0.169950,0.220552,,,,0.701004,1.642327,2.458599,,,,,,
31481,,,,,,,,,0.714154,3.914605,,,32.472595,49.525223,0.165575,0.216391,,,,0.696118,1.646768,2.490872,,,,,,
31491,,,,,,,,,0.659220,3.914604,,,32.223328,49.838665,0.167252,0.212758,,,,0.691137,1.650899,2.525792,,,,,,
31499,0.690958,1.650704,2.528319,0.614523,1.590656,2.559895,0.487975,3.399604,,,28.194090,48.491779,32.013592,50.102394,0.169062,0.221240,0.027946,0.093098,0.031575,,,,,,,,,
31502,,,,,,,,,0.659220,3.914604,,,,,,,,,,0.686008,1.654750,2.560604,,,,,,
31511,,,,,,,,,0.659220,2.609737,,,32.381664,50.324295,0.164544,0.218655,,,,0.680583,1.658538,2.595195,,,,,,
31521,,,,,,,,,0.659220,3.914604,,,32.146816,49.966461,0.166102,0.221938,,,,0.675258,1.662125,2.629566,,,,,,
31531,,,,,,,,,0.659220,2.609737,,,31.949215,50.209923,0.167327,0.219160,,,,0.669620,1.665712,2.666629,,,,,,
31541,,,,,,,,,0.659220,3.914604,,,31.782953,50.414768,0.168272,0.216727,,,,0.663908,1.669111,2.700763,,,,,,
31549,0.663774,1.668935,2.702712,0.593968,1.601664,2.741484,0.472318,3.566296,,,28.593233,49.867554,31.643061,50.042583,0.173052,0.234172,0.034605,0.090558,0.038772,,,,,,,,,
31552,,,,,,,,,0.659220,3.914604,,,,,,,,,,0.658026,1.672332,2.737553,,,,,,
31561,,,,,,,,,0.659220,3.914604,,,32.069901,50.818516,0.168088,0.226222,,,,0.652004,1.675325,2.774211,,,,,,
31571,,,,,,,,,0.714154,3.914605,,,31.884499,50.926842,0.169284,0.224927,,,,0.645999,1.678063,2.813578,,,,,,
31581,,,,,,,,,0.659220,3.914604,,,32.273045,51.017986,0.164663,0.223785,,,,0.639835,1.680485,2.850001,,,,,,
31591,,,,,,,,,0.659220,3.914604,,,32.055424,51.094673,0.166146,0.222773,,,,0.633538,1.682862,2.889100,,,,,,
31599,0.633469,1.682620,2.889877,0.572049,1.608623,2.927643,0.462714,3.688153,,,29.554287,51.336998,31.872318,51.159199,0.177124,0.236858,0.041055,0.086963,0.037766,,,,,,,,,
31602,,,,,,,,,0.659220,3.914604,,,,,,,,,,0.627085,1.685023,2.928111,,,,,,
31611,,,,,,,,,0.686687,3.262170,,,32.262794,51.758034,0.172678,0.230785,,,,0.620506,1.686765,2.964216,,,,,,
31621,,,,,,,,,0.686687,4.567039,,,32.046799,51.717350,0.174339,0.231116,,,,0.613898,1.688247,3.003124,,,,,,
31631,,,,,,,,,0.686687,3.262170,,,31.865061,52.227661,0.175694,0.225835,,,,0.607232,1.689526,3.039119,,,,,,
31641,,,,,,,,,0.659220,3.914604,,,32.256691,52.112495,0.171238,0.226831,,,,0.600664,1.690544,3.080704,,,,,,
31649,0.600684,1.690305,3.081110,0.549198,1.611382,3.114826,0.459658,3.746228,,,30.883810,52.765358,32.041664,52.560139,0.186452,0.236680,0.046621,0.081890,0.033716,,,,,,,,,
31652,,,,,,,,,0.714154,3.914605,,,,,,,,,,0.594006,1.691270,3.119501,,,,,,
31661,,,,,,,,,0.714154,3.914605,,,32.405285,52.392242,0.182511,0.238433,,,,0.586967,1.691803,-3.124990,,,,,,
31671,,,,,,,,,0.631752,4.567039,,,32.166691,52.795517,0.184640,0.234394,,,,0.579828,1.692205,-3.086379,,,,,,
31681,,,,,,,,,0.714154,3.914605,,,32.510483,52.590290,0.180877,0.236482,,,,0.572715,1.692394,-3.044905,,,,,,
31691,,,,,,,,,0.686687,3.262170,,,32.799747,52.962154,0.177601,0.232724,,,,0.565675,1.692212,-3.006094,,,,,,
31699,0.565732,1.691984,-3.008858,0.525867,1.609836,-2.984052,0.463490,3.727845,0.686687,4.567039,32.401287,53.859474,32.498592,53.275040,0.195768,0.240653,0.050386,0.076149,0.024806,,,,,,,,,
31702,,,,,,,,,,,,,,,,,,,,0.558573,1.691700,-2.967241,,,,,,
31711,,,,,,,,,0.741622,3.262171,,,32.789742,53.538303,0.192779,0.238084,,,,0.551508,1.690966,-2.925499,,,,,,
31721,,,,,,,,,0.686687,4.567039,,,33.034718,53.759811,0.190203,0.235889,,,,0.544267,1.689929,-2.889293,,,,,,
31731,,,,,,,,,0.714154,3.914605,,,33.240837,53.401646,0.187974,0.239563,,,,0.537191,1.688480,-2.847384,,,,,,
31741,,,,,,,,,0.769089,3.914606,,,33.414268,54.189373,0.186037,0.231619,,,,0.530090,1.686891,-2.808198,,,,,,
31749,0.529940,1.686580,-2.808619,0.502509,1.603930,-2.806232,0.474284,3.632220,,,34.420902,54.642456,33.560192,54.307621,0.204946,0.238334,0.052939,0.069144,0.002388,,,,,,,,,
31752,,,,,,,,,0.686687,4.567039,,,,,,,,,,0.523121,1.684796,-2.771593,,,,,,
31761,,,,,,,,,0.741622,3.262171,,,34.227516,54.407116,0.198311,0.237386,,,,0.516240,1.682613,-2.732050,,,,,,
31771,,,,,,,,,0.714154,2.609737,,,34.789001,54.490829,0.192623,0.236579,,,,0.509570,1.680113,-2.692404,,,,,,
31781,,,,,,,,,0.796557,4.567040,,,35.261436,55.105812,0.187730,0.230336,,,,0.502929,1.677327,-2.658233,,,,,,
31791,,,,,,,,,0.714154,3.914605,,,35.114399,55.078712,0.189062,0.230520,,,,0.496656,1.674237,-2.621065,,,,,,
31800,0.496725,1.674023,-2.620385,0.479576,1.593657,-2.637695,0.491799,3.471181,0.631752,-0.652435,36.830696,55.509888,36.079769,54.511368,0.203656,0.245068,0.054889,0.061156,-0.017310,,,,,,,,,
31803,,,,,,,,,,,,,,,,,,,,0.490336,1.670959,-2.586598,,,,,,
31811,,,,,,,,,0.796557,4.567040,,,35.802944,53.489464,0.206630,0.255691,,,,0.484097,1.667428,-2.551933,,,,,,
31821,,,,,,,,,0.741622,3.262171,,,36.114567,53.718719,0.203657,0.253756,,,,0.478007,1.663725,-2.514165,,,,,,
31831,,,,,,,,,0.741622,3.262171,,,36.921310,54.456158,0.195572,0.246593,,,,0.471890,1.659770,-2.479151,,,,,,
31841,,,,,,,,,0.769089,3.914606,,,36.511017,54.532097,0.199738,0.246029,,,,0.465732,1.655517,-2.446896,,,,,,
31849,0.465702,1.655202,-2.445036,0.457509,1.579062,-2.480195,0.515511,3.264480,0.686687,3.262170,39.255962,56.156025,36.710339,54.595989,0.222507,0.252163,0.055134,0.053147,-0.035159,,,,,,,,,
31852,,,,,,,,,,,,,,,,,,,,0.459455,1.650821,-2.414491,,,,,,
31861,,,,,,,,,0.851492,3.262170,,,37.422592,55.194294,0.215751,0.246373,,,,0.453538,1.645970,-2.378849,,,,,,
31871,,,,,,,,,0.769089,3.914606,,,38.021881,55.697708,0.210005,0.241430,,,,0.447843,1.640921,-2.342950,,,,,,
31881,,,,,,,,,0.714154,2.609737,,,37.981579,55.576736,0.210663,0.242756,,,,0.442482,1.636006,-2.309668,,,,,,
31891,,,,,,,,,0.851492,3.262170,,,38.492214,56.019493,0.205709,0.238356,,,,0.437125,1.630580,-2.276264,,,,,,
31900,0.436980,1.630137,-2.276747,0.436727,1.560239,-2.334527,0.544706,3.032976,0.686687,0.652435,41.618145,56.369370,38.921864,54.213856,0.225574,0.258976,0.053356,0.045155,-0.057780,,,,,,,,,
31903,,,,,,,,,,,,,,,,,,,,0.431807,1.625227,-2.245672,,,,,,
31911,,,,,,,,,0.714154,2.609737,,,39.283371,54.328224,0.222426,0.258241,,,,0.426383,1.619345,-2.214869,,,,,,
31921,,,,,,,,,0.796557,3.262171,,,39.587543,54.968994,0.219790,0.252113,,,,0.421191,1.613427,-2.183833,,,,,,
31931,,,,,,,,,0.824024,3.914605,,,39.843472,55.508141,0.217586,0.246894,,,,0.415936,1.606859,-2.152533,,,,,,
31941,,,,,,,,,0.824024,2.609737,,,40.058811,55.961777,0.215744,0.242439,,,,0.410889,1.600300,-2.120871,,,,,,
31949,0.411017,1.600029,-2.123010,0.417616,1.537327,-2.200798,0.578579,2.793474,,,43.809532,56.374390,40.239998,56.343468,0.236560,0.238679,0.049920,0.038509,-0.077788,,,,,,,,,
31952,,,,,,,,,0.796557,3.262171,,,,,,,,,,0.406103,1.593467,-2.088957,,,,,,
31961,,,,,,,,,0.796557,3.262171,,,40.936993,56.664619,0.230165,0.235409,,,,0.401639,1.586527,-2.059999,,,,,,
31971,,,,,,,,,0.851492,1.957303,,,41.523441,56.934837,0.224758,0.232595,,,,0.397427,1.579428,-2.030847,,,,,,
31981,,,,,,,,,0.824024,2.609737,,,42.016880,57.162201,0.220182,0.230164,,,,0.393646,1.572559,-2.001319,,,,,,
31991,,,,,,,,,0.824024,2.609737,,,42.432060,57.353504,0.216305,0.228055,,,,0.389777,1.565133,-1.974969,,,,,,
32000,0.389945,1.565004,-1.976449,0.400524,1.510504,-2.078718,0.616316,2.556743,0.659220,0.000000,46.184025,56.273144,42.781391,54.791748,0.237237,0.252956,0.045903,0.031227,-0.102269,,,,,,,,,
32003,,,,,,,,,,,,,,,,,,,,0.386097,1.557572,-1.951606,,,,,,
32011,,,,,,,,,0.851492,1.957303,,,43.619862,55.359005,0.229366,0.247467,,,,0.382668,1.549643,-1.924598,,,,,,
32021,,,,,,,,,0.824024,2.609737,,,43.780807,55.836296,0.228237,0.242781,,,,0.379535,1.541858,-1.904341,,,,,,
32031,,,,,,,,,0.851492,0.652435,,,44.460770,56.237888,0.221782,0.238772,,,,0.376469,1.534408,-1.880510,,,,,,
32041,,,,,,,,,0.878959,2.609737,,,45.032890,57.120331,0.216291,0.229778,,,,0.373471,1.526699,-1.859851,,,,,,
32049,0.373618,1.526438,-1.858693,0.385744,1.479985,-1.967845,0.657142,2.327987,,,48.263325,56.508606,44.969730,56.773731,0.238374,0.235546,0.041099,0.024816,-0.109152,,,,,,,,,
32052,,,,,,,,,0.796557,3.262171,,,,,,,,,,0.370630,1.518718,-1.839048,,,,,,
32061,,,,,,,,,0.851492,1.957303,,,45.461128,57.026646,0.234021,0.232913,,,,0.367962,1.510355,-1.821447,,,,,,
32071,,,,,,,,,0.878959,1.304869,,,45.874592,57.239449,0.230364,0.230639,,,,0.365643,1.502085,-1.800405,,,,,,
32081,,,,,,,,,0.878959,1.304869,,,46.767025,57.418499,0.221739,0.228666,,,,0.363407,1.493835,-1.782613,,,,,,
32091,,,,,,,,,0.796557,1.957302,,,46.973373,57.569153,0.219933,0.226948,,,,0.361438,1.485646,-1.764895,,,,,,
32099,0.361668,1.485822,-1.764560,0.373509,1.446003,-1.867738,0.700329,2.108443,,,50.402515,57.369629,47.146996,57.151367,0.240240,0.239780,0.036794,0.019287,-0.103178,,,,,,,,,
32102,,,,,,,,,0.933894,1.304869,,,,,,,,,,0.359532,1.477617,-1.750606,,,,,,
32111,,,,,,,,,0.824024,1.304869,,,47.837624,57.344387,0.233847,0.237854,,,,0.357832,1.469212,-1.736192,,,,,,
32121,,,,,,,,,0.878959,1.304869,,,48.418716,56.962250,0.228432,0.241757,,,,0.356368,1.460741,-1.721651,,,,,,
32131,,,,,,,,,0.824024,1.304869,,,48.907650,57.185265,0.223842,0.239564,,,,0.354816,1.451964,-1.706910,,,,,,
32141,,,,,,,,,0.878959,1.304869,,,48.774494,57.372910,0.225499,0.237687,,,,0.353301,1.443252,-1.692095,,,,,,
32149,0.353414,1.443184,-1.692705,0.363982,1.408815,-1.778041,0.745181,1.897032,,,52.478779,58.796181,48.662457,56.986248,0.248146,0.256181,0.032829,0.014669,-0.085336,,,,,,,,,
32152,,,,,,,,,0.878959,1.304869,,,,,,,,,,0.351918,1.434410,-1.680931,,,,,,
32161,,,,,,,,,0.796557,1.957302,,,49.112732,57.750000,0.244316,0.248753,,,,0.350546,1.425827,-1.665923,,,,,,
32171,,,,,,,,,0.933894,1.304869,,,49.491592,57.848076,0.241125,0.247962,,,,0.349427,1.417419,-1.650884,,,,,,
32181,,,,,,,,,0.878959,1.304869,,,50.354912,57.930599,0.232916,0.247309,,,,0.348515,1.409016,-1.639704,,,,,,
32191,,,,,,,,,0.878959,1.304869,,,49.992222,58.000034,0.237041,0.246774,,,,0.347794,1.400013,-1.624576,,,,,,
32199,0.347937,1.399963,-1.624823,0.357247,1.368682,-1.698514,0.791012,1.691632,,,55.198093,60.696964,50.776138,58.058456,0.257279,0.265726,0.030732,0.010985,-0.073691,,,,,,,,,
32202,,,,,,,,,0.878959,0.000000,,,,,,,,,,0.347006,1.390897,-1.616874,,,,,,
32211,,,,,,,,,0.906427,1.957303,,,50.891182,58.652157,0.256990,0.260198,,,,0.346280,1.381719,-1.601344,,,,,,
32221,,,,,,,,,0.878959,2.609737,,,50.987980,58.607151,0.256864,0.261066,,,,0.345841,1.372735,-1.589643,,,,,,
32231,,,,,,,,,0.933894,0.000000,,,51.613972,59.113827,0.251321,0.256316,,,,0.345378,1.364082,-1.578152,,,,,,
32241,,,,,,,,,0.878959,1.304869,,,52.140678,58.995602,0.246665,0.257838,,,,0.345202,1.355209,-1.563289,,,,,,
32249,0.345352,1.355277,-1.562983,0.353305,1.325872,-1.629027,0.837115,1.489899,,,58.215164,62.771111,52.583851,59.440670,0.273531,0.274795,0.029467,0.007723,-0.066044,,,,,,,,,
32252,,,,,,,,,0.988829,1.304868,,,,,,,,,,0.345070,1.346243,-1.551452,,,,,,
32261,,,,,,,,,0.933894,1.304869,,,53.501282,59.815151,0.265299,0.271641,,,,0.344774,1.336558,-1.543812,,,,,,
32271,,,,,,,,,0.961362,0.652434,,,53.728664,60.130238,0.263922,0.269019,,,,0.344862,1.327290,-1.528358,,,,,,
32281,,,,,,,,,0.933894,1.304869,,,53.919983,60.395351,0.262868,0.266843,,,,0.345032,1.318259,-1.520705,,,,,,
32291,,,,,,,,,0.933894,1.304869,,,54.625500,60.618420,0.256531,0.265042,,,,0.345277,1.308860,-1.509192,,,,,,
32299,0.345438,1.308840,-1.508236,0.352065,1.280643,-1.569551,0.882742,1.289678,,,61.345848,64.852135,54.674580,61.350651,0.288681,0.279231,0.028556,0.004851,-0.061315,,,,,,,,,
32302,,,,,,,,,0.961362,1.957303,,,,,,,,,,0.345688,1.299642,-1.497759,,,,,,
32311,,,,,,,,,0.988829,0.000000,,,55.260418,61.422207,0.284040,0.279201,,,,0.346188,1.289907,-1.490249,,,,,,
32321,,,,,,,,,0.933894,1.304869,,,55.753342,61.482414,0.280229,0.279273,,,,0.346685,1.280256,-1.479048,,,,,,
32331,,,,,,,,,0.961362,-0.652434,,,56.712631,61.533073,0.271563,0.279430,,,,0.347388,1.270570,-1.471500,,,,,,
32341,,,,,,,,,0.988829,1.304868,,,56.975235,62.120239,0.269811,0.274105,,,,0.348059,1.261004,-1.464025,,,,,,
32349,0.348227,1.260887,-1.462266,0.353344,1.233244,-1.520141,0.927093,1.089154,,,64.527817,66.934319,57.740734,62.614281,0.295333,0.290850,0.028035,0.002093,-0.057875,,,,,,,,,
32352,,,,,,,,,1.043764,0.000000,,,,,,,,,,0.348951,1.251003,-1.456595,,,,,,
32361,,,,,,,,,0.988829,2.609737,,,57.840282,63.029968,0.295675,0.287474,,,,0.349757,1.241044,-1.445492,,,,,,
32371,,,,,,,,,0.988829,0.000000,,,58.468582,62.835186,0.290604,0.290242,,,,0.350686,1.230417,-1.438261,,,,,,
32381,,,,,,,,,1.071232,0.652434,,,59.541779,63.760380,0.280869,0.281625,,,,0.351756,1.219918,-1.430911,,,,,,
32391,,,,,,,,,1.016297,-0.652434,,,59.900223,63.994297,0.278210,0.279874,,,,0.352882,1.209605,-1.423616,,,,,,
32399,0.352907,1.209664,-1.429598,0.356865,1.183912,-1.480918,0.969324,0.886839,,,67.062401,68.598335,60.201817,64.735657,0.301913,0.289873,0.026053,0.000294,-0.051320,,,,,,,,,
32402,,,,,,,,,1.071232,1.957303,,,,,,,,,,0.354114,1.199691,-1.416197,,,,,,
32411,,,,,,,,,1.071232,0.652434,,,61.000122,65.359436,0.295142,0.284283,,,,0.355637,1.189017,-1.412639,,,,,,
32429,,,,,,,,,0.164805,0.000000,,,51.552498,53.549603,0.395432,0.407676,,,,0.357176,1.178216,-1.405468,,,,,,
32432,,,,,,,,,0.604285,-1.304869,,,,,,,,,,0.358997,1.167391,-1.402093,,,,,,
32441,,,,,,,,,1.208569,1.304866,,,54.267128,57.036579,0.370845,0.375119,,,,0.360599,1.156897,-1.394802,,,,,,
32449,0.360818,1.156329,-1.392252,0.362258,1.132866,-1.452062,1.008565,0.681482,1.153634,0.000000,69.642654,69.334320,,,,,0.023345,-0.002750,-0.059810,,,,,,,,,
32452,,,,,,,,,,,,,57.640305,61.059608,0.365316,0.343903,,,,0.362328,1.146696,-1.391057,,,,,,
32461,,,,,,,,,1.181102,0.652433,,,59.933952,62.266411,0.344321,0.333249,,,,0.363895,1.136642,-1.390785,,,,,,
32471,,,,,,,,,1.236036,-0.652434,,,62.408371,64.370903,0.321024,0.313197,,,,0.365707,1.125581,-1.383579,,,,,,
32481,,,,,,,,,1.153634,0.000000,,,63.945805,65.052536,0.306789,0.307237,,,,0.367706,1.113632,-1.380006,,,,,,
32491,,,,,,,,,1.181102,0.652433,,,65.239403,66.715149,0.294734,0.291134,,,,0.369646,1.102285,-1.376396,,,,,,
32499,0.369858,1.101956,-1.374995,0.369063,1.080318,-1.433810,1.043957,0.471959,,,71.838524,70.282578,66.327835,68.114067,0.306910,0.287062,0.021070,-0.004989,-0.058815,,,,,,,,,
32502,,,,,,,,,1.208569,0.000000,,,,,,,,,,0.371883,1.090319,-1.376461,,,,,,
32511,,,,,,,,,1.153634,0.000000,,,67.243637,68.746574,0.298671,0.281044,,,,0.374050,1.079010,-1.372839,,,,,,
32521,,,,,,,,,1.153634,1.304868,,,68.558739,69.823311,0.286176,0.270368,,,,0.376336,1.067361,-1.369289,,,,,,
32531,,,,,,,,,1.208569,-1.304866,,,69.665260,70.184731,0.275545,0.266774,,,,0.378311,1.056498,-1.369251,,,,,,
32541,,,,,,,,,1.016297,-0.652434,,,68.962662,69.399742,0.283147,0.274800,,,,0.380599,1.044982,-1.369254,,,,,,
32549,0.380472,1.045570,-1.372473,0.376740,1.026470,-1.426449,1.074699,0.257184,,,73.410469,70.850601,69.460579,69.828339,0.294677,0.276399,0.017990,-0.007422,-0.053977,,,,,,,,,
32552,,,,,,,,,1.236036,0.652434,,,,,,,,,,0.382734,1.032983,-1.369252,,,,,,
32561,,,,,,,,,1.071232,0.652434,,,69.879532,70.188965,0.291193,0.272925,,,,0.385098,1.020654,-1.369283,,,,,,
32571,,,,,,,,,1.153634,0.000000,,,70.232040,70.492393,0.288304,0.269962,,,,0.387140,1.008958,-1.372863,,,,,,
32581,,,,,,,,,1.098699,1.304869,,,69.439552,70.747696,0.297023,0.267430,,,,0.389157,0.997023,-1.376457,,,,,,
32591,,,,,,,,,1.208569,-1.304866,,,70.406380,70.962509,0.287956,0.265259,,,,0.391488,0.985526,-1.376467,,,,,,
32599,0.391424,0.985567,-1.381604,0.384672,0.971520,-1.430325,1.100102,0.036078,,,73.955719,70.440132,71.219872,71.143257,0.285820,0.259206,0.012527,-0.009273,-0.048720,,,,,,,,,
32602,,,,,,,,,1.181102,-0.652433,,,,,,,,,,0.393650,0.973636,-1.383759,,,,,,
32611,,,,,,,,,1.098699,0.000000,,,71.359802,70.750793,0.284940,0.263069,,,,0.395679,0.962203,-1.383685,,,,,,
32621,,,,,,,,,1.181102,-3.262171,,,72.022079,70.420570,0.278704,0.266375,,,,0.397785,0.950843,-1.390887,,,,,,
32631,,,,,,,,,1.181102,0.652433,,,72.034775,70.687263,0.278961,0.263659,,,,0.399790,0.939562,-1.394406,,,,,,
32641,,,,,,,,,1.071232,-0.652434,,,71.500916,70.367119,0.284791,0.266875,,,,0.401856,0.927779,-1.401706,,,,,,
32649,0.401758,0.928201,-1.402756,0.392182,0.915681,-1.445830,1.119646,-0.192413,,,75.166786,70.701729,72.140808,70.642296,0.291108,0.266751,0.010742,-0.011535,-0.043075,,,,,,,,,
32652,,,,,,,,,1.208569,1.304866,,,,,,,,,,0.403961,0.915783,-1.408994,,,,,,
32661,,,,,,,,,1.071232,-1.957303,,,72.134674,70.329285,0.291776,0.269955,,,,0.405870,0.903989,-1.416346,,,,,,
32671,,,,,,,,,1.153634,1.304868,,,72.129517,70.610458,0.292435,0.267162,,,,0.407725,0.892328,-1.427450,,,,,,
32681,,,,,,,,,1.181102,-3.262171,,,72.669716,70.302498,0.287532,0.270321,,,,0.409225,0.880723,-1.434778,,,,,,
32691,,,,,,,,,1.208569,0.000000,,,73.124237,70.043373,0.283395,0.273044,,,,0.410729,0.869399,-1.445752,,,,,,
32700,0.410807,0.869331,-1.442147,0.398547,0.859182,-1.473397,1.133038,-0.429227,0.961362,0.652434,75.656723,70.680672,70.783958,68.736259,0.312672,0.286294,0.008492,-0.013461,-0.031250,,,,,,,,,
32703,,,,,,,,,,,,,,,,,,,,0.411955,0.858008,-1.453031,,,,,,
32711,,,,,,,,,1.236036,-0.652434,,,72.082108,69.814629,0.300406,0.275683,,,,0.413260,0.846604,-1.464138,,,,,,
32721,,,,,,,,,1.098699,0.000000,,,72.629829,70.177429,0.295534,0.272156,,,,0.414294,0.835353,-1.471491,,,,,,
32731,,,,,,,,,1.181102,-1.957302,,,73.635223,70.482689,0.285884,0.269143,,,,0.415241,0.823924,-1.478938,,,,,,
32741,,,,,,,,,1.126167,0.652435,,,72.302986,70.194992,0.299877,0.272117,,,,0.416193,0.812506,-1.490207,,,,,,
32749,0.416394,0.812595,-1.483445,0.403017,0.802292,-1.513483,1.140252,-0.675012,,,76.905502,70.678452,72.815674,69.952919,0.308056,0.274661,0.009096,-0.014225,-0.030038,,,,,,,,,
32752,,,,,,,,,1.181102,-0.652433,,,,,,,,,,0.417082,0.800866,-1.501532,,,,,,
32761,,,,,,,,,1.071232,-0.652434,,,72.702507,69.749237,0.310028,0.276883,,,,0.418128,0.789040,-1.512916,,,,,,
32771,,,,,,,,,1.153634,-2.609736,,,73.151833,69.577866,0.306286,0.278817,,,,0.418917,0.776828,-1.520622,,,,,,
32781,,,,,,,,,1.181102,-1.957302,,,74.074432,69.433670,0.297626,0.280508,,,,0.419562,0.764997,-1.532152,,,,,,
32791,,,,,,,,,1.208569,0.000000,,,74.306168,69.312347,0.295829,0.281994,,,,0.420171,0.753095,-1.543758,,,,,,
32799,0.420272,0.753034,-1.538701,0.404835,0.745330,-1.566530,1.141563,-0.929909,,,77.078751,69.614105,70.144806,66.487549,0.340562,0.300224,0.007205,-0.015677,-0.027829,,,,,,,,,
32802,,,,,,,,,0.769089,-1.304867,,,,,,,,,,0.420444,0.741812,-1.559181,,,,,,
32811,,,,,,,,,1.208569,0.000000,,,71.544327,67.378021,0.327673,0.291767,,,,0.420536,0.730182,-1.570858,,,,,,
32821,,,,,,,,,1.208569,-1.304866,,,72.721878,68.127266,0.316769,0.284572,,,,0.420684,0.718462,-1.582319,,,,,,
32831,,,,,,,,,1.098699,-1.304869,,,73.168129,68.213135,0.313089,0.283993,,,,0.420820,0.706569,-1.597918,,,,,,
32841,,,,,,,,,1.263504,-1.304869,,,74.088150,68.829933,0.304487,0.277982,,,,0.420801,0.694787,-1.609531,,,,,,
32849,0.420752,0.694373,-1.609060,0.403262,0.688679,-1.632924,1.137555,-1.193272,,,77.172348,68.558708,74.862251,68.804359,0.298144,0.267635,0.006359,-0.017259,-0.023864,,,,,,,,,
32852,,,,,,,,,1.153634,-2.609736,,,,,,,,,,0.420348,0.682439,-1.628591,,,,,,
32861,,,,,,,,,1.126167,-0.652435,,,74.424500,68.782845,0.303071,0.267805,,,,0.419615,0.670564,-1.643719,,,,,,
32871,,,,,,,,,1.181102,0.652433,,,74.600716,69.309288,0.301823,0.262390,,,,0.418750,0.658429,-1.658687,,,,,,
32881,,,,,,,,,1.208569,-2.609737,,,75.293526,68.663147,0.295271,0.268831,,,,0.417706,0.646505,-1.673655,,,,,,
32891,,,,,,,,,1.208569,-2.609737,,,75.876457,68.664024,0.289700,0.268801,,,,0.416642,0.634645,-1.692154,,,,,,
32900,0.416482,0.634612,-1.696124,0.397604,0.632809,-1.712939,1.129094,-1.463420,0.714155,0.000000,76.505051,66.945183,72.010590,67.031136,0.322585,0.268978,0.004148,-0.018505,-0.016815,,,,,,,,,
32903,,,,,,,,,,,,,,,,,,,,0.415349,0.622785,-1.706942,,,,,,
32911,,,,,,,,,1.153634,-1.304868,,,72.569649,66.201767,0.317781,0.277420,,,,0.413870,0.610264,-1.728787,,,,,,
32921,,,,,,,,,1.208569,-1.304866,,,73.584587,66.593025,0.308216,0.273578,,,,0.412406,0.598262,-1.747009,,,,,,
32931,,,,,,,,,1.181102,-1.957302,,,74.438553,66.922226,0.300090,0.270290,,,,0.410493,0.586517,-1.768514,,,,,,
32941,,,,,,,,,1.208569,-3.914605,,,75.701622,67.199219,0.287620,0.267470,,,,0.408364,0.574755,-1.786394,,,,,,
32949,0.407964,0.574823,-1.795225,0.387244,0.578284,-1.806681,1.117275,-1.737533,,,75.519043,64.827194,76.219826,67.432274,0.272438,0.243438,0.001237,-0.020971,-0.011456,,,,,,,,,
32952,,,,,,,,,1.236036,-0.652434,,,,,,,,,,0.405940,0.562886,-1.807664,,,,,,
32961,,,,,,,,,1.126167,-0.652435,,,75.566757,67.628372,0.278959,0.240917,,,,0.403437,0.551690,-1.825265,,,,,,
32971,,,,,,,,,1.098699,-1.304869,,,75.561806,67.248825,0.279000,0.244228,,,,0.400574,0.540046,-1.846164,,,,,,
32981,,,,,,,,,1.126167,-1.957302,,,75.557640,67.474014,0.279034,0.241447,,,,0.397351,0.528306,-1.870225,,,,,,
32991,,,,,,,,,1.181102,-3.262171,,,75.554138,67.118950,0.279062,0.244539,,,,0.393977,0.516559,-1.890811,,,,,,
32999,0.393684,0.516715,-1.896462,0.371670,0.525775,-1.914057,1.103324,-2.011831,,,74.834167,62.193470,76.095734,66.820198,0.266545,0.220264,-0.001540,-0.023755,-0.017595,,,,,,,,,
33002,,,,,,,,,1.126167,-1.957302,,,,,,,,,,0.390746,0.505218,-1.914728,,,,,,
33011,,,,,,,,,1.071232,-1.957303,,,77.095978,66.568825,0.256090,0.221903,,,,0.387031,0.493720,-1.938359,,,,,,
33021,,,,,,,,,1.071232,-0.652434,,,74.670326,65.812775,0.280379,0.228739,,,,0.383297,0.482787,-1.961793,,,,,,
33031,,,,,,,,,1.153634,-3.914605,,,75.352097,65.176636,0.273458,0.234504,,,,0.379249,0.471817,-1.984994,,,,,,
33041,,,,,,,,,1.071232,-1.957303,,,75.381195,65.185936,0.273057,0.233813,,,,0.374913,0.460940,-2.011370,,,,,,
33049,0.374838,0.461439,-2.009929,0.350514,0.476067,-2.034784,1.088478,-2.282232,,,74.538231,59.849274,75.950218,64.649216,0.264125,0.214778,-0.002898,-0.028235,-0.024855,,,,,,,,,
33052,,,,,,,,,1.181102,-3.262171,,,,,,,,,,0.370317,0.450396,-2.034207,,,,,,
33061,,,,,,,,,0.961362,-0.652434,,,74.250824,64.197617,0.281177,0.218424,,,,0.365333,0.440064,-2.063304,,,,,,
33071,,,,,,,,,1.126167,-3.262170,,,74.454582,63.273102,0.279156,0.226985,,,,0.360087,0.430160,-2.088941,,,,,,
33081,,,,,,,,,1.098699,-2.609736,,,74.626022,63.039757,0.277424,0.228680,,,,0.354553,0.420416,-2.117497,,,,,,
33091,,,,,,,,,1.043764,-3.914604,,,74.770279,62.298878,0.275935,0.235599,,,,0.348927,0.411040,-2.145961,,,,,,
33099,0.348879,0.411496,-2.150960,0.323581,0.430061,-2.168463,1.073857,-2.545466,,,74.461388,58.816513,75.436195,62.220047,0.268312,0.225379,-0.001660,-0.031335,-0.017503,,,,,,,,,
33102,,,,,,,,,1.126167,-3.262170,,,,,,,,,,0.343095,0.401789,-2.174187,,,,,,
33111,,,,,,,,,1.071232,-0.652434,,,74.907410,62.153717,0.273511,0.225375,,,,0.337108,0.392790,-2.202271,,,,,,
33121,,,,,,,,,1.071232,-3.262170,,,74.462494,62.097908,0.277960,0.225276,,,,0.331039,0.383952,-2.236339,,,,,,
33131,,,,,,,,,1.016297,-1.957302,,,74.088142,61.506405,0.281778,0.230654,,,,0.324845,0.375426,-2.270147,,,,,,
33141,,,,,,,,,1.153634,-3.914605,,,74.862244,61.008717,0.273957,0.235192,,,,0.318448,0.366994,-2.297611,,,,,,
33149,0.317980,0.366946,-2.301715,0.290889,0.388764,-2.314724,1.060373,-2.800437,,,75.170967,58.399548,74.969032,60.589962,0.280025,0.234772,0.001840,-0.034736,-0.013010,,,,,,,,,
33152,,,,,,,,,1.071232,-3.262170,,,,,,,,,,0.311501,0.358624,-2.330867,,,,,,
33161,,,,,,,,,1.016297,-3.262172,,,74.514343,60.237621,0.284704,0.237928,,,,0.304430,0.350480,-2.363936,,,,,,
33171,,,,,,,,,1.098699,-2.609736,,,74.131767,59.941162,0.288737,0.240584,,,,0.297056,0.342634,-2.396706,,,,,,
33181,,,,,,,,,0.961362,-3.262171,,,74.354408,59.147179,0.286674,0.248374,,,,0.289382,0.335203,-2.426343,,,,,,
33191,,,,,,,,,1.071232,-3.262170,,,74.541740,59.023663,0.284927,0.249484,,,,0.281495,0.328214,-2.458694,,,,,,
33199,0.281296,0.328371,-2.459198,0.252695,0.353276,-2.473376,1.048699,-3.049284,,,76.473816,58.250782,74.699364,59.464279,0.296734,0.243348,0.006490,-0.037365,-0.014178,,,,,,,,,
33202,,,,,,,,,1.098699,-2.609736,,,,,,,,,,0.273603,0.321219,-2.487988,,,,,,
33211,,,,,,,,,1.071232,-4.567039,,,74.831985,58.745926,0.295736,0.250432,,,,0.265244,0.314397,-2.522982,,,,,,
33221,,,,,,,,,0.988829,0.000000,,,73.309944,59.230591,0.311589,0.245390,,,,0.256790,0.307878,-2.554843,,,,,,
33231,,,,,,,,,1.043764,-3.914604,,,73.662926,58.549301,0.308621,0.252143,,,,0.248130,0.301817,-2.586556,,,,,,
33241,,,,,,,,,1.208569,-3.914605,,,74.504471,58.520611,0.300600,0.252376,,,,0.239462,0.295932,-2.620998,,,,,,
33249,0.238752,0.295844,-2.623830,0.209530,0.324762,-2.644544,1.039374,-3.297262,,,78.068245,58.057636,74.123459,59.041012,0.321143,0.245044,0.011079,-0.039590,-0.020714,,,,,,,,,
33252,,,,,,,,,1.043764,-2.609737,,,,,,,,,,0.230528,0.290143,-2.652402,,,,,,
33261,,,,,,,,,1.043764,-3.914604,,,74.891960,58.934334,0.314093,0.245935,,,,0.220851,0.284531,-2.686633,,,,,,
33271,,,,,,,,,1.043764,-2.609737,,,74.994034,58.300034,0.313688,0.252230,,,,0.211088,0.279505,-2.720652,,,,,,
33281,,,,,,,,,1.153634,-5.219473,,,75.624466,58.310875,0.307872,0.252071,,,,0.201573,0.274730,-2.757374,,,,,,
33291,,,,,,,,,1.071232,-3.262170,,,76.154907,58.319996,0.302950,0.251927,,,,0.191638,0.270140,-2.793952,,,,,,
33299,0.191517,0.270400,-2.793352,0.162218,0.304415,-2.828607,1.033032,-3.550783,,,80.182709,57.828255,76.056679,58.327671,0.325902,0.249457,0.015933,-0.041971,-0.035255,,,,,,,,,
33302,,,,,,,,,1.071232,-3.262170,,,,,,,,,,0.181605,0.265912,-2.830457,,,,,,
33311,,,,,,,,,1.043764,-2.609737,,,75.974030,58.334129,0.327571,0.249291,,,,0.170887,0.261850,-2.866842,,,,,,
33321,,,,,,,,,1.098699,-3.914604,,,75.359947,58.339565,0.334676,0.249134,,,,0.160137,0.258216,-2.908753,,,,,,
33331,,,,,,,,,1.098699,-3.914604,,,76.476883,58.344139,0.324248,0.248985,,,,0.149720,0.254953,-2.945076,,,,,,
33341,,,,,,,,,1.098699,-3.914604,,,76.872131,58.347984,0.320957,0.248843,,,,0.139152,0.252087,-2.986683,,,,,,
33349,0.139080,0.252480,-2.986868,0.111892,0.293405,-3.025908,1.030753,-3.813105,,,82.184219,58.124798,77.749237,58.351223,0.333088,0.251731,0.020557,-0.044626,-0.039040,,,,,,,,,
33352,,,,,,,,,1.126167,-4.567039,,,,,,,,,,0.128422,0.249679,-3.030956,,,,,,
33361,,,,,,,,,1.071232,-3.262170,,,77.942688,57.809402,0.332002,0.257212,,,,0.117419,0.247524,-3.075332,,,,,,
33371,,,,,,,,,1.126167,-5.871908,,,78.650002,58.442600,0.325636,0.250816,,,,0.106315,0.245760,-3.116854,,,,,,
33381,,,,,,,,,1.043764,-2.609737,,,77.611511,57.886288,0.336935,0.256427,,,,0.095211,0.244561,3.121898,,,,,,
33391,,,,,,,,,1.126167,-4.567039,,,77.826805,57.962749,0.335654,0.255695,,,,0.083734,0.244046,3.072069,,,,,,
33396,,,,,,,,,,,,,,,,,,,,0.083734,0.244046,3.072069,,,,,,
33399,0.083657,0.244560,3.071747,0.059997,0.292813,3.047071,1.034453,-4.078121,,,84.514503,59.923237,79.097046,58.027084,0.347338,0.273415,0.026970,-0.046485,-0.024676,,,,,,,,,
33402,,,,,,,,,1.126167,-4.567039,,,,,,,,,,0.072654,0.244005,3.024995,,,,,,
33411,,,,,,,,,1.126167,-5.871908,,,80.165825,58.081215,0.337520,0.273242,,,,0.061701,0.244295,2.980747,,,,,,
33421,,,,,,,,,1.071232,-0.652434,,,78.342377,58.126762,0.356989,0.273146,,,,0.050627,0.245083,2.930809,,,,,,
33431,,,,,,,,,1.126167,-4.567039,,,78.986305,58.709629,0.351655,0.267560,,,,0.039546,0.246425,2.883390,,,,,,
33441,,,,,,,,,1.153634,-5.219473,,,79.528107,59.200050,0.347234,0.262801,,,,0.028584,0.247954,2.835971,,,,,,
33449,0.028459,0.248621,2.833884,0.008275,0.303557,2.825797,1.047130,-4.324263,,,87.943390,63.123291,81.073059,59.068150,0.367448,0.296931,0.035875,-0.046242,-0.008087,,,,,,,,,
33452,,,,,,,,,1.181102,-4.567039,,,,,,,,,,0.017732,0.250278,2.785546,,,,,,
33461,,,,,,,,,1.153634,-3.914605,,,81.283897,58.957169,0.366671,0.298874,,,,0.006836,0.252964,2.734911,,,,,,
33471,,,,,,,,,1.208569,-5.219474,,,82.005844,59.408333,0.360639,0.295106,,,,-0.004157,0.256302,2.683846,,,,,,
33481,,,,,,,,,1.043764,-1.304868,,,80.435112,60.332485,0.377848,0.286422,,,,-0.015210,0.259789,2.635431,,,,,,
33491,,,,,,,,,1.181102,-5.871908,,,81.291672,60.565521,0.370613,0.284604,,,,-0.026185,0.263961,2.586588,,,,,,
33499,-0.026061,0.264832,2.582741,-0.041267,0.326299,2.597422,1.072771,-4.513456,,,91.958076,67.708336,82.012383,60.761600,0.405542,0.329883,0.045484,-0.044053,0.014681,,,,,,,,,
33502,,,,,,,,,1.208569,-3.914605,,,,,,,,,,-0.037233,0.268888,2.534421,,,,,,
33511,,,,,,,,,1.236037,-4.567040,,,83.163330,60.926582,0.395791,0.329589,,,,-0.047786,0.274175,2.481962,,,,,,
33521,,,,,,,,,1.181102,-3.262171,,,84.131737,61.609940,0.387673,0.323975,,,,-0.058195,0.279681,2.429110,,,,,,
33531,,,,,,,,,1.290972,-5.871907,,,84.946556,62.729458,0.380927,0.313776,,,,-0.068486,0.285872,2.375645,,,,,,
33541,,,,,,,,,1.126167,-0.652435,,,83.453972,63.126877,0.397553,0.310718,,,,-0.078357,0.292582,2.321645,,,,,,
33549,-0.077888,0.292893,2.340841,-0.086411,0.361350,2.367845,1.115664,-4.601423,,,97.082031,73.306068,84.920830,64.550354,0.436557,0.354212,0.055077,-0.041539,0.027004,,,,,,,,,
33552,,,,,,,,,1.263504,-5.219473,,,,,,,,,,-0.087857,0.299700,2.264035,,,,,,
33561,,,,,,,,,1.208569,-3.914605,,,85.610497,64.658981,0.431954,0.354855,,,,-0.096934,0.307004,2.211857,,,,,,
33571,,,,,,,,,1.345907,-4.567038,,,87.279869,65.839470,0.417221,0.344543,,,,-0.105890,0.315024,2.155723,,,,,,
33581,,,,,,,,,1.290972,-3.262171,,,87.050850,66.288185,0.421517,0.341460,,,,-0.114363,0.323344,2.098798,,,,,,
33591,,,,,,,,,1.373374,-3.914605,,,88.491783,67.754822,0.408826,0.327903,,,,-0.122570,0.332293,2.044083,,,,,,
33599,-0.122376,0.333522,2.052610,-0.124821,0.408564,2.143619,1.179129,-4.559114,,,101.631653,83.192673,89.159637,68.444305,0.450138,0.422824,0.067632,-0.032607,0.091009,,,,,,,,,
33602,,,,,,,,,1.290972,-3.262171,,,,,,,,,,-0.130554,0.341647,1.985091,,,,,,
33611,,,,,,,,,1.373374,-3.914605,,,90.266113,69.024437,0.441346,0.419857,,,,-0.138087,0.351953,1.928325,,,,,,
33621,,,,,,,,,1.428309,-5.219473,,,91.197105,71.146187,0.434123,0.401049,,,,-0.145417,0.361827,1.870485,,,,,,
33631,,,,,,,,,1.455776,-0.652433,,,92.524986,73.475975,0.422666,0.379694,,,,-0.152607,0.372318,1.814888,,,,,,
33641,,,,,,,,,1.345907,-1.957305,,,90.919548,74.347168,0.440863,0.372751,,,,-0.159165,0.383332,1.758023,,,,,,
33649,-0.158372,0.384313,1.774591,-0.154156,0.467239,1.930155,1.264017,-4.391523,,,106.436165,94.858696,92.835991,75.080193,0.472464,0.486037,0.080357,-0.020912,0.155564,,,,,,,,,
33652,,,,,,,,,1.483244,-3.914604,,,,,,,,,,-0.165452,0.394516,1.699817,,,,,,
33661,,,,,,,,,1.483244,-1.304866,,,93.359398,77.330589,0.469845,0.467038,,,,-0.171153,0.406091,1.643809,,,,,,
33671,,,,,,,,,1.483244,-2.609737,,,94.344337,79.768616,0.462414,0.445676,,,,-0.175921,0.417679,1.586388,,,,,,
33681,,,,,,,,,1.675516,-0.652435,,,96.806694,82.909058,0.439716,0.416662,,,,-0.180282,0.429221,1.532330,,,,,,
33691,,,,,,,,,1.483244,-1.304866,,,97.244896,84.462334,0.437172,0.403208,,,,-0.184486,0.441350,1.475614,,,,,,
33699,-0.183249,0.442715,1.495312,-0.172232,0.536022,1.730538,1.367596,-4.136711,,,110.428520,108.616676,91.079079,80.323830,0.542624,0.587832,0.093873,-0.003949,0.235226,,,,,,,,,
33702,,,,,,,,,0.933894,0.000000,,,,,,,,,,-0.187892,0.454215,1.420122,,,,,,
33711,,,,,,,,,1.702984,-1.304869,,,93.514763,83.376213,0.521650,0.562356,,,,-0.190658,0.466393,1.365978,,,,,,
33721,,,,,,,,,1.730451,1.957303,,,95.564148,87.578117,0.504129,0.524545,,,,-0.193178,0.478932,1.313074,,,,,,
33731,,,,,,,,,1.785386,-1.957303,,,97.833046,91.658142,0.483959,0.487136,,,,-0.195097,0.491784,1.257784,,,,,,
33741,,,,,,,,,1.428309,1.304868,,,97.019379,91.823814,0.494778,0.488838,,,,-0.196408,0.505285,1.203530,,,,,,
33749,-0.194886,0.506015,1.233574,-0.177218,0.612855,1.545382,1.483144,-3.846208,1.812854,1.304869,113.543716,122.910820,,,,,0.106669,0.018677,0.311808,,,,,,,,,
33752,,,,,,,,,,,,,100.146561,95.775017,0.497337,0.597694,,,,-0.197632,0.519271,1.150172,,,,,,
33761,,,,,,,,,1.702984,1.304869,,,99.510513,98.010468,0.506504,0.580320,,,,-0.198076,0.533092,1.097784,,,,,,
33771,,,,,,,,,1.895256,1.957303,,,101.153519,101.525009,0.492552,0.549452,,,,-0.197444,0.546405,1.039925,,,,,,
33781,,,,,,,,,1.757919,2.609739,,,101.991394,104.482140,0.486484,0.523566,,,,-0.196569,0.559154,0.983135,,,,,,
33791,,,,,,,,,1.867789,2.609737,,,103.240929,107.514816,0.476049,0.496319,,,,-0.194909,0.572068,0.930194,,,,,,
33800,-0.192559,0.574007,0.966730,-0.167879,0.694939,1.373515,1.600205,-3.564197,1.071232,-0.652434,111.952301,135.622421,97.213226,100.264732,0.523360,0.703007,0.113550,0.048376,0.406785,-0.192975,0.585422,0.877800,,,,,,
33811,,,,,,,,,1.895256,5.871910,,,98.676033,104.510834,0.511387,0.666768,,,,-0.190762,0.599103,0.832252,,,,,,
33821,,,,,,,,,2.060061,4.567036,,,100.995926,110.261673,0.490379,0.614332,,,,-0.187426,0.612781,0.777902,,,,,,
33831,,,,,,,,,1.840321,4.567040,,,101.858795,114.555885,0.483769,0.575603,,,,-0.183767,0.626293,0.727282,,,,,,
33841,,,,,,,,,2.032593,6.524344,,,102.040276,119.258125,0.483937,0.531854,,,,-0.179648,0.639228,0.674279,,,,,,
33849,-0.176734,0.641299,0.726336,-0.143854,0.778795,1.212870,1.705120,-3.317627,,,108.176346,145.422577,102.737511,121.036415,0.440293,0.616950,0.115897,0.080957,0.486534,,,,,,,,,
33852,,,,,,,,,1.922724,3.914605,,,,,,,,,,-0.174876,0.651624,0.618763,,,,,,
33861,,,,,,,,,1.455776,3.262171,,,100.601456,117.631775,0.463168,0.656554,,,,-0.169953,0.664087,0.572630,,,,,,
33871,,,,,,,,,2.032593,9.134078,,,100.982346,121.846176,0.460798,0.619125,,,,-0.164002,0.676101,0.517887,,,,,,
33881,,,,,,,,,1.977658,6.524339,,,101.302826,124.847626,0.458968,0.593226,,,,-0.157572,0.687782,0.469243,,,,,,
33891,,,,,,,,,1.922724,7.829207,,,101.027939,126.828506,0.463147,0.577136,,,,-0.150686,0.699399,0.423785,,,,,,
33900,-0.147660,0.700697,0.482149,-0.105974,0.860400,1.061346,1.781588,-3.115525,0.988829,2.609737,98.374062,150.432159,94.262131,118.148895,0.433604,0.720485,0.110986,0.122168,0.579198,,,,,,,,,
33903,,,,,,,,,,,,,,,,,,,,-0.143200,0.710469,0.378490,,,,,,
33911,,,,,,,,,1.895256,8.481643,,,95.103897,121.736732,0.425841,0.690345,,,,-0.135313,0.721243,0.339093,,,,,,
33921,,,,,,,,,2.087528,9.134078,,,96.356705,126.933716,0.413716,0.643075,,,,-0.126763,0.732173,0.297098,,,,,,
33931,,,,,,,,,2.032593,11.743814,,,95.777184,131.306458,0.420031,0.603173,,,,-0.117805,0.742706,0.260833,,,,,,
33941,,,,,,,,,1.785386,8.481645,,,95.834122,133.352051,0.419969,0.586133,,,,-0.108507,0.752650,0.224630,,,,,,
33949,-0.105787,0.752786,0.281944,-0.056606,0.935482,0.917796,1.811117,-2.949735,,,87.829338,149.480316,95.337486,134.528671,0.317987,0.567839,0.098070,0.161799,0.635852,,,,,,,,,
33952,,,,,,,,,1.950191,11.091380,,,,,,,,,,-0.098952,0.762474,0.191248,,,,,,
33961,,,,,,,,,1.428309,5.219473,,,92.196899,130.073242,0.348519,0.616274,,,,-0.088687,0.771059,0.160692,,,,,,
33971,,,,,,,,,1.812854,9.134077,,,91.188042,131.225342,0.357936,0.608404,,,,-0.078632,0.779284,0.132946,,,,,,
33981,,,,,,,,,1.730451,11.091381,,,89.794640,131.650177,0.371477,0.607722,,,,-0.068080,0.787413,0.102451,,,,,,
33991,,,,,,,,,1.702984,9.134078,,,88.622238,133.096710,0.383042,0.596533,,,,-0.057130,0.795183,0.085783,,,,,,
33999,-0.054805,0.794807,0.140668,0.000000,1.000000,0.783802,1.773268,-2.788429,,,80.327057,143.754410,88.180321,134.313828,0.310868,0.528991,0.083033,0.195483,0.643134,,,,,,,,,
34002,,,,,,,,,1.867789,11.743815,,,,,,,,,,-0.046025,0.801823,0.069206,,,,,,
34011,,,,,,,,,1.648049,7.829210,,,87.263947,133.704285,0.318644,0.537097,,,,-0.034930,0.807933,0.058127,,,,,,