ts,x,y,yaw,x_des,y_des,yaw_des,v_ff,w_ff,v_actual,w_actual,omega_l_cmd,omega_r_cmd,omega_l_meas,omega_r_meas,duty_l,duty_r,x_err,y_err,yaw_err
118183,-0.015424459,-1.0147531,-1.8887318,0.00111,-1.002185,-1.1002328,0.018589,0.008938,0,0,-4.435666,-3.5490785,0,0,-0.04790519,-0.03833005,-0.017107012,0.01177693,0.7884989
118232,-0.015417131,-1.0147419,-1.8845283,0.003684,-1.007228,-1.0974772,0.072641,0.035112,0,0,-2.1981373,1.2720474,0,0,-0.028175548,0.010189033,-0.01304193,0.01584991,0.7870512
118282,-0.015415975,-1.0147438,-1.8841782,0.008576,-1.016719,-1.092169,0.158836,0.077881,0.0036654288,0.08706482,1.5879822,9.254716,0,0.45817858,0.010516403,0.09289157,-0.0055172117,0.023432385,0.79200935
118332,-0.015430627,-1.0147475,-1.8841488,0.016425,-1.031687,-1.083463,0.272347,0.137231,0.02502973,0.5945304,6.9345145,20.308012,0,3.128716,0.069846936,0.1935299,0.0062951744,0.035526033,0.8006859
118382,-0.015998034,-1.016381,-1.8225033,0.027771,-1.052766,-1.0704367,0.406428,0.214064,0.11044334,2.035323,15.73502,35.055473,1.547265,12.258152,0.1559359,0.27364892,0.024337396,0.051451758,0.7520666
118432,-0.017451506,-1.0232465,-1.670585,0.043043,-1.080105,-1.0520241,0.552327,0.310504,0.28713417,3.289053,30.837215,53.845097,9.291566,26.600204,0.25250152,0.34840816,0.05054892,0.06585797,0.6185608
118482,-0.01880263,-1.0401409,-1.4800116,0.062527,-1.113278,-1.0269148,0.699567,0.430324,0.5620399,3.1005754,50.246952,73.49301,26.969103,43.28588,0.29786387,0.41173643,0.08020932,0.07436409,0.45309684
118532,-0.016386427,-1.0671525,-1.2450343,0.086343,-1.151248,-0.9934199,0.836602,0.579593,0.8543081,2.8476503,73.26391,91.32736,45.901375,60.887135,0.3697773,0.44977462,0.11254923,0.070413455,0.2516146
118582,-0.0042506875,-1.1036137,-0.95097744,0.11442,-1.192397,-0.94926476,0.951825,0.767687,1.1186478,1.1212506,96.454155,101.95018,66.96519,72.86577,0.4255514,0.46772277,0.14120248,0.045022905,0.0017127992
118632,0.019959038,-1.1415797,-0.649335,0.146463,-1.2346,-0.89128804,1.034848,1.008905,1.3132743,-0.8581123,112.086464,101.81636,84.33754,79.821724,0.44009417,0.42089945,0.15700395,0.002402231,-0.24195288
118682,0.056151964,-1.1770334,-0.37580818,0.181936,-1.275383,-0.8149791,1.07791,1.324995,1.355079,-2.3301368,115.79253,92.28021,90.82361,78.561264,0.44083792,0.35408372,0.15310243,-0.04532006,-0.43917084
118732,0.09497893,-1.2005957,-0.21244189,0.220044,-1.312124,-0.71381307,1.077275,1.748843,1.3344446,-2.7351782,113.19316,86.88797,90.599724,76.20585,0.43991593,0.33433378,0.14576896,-0.08265135,-0.5013711
118782,0.15842403,-1.2219948,-0.17036286,0.259733,-1.342316,-0.57844806,1.034438,2.328709,1.2905443,-2.8022676,101.65201,84.67046,88.03248,73.285545,0.36695063,0.3533351,0.12024161,-0.10140349,-0.40808508
118832,0.22183692,-1.2370031,-0.30763125,0.299708,-1.36382,-0.39636302,0.957031,3.128195,1.303581,-1.6250719,87.1689,95.33567,85.74978,77.19784,0.24812758,0.43924898,0.112615705,-0.09728374,-0.088731766
118882,0.2841134,-1.2601125,-0.40400305,0.338467,-1.375101,-0.15427089,0.859247,4.20259,1.265235,1.9477826,62.18756,95.42523,73.95207,84.20228,0.10297532,0.38504353,0.09518008,-0.08436474,0.24973226
118932,0.34493527,-1.2866149,-0.20821957,0.374365,-1.375415,0.15202904,0.761264,5.501726,1.018452,6.9061127,35.807472,79.76451,45.48154,81.82496,0.1059142,0.25224137,0.04715066,-0.08079838,0.36024854
118983,0.40254787,-1.3002933,0.24245942,0.405699,-1.364914,0.5019839,0.685912,6.682049,0.78661454,7.9712205,15.478227,60.38314,28.189135,70.13768,0.059574902,0.16261074,-0.012455846,-0.063487045,0.25952435
119032,0.44808912,-1.3009212,0.6497684,0.430805,-1.344626,0.8538921,0.649928,7.162419,0.58076185,7.6721206,5.713701,51.22618,16.110348,56.484882,0.070014596,0.19944586,-0.040203493,-0.024341837,0.20412374
119082,0.47903422,-1.295177,1.00051,0.448181,-1.31635,1.1776488,0.6536,6.808008,0.5136611,7.312411,8.813319,52.213726,12.863035,51.344597,0.12793149,0.25990498,-0.03447912,0.014539846,0.1771388
119132,0.49373886,-1.2825273,1.3492115,0.456602,-1.282421,1.4701378,0.682542,6.13909,0.5527424,6.5726833,20.93713,59.224915,17.252026,51.84077,0.2099084,0.33190274,-0.008058055,0.036252238,0.12092638
119182,0.49676695,-1.2632385,1.6888981,0.455226,-1.24542,1.7399952,0.7216,5.595091,0.63654566,5.873414,35.062496,67.72615,24.329681,55.23852,0.29197836,0.39557362,0.02258912,0.039152056,0.051096916
119232,0.4922214,-1.2332481,2.0124369,0.443692,-1.207836,1.9911683,0.76455,5.213987,0.7971585,4.823931,46.464455,73.673164,37.129436,62.515373,0.29044408,0.39518467,0.04371643,0.03301135,-0.021268845
119282,0.47706646,-1.1989934,2.301272,0.42217,-1.171725,2.217644,0.813675,4.811158,0.9134061,4.1358547,55.886265,77.496,46.20541,67.970345,0.30534604,0.39065388,0.05693929,0.022695888,-0.0836277
119332,0.4476631,-1.165438,2.5921524,0.391389,-1.138461,2.407749,0.873407,4.206012,1.0126649,3.388454,65.023834,77.22059,54.37569,72.20743,0.32714242,0.35176474,0.062079187,0.006380396,-0.18440342
119382,0.40669134,-1.138042,2.8158145,0.352614,-1.108561,2.551696,0.943469,3.364355,1.0731121,2.1797488,73.06767,74.90227,61.33404,72.80497,0.35091728,0.32513055,0.060668256,-0.010623034,-0.26411822
119432,0.35730454,-1.1197752,2.9317672,0.307583,-1.081665,2.645149,1.016318,2.379782,1.1200655,0.43466163,80.08095,73.59629,68.86039,71.1478,0.35966173,0.33138633,0.056568936,-0.02691782,-0.28661823
119482,0.30076605,-1.1062139,2.9207158,0.258411,-1.056639,2.687822,1.079951,1.358413,1.1960428,-1.013765,85.31447,75.390236,77.420135,72.0852,0.33734697,0.34318903,0.052187227,-0.039091203,-0.23289347
119532,0.24071619,-1.0899704,2.824635,0.207454,-1.031822,2.6807892,1.123069,0.352533,1.2527006,-1.6012435,88.40466,78.50158,82.50706,74.08051,0.32472783,0.35881013,0.049728874,-0.044884823,-0.14384556
119582,0.18169445,-1.0667989,2.7211742,0.15717,-1.00535,2.6251538,1.139441,-0.630398,1.2779539,-1.594966,90.17471,78.30046,84.06887,75.67536,0.33519894,0.34603447,0.047468722,-0.046088394,-0.09602069
119632,0.12099373,-1.0362592,2.6422398,0.109957,-0.975506,2.522669,1.130104,-1.589969,1.3077359,-2.1337209,90.33175,71.73701,87.34785,76.11914,0.30848968,0.27257377,0.038781174,-0.048049737,-0.119570725
119683,0.063350745,-1.0009596,2.543438,0.068006,-0.941043,2.377927,1.103091,-2.495022,1.265179,-3.0709906,89.61993,63.197037,87.15423,70.99314,0.30771533,0.2306049,0.02989315,-0.05213513,-0.16551112
119732,0.009971268,-0.9596367,2.3458128,0.03317,-0.901405,2.2006009,1.07069,-3.262368,1.2217373,-4.276088,87.79368,58.903744,87.61003,65.10712,0.2863281,0.23893423,0.025368476,-0.057319753,-0.14521217
119782,-0.031704016,-0.90884954,2.0670938,0.006862,-0.856819,2.005006,1.044701,-3.781378,1.1886036,-4.569461,85.83563,59.906704,86.31112,62.26433,0.27943662,0.27433974,0.02738905,-0.058688648,-0.062088013
119832,-0.05629566,-0.8563706,1.8128124,-0.010024,-0.808228,1.805948,1.031671,-3.991328,1.1752315,-4.1798472,86.14991,62.8591,84.45019,62.453743,0.3035855,0.30263734,0.035650086,-0.05646104,-0.0068645473
119882,-0.06576311,-0.8032949,1.5979437,-0.017142,-0.757077,1.6143153,1.031212,-3.934575,1.1685803,-3.5338187,87.69643,66.433426,82.334625,63.737904,0.34500635,0.3280715,0.04488112,-0.04985773,0.016371727
119932,-0.06439053,-0.7458205,1.4326143,-0.0147,-0.705027,1.4364688,1.038534,-3.710558,1.1794529,-3.266119,88.54857,67.84488,82.309784,65.12183,0.36178562,0.33214244,0.04724919,-0.04359789,0.0038542747
119982,-0.05215273,-0.684839,1.2607784,-0.00342,-0.653617,1.276819,1.048656,-3.389546,1.2273577,-3.3038316,87.07482,69.078224,85.40306,68.01665,0.31955776,0.3173887,0.04460074,-0.036884494,0.016040325
120032,-0.0282893,-0.6252899,1.0769235,0.015518,-0.603977,1.140413,1.058772,-2.979835,1.2431134,-2.9543047,83.35393,70.96294,85.468094,69.92107,0.2800297,0.3183829,0.039532464,-0.028469335,0.06348944
120082,0.004809752,-0.5718034,0.93386537,0.040563,-0.556635,1.0335691,1.067865,-2.454869,1.228545,-1.8733879,79.25574,72.38447,81.71341,71.854706,0.27440387,0.31531146,0.033457793,-0.01972182,0.09970379
120132,0.04535344,-0.5224448,0.85709095,0.06989,-0.511473,0.9627011,1.075036,-1.796908,1.2237849,-1.125481,75.00852,72.32288,79.44798,73.52514,0.24975795,0.29724997,0.024356622,-0.011365641,0.105610125
120182,0.087686196,-0.47810477,0.82020503,0.101501,-0.467811,0.9326532,1.078588,-1.02129,1.1968597,-0.26529416,70.67151,72.83507,75.501785,74.105675,0.24109954,0.29643956,0.016950378,-0.0030814768,0.11244822
120232,0.13101119,-0.43332866,0.84196305,0.133344,-0.42462,0.94554305,1.076676,-0.173391,1.1648443,0.45596015,66.067825,72.32341,71.60302,74.00251,0.22754684,0.29050875,0.008049888,0.004059801,0.10357999
120282,0.16450422,-0.397782,0.8885591,0.163408,-0.380799,1.000201,1.068803,0.68514,1.1483263,1.3593776,64.13962,75.65488,68.19352,75.347244,0.2373455,0.31056917,0.012490395,0.011559157,0.111641884
120332,0.20712964,-0.34530318,0.9867244,0.189838,-0.335442,1.0919921,1.056741,1.485642,1.1081185,2.0245962,57.566235,73.05908,63.930187,74.584625,0.2081739,0.2922177,-0.0013086246,0.0198628,0.105268
120382,0.23922125,-0.29731324,1.1039264,0.211024,-0.288048,1.2131588,1.044069,2.159765,1.085185,2.5984972,53.862404,73.38343,60.98677,74.66136,0.19299477,0.2939316,-0.0044177016,0.029349841,0.10923242
120432,0.26123646,-0.25181833,1.2635295,0.225693,-0.238617,1.3539932,1.034566,2.653946,1.0565072,3.2556183,54.358585,75.46429,57.465355,74.598045,0.23013219,0.31825215,0.001832746,0.03787154,0.09046364
120482,0.2762546,-0.19979312,1.477608,0.23298,-0.187622,1.504483,1.030627,2.945649,1.0731536,3.5430048,57.32195,76.011345,57.74957,76.39463,0.25627282,0.30596945,0.008091455,0.044219397,0.026875017
120532,0.28031853,-0.15023033,1.6738029,0.232485,-0.135868,1.6554,1.032777,3.043202,1.0743849,3.055167,61.77987,78.09799,59.11015,75.187965,0.28983635,0.34114072,0.019204654,0.046103198,-0.018402576
120582,0.27564228,-0.09870894,1.8052585,0.224306,-0.084267,1.7983038,1.040273,2.965572,1.0918676,2.4750357,63.980793,80.660126,61.729282,74.75416,0.28948537,0.3779987,0.025973244,0.04657653,-0.00695467
120632,0.26261392,-0.042598132,1.9203559,0.209041,-0.033614,1.9250572,1.051868,2.723463,1.1488202,2.5529325,65.16834,81.38234,65.083855,78.51866,0.26900992,0.35177892,0.026788684,0.0472561,0.0047011375
120682,0.24387267,0.010153042,2.048196,0.187761,0.015609,2.027807,1.065895,2.320224,1.1499383,2.2348611,69.003204,81.43402,65.99066,77.75162,0.3029403,0.36572716,0.030627642,0.047331125,-0.02038908
120732,0.21438338,0.06617629,2.1724305,0.161942,0.063344,2.099642,1.079876,1.766474,1.200629,1.7422798,72.07194,77.93745,70.45493,79.62368,0.29170436,0.3116348,0.027346335,0.04483634,-0.07278824
120782,0.1782727,0.1190866,2.2812653,0.13338,0.109942,2.1353781,1.090498,1.089495,1.2176492,0.8130333,75.16721,72.266884,73.963776,78.24236,0.2896176,0.2630821,0.022346424,0.039995193,-0.14588737
120832,0.1391341,0.16651496,2.2905562,0.104063,0.156062,2.1320279,1.094497,0.329917,1.1843919,-0.5815795,75.852585,67.82706,75.55477,72.49421,0.2824294,0.2707994,0.015258765,0.033262834,-0.15852833
120882,0.100513056,0.21569929,2.2016473,0.076045,0.202484,2.089002,1.09006,-0.465941,1.1735667,-1.518678,73.3753,64.133835,77.34393,69.35189,0.23656505,0.2595334,0.0037603527,0.02755339,-0.11264515
120933,0.068032905,0.26574945,2.0844378,0.05131,0.249887,2.0082877,1.077868,-1.248523,1.1276093,-1.6852663,71.09072,60.103016,74.909935,66.04122,0.2335489,0.24586648,-0.0055987453,0.022359047,-0.07614994
120982,0.046612237,0.30760026,2.0137706,0.031645,0.298659,1.8945582,1.061035,-1.964336,1.091108,-1.9246038,74.2387,56.51398,73.25836,63.130135,0.28267244,0.23280156,-0.0016628788,0.01735509,-0.11921216
121032,0.02316655,0.3685839,1.8890866,0.018538,0.348764,1.75475,1.04389,-2.561305,1.0569128,-2.7097254,70.74764,48.789036,73.18701,58.927082,0.24637,0.18714878,-0.017375898,0.010598563,-0.13433647
121082,0.010519687,0.418176,1.7257713,0.013102,0.399712,1.5968783,1.030265,-3.003799,1.0014763,-3.6429675,70.6948,46.534298,72.17782,53.006702,0.25483936,0.21575393,-0.018641308,0.0002986507,-0.12889288
121132,0.008136162,0.4687928,1.4917418,0.016029,0.450623,1.428705,1.022383,-3.284959,0.9782785,-3.8238866,69.680336,48.025734,71.204,51.0808,0.25255406,0.24616984,-0.01748973,-0.009303095,-0.06303692
121182,0.016237566,0.51583934,1.2765342,0.027572,0.500393,1.2572439,1.020994,-3.418961,0.98219645,-3.6503568,70.43231,50.70222,70.99228,51.782276,0.26151955,0.26464298,-0.011495058,-0.015327206,-0.019290447
121232,0.02866255,0.550219,1.1432898,0.047557,0.547895,1.0894368,1.026319,-3.416751,0.98967665,-3.0319166,76.689224,54.631523,69.83252,53.87706,0.34191158,0.28412154,0.005718864,-0.018157527,-0.053853035
121283,0.056756567,0.59974384,0.97397786,0.075404,0.592203,0.93299985,1.03865,-3.269751,1.0305789,-3.3137743,76.3239,55.784992,73.13055,55.69181,0.3096388,0.27799353,0.0042428924,-0.019661859,-0.040977955
121332,0.08938423,0.6417085,0.8052356,0.110172,0.632784,0.796304,1.057813,-2.959354,1.0567077,-3.1079016,76.790985,59.9136,74.22189,57.86656,0.30708957,0.29987234,0.00797021,-0.021172004,-0.008931636
121382,0.13046075,0.67896193,0.6286255,0.150598,0.66962,0.68722296,1.081893,-2.481776,1.0947694,-2.7427742,75.39907,65.67725,75.64001,61.206158,0.27926245,0.32900566,0.010794358,-0.019397495,0.058597326
121432,0.17763242,0.70951253,0.5058639,0.195155,0.703245,0.6119671,1.106498,-1.860729,1.1312628,-1.5047369,73.66414,70.78395,74.66325,66.744576,0.27049327,0.3302854,0.0122909555,-0.013973372,0.10610318
121482,0.22902846,0.73471963,0.46436146,0.242105,0.734684,0.57485104,1.125396,-1.135408,1.1434857,-0.3503186,72.36615,74.01823,72.389626,70.546074,0.28042093,0.32991594,0.011675877,-0.005888225,0.11048961
121532,0.28193074,0.7598805,0.47121683,0.289553,0.765321,0.57888913,1.132471,-0.339417,1.1608822,0.37582868,69.999916,75.948715,71.56624,73.54404,0.26317653,0.3224492,0.0092613865,0.0013873286,0.10767222
121582,0.3357176,0.78635865,0.51904494,0.335534,0.796701,0.62639594,1.124039,0.508726,1.15704,0.7868026,65.943794,76.5484,70.24472,74.38527,0.23320134,0.3238793,0.0049709347,0.009071268,0.10735107
121632,0.388347,0.8160144,0.5946491,0.378083,0.830313,0.7187021,1.100715,1.396587,1.151136,1.7274921,59.846767,76.408646,67.400536,76.49146,0.19279936,0.3018088,-0.000491797,0.017594274,0.12405301
121682,0.43746027,0.8482921,0.7189325,0.415338,0.867372,0.854347,1.068188,2.291904,1.0951449,2.9706385,53.930912,76.07435,60.630054,76.26304,0.19296768,0.3004267,-0.0040815594,0.028927092,0.13541459
121732,0.48080507,0.8868665,0.89353126,0.445633,0.908631,1.0261419,1.03639,3.110491,1.0588816,3.7144053,49.59388,75.9598,56.40657,75.95363,0.18425062,0.30318084,-0.005080223,0.04104827,0.13261078
121782,0.51036537,0.9271296,1.129854,0.467611,0.954262,1.219969,1.016505,3.713054,1.0457726,4.438261,51.57809,78.50757,53.682606,77.038956,0.22812194,0.3193592,0.0062899645,0.05024478,0.09011507
121832,0.52967024,0.9701991,1.390202,0.480304,1.003773,1.4185688,1.016037,3.979581,1.0399921,4.296005,58.015106,82.52896,53.695644,76.30337,0.29622832,0.37233764,0.024160968,0.05459375,0.028367044
121882,0.5383158,1.0185245,1.595751,0.483215,1.056032,1.6088278,1.034469,3.919244,1.0819005,3.7097647,63.957188,87.2051,57.857452,77.38009,0.3214739,0.41883522,0.038870618,0.05414772,0.013076782
121933,0.5362927,1.0739218,1.7901243,0.476353,1.109339,1.7859719,1.062898,3.675608,1.1697029,3.4625442,69.43637,90.20538,63.99561,82.21725,0.32175547,0.41005498,0.047610037,0.050797917,-0.004152298
121982,0.5241383,1.1317985,1.9560307,0.460243,1.161556,1.9526522,1.08797,3.419933,1.2257967,3.150839,72.798935,92.21418,68.32165,84.90294,0.3187951,0.41348553,0.051586915,0.048030265,-0.0033783913
122032,0.49984795,1.1905707,2.1298883,0.43588,1.210326,2.1161263,1.096998,3.272406,1.2813742,3.0596359,73.91722,91.700294,72.03522,88.13655,0.2956272,0.38128862,0.05067692,0.043749485,-0.013761998
122082,0.46493438,1.246804,2.2944627,0.40465,1.253267,2.2861578,1.081742,3.299626,1.2930149,3.0944302,71.098305,89.29216,72.6712,88.95564,0.25993955,0.3503899,0.044759784,0.040896684,-0.008304597
122132,0.43121698,1.2868493,2.4287176,0.368229,1.288198,2.473748,1.040438,3.538587,1.2662096,3.4178789,67.161316,90.060585,70.144806,88.13139,0.24311975,0.36951312,0.04853154,0.040174548,0.045030117
122182,0.37184578,1.335736,2.6604924,0.328428,1.313378,2.6892807,0.978627,4.001602,1.2140012,3.8680546,57.01874,81.089355,65.69725,86.05289,0.17732266,0.29611495,0.028142963,0.039911907,0.028788567
122232,0.31785324,1.3644075,2.885778,0.287075,1.327651,2.937177,0.908898,4.637468,1.0887662,4.4945693,48.191193,76.78875,56.22155,79.87422,0.1756387,0.31388652,0.02047598,0.043348297,0.051399235
122282,0.257507,1.3795025,-3.1360953,0.245865,1.330585,-3.075433,0.848667,5.248053,1.0412716,5.312465,40.205975,72.38205,51.101044,79.05789,0.1352935,0.2714111,0.011910735,0.04885279,0.06066227
122332,0.20588945,1.3790238,-2.8274772,0.20626,1.322501,-2.80803,0.814331,5.483375,0.966376,5.606014,40.078014,71.319466,45.647675,75.14932,0.18166375,0.29446697,0.017111748,0.053871676,0.019447327
122382,0.16330324,1.3650225,-2.5474916,0.169422,1.304445,-2.5716612,0.812444,5.112545,0.93975925,5.423426,45.353622,72.394035,44.46456,73.00534,0.24603286,0.32582805,0.02883881,0.05362273,-0.024169924
122432,0.12939546,1.3403056,-2.2629504,0.136178,1.278098,-2.379966,0.834896,4.296208,0.96681327,4.365386,55.25755,72.89514,48.939404,71.91225,0.30684692,0.34198976,0.043563347,0.044922385,-0.117015846
122482,0.10604199,1.3132455,-2.094832,0.106997,1.245586,-2.231755,0.864024,3.379017,1.0135657,2.9521198,64.19701,75.47763,55.580086,71.115616,0.339548,0.38054144,0.0581022,0.034682184,-0.1369233
122532,0.07704378,1.2601564,-1.9305192,0.082056,1.209304,-2.1194537,0.881852,2.57648,1.0854315,1.8862749,65.16118,68.8899,62.876198,72.80272,0.28095633,0.29562846,0.0458332,0.022592224,-0.18893433
122583,0.056694247,1.2071682,-1.8567967,0.061268,1.171667,-2.034837,0.875652,1.943975,1.0898607,0.9253698,62.6618,63.496952,65.681404,70.55116,0.22606659,0.25704572,0.032768846,0.014403477,-0.17804049
122632,0.039796527,1.1530921,-1.8403611,0.044375,1.134946,-1.9712379,0.839396,1.462731,1.0365449,0.4820922,56.077477,57.102425,63.51555,66.05256,0.17517638,0.22920614,0.016271545,0.009245664,-0.13087703
122682,0.022388149,1.0975178,-1.8304819,0.031,1.101064,-1.92365,0.77295,1.097803,0.96038127,0.622439,45.80553,47.222496,58.386036,61.66162,0.11054775,0.15980075,-0.005638541,0.007412542,-0.09316826
122732,0.009318496,1.0522904,-1.8011558,0.020702,1.071468,-1.8883998,0.680839,0.818213,0.80673563,0.8001057,36.056538,36.7602,48.315697,52.526253,0.099194676,0.12899652,-0.021270135,0.006704038,-0.08724404
122782,0.0018874016,1.0240601,-1.7656659,0.013037,1.047088,-1.8628132,0.570633,0.600874,0.65424687,0.6747125,28.643373,28.426968,39.11509,42.665764,0.104472004,0.12750599,-0.024751037,0.0064794826,-0.097147465
122832,-0.0048083793,0.9947156,-1.7266287,0.007558,1.02824,-1.8448002,0.451439,0.429813,0.52195984,0.49671453,18.663467,17.66428,31.31551,33.92947,0.06895845,0.08963522,-0.03503746,0.007013469,-0.11817169
122882,-0.009007964,0.97274095,-1.6997194,0.003901,1.014922,-1.8328831,0.332751,0.294373,0.38071212,0.43806356,8.962701,7.7994337,22.641851,24.94716,0.04322003,0.061824486,-0.04349067,0.007378759,-0.13316345
122932,-0.011776195,0.9545808,-1.6743398,0.001663,1.006456,-1.8256247,0.223227,0.187888,0.23757112,0.40888393,-0.5704435,-1.6497662,13.772319,15.92407,0.020268992,0.037929356,-0.05298645,0.008005481,-0.15128519
122982,-0.012735483,0.9477019,-1.664265,0.000499,1.001951,-1.8218567,0.130292,0.106338,0.11867533,0.3846128,-7.1468687,-7.8451815,6.405195,8.42922,0.013154253,0.03293188,-0.05524752,0.008113506,-0.15759182
123032,-0.012871754,0.9468354,-1.6394292,0.000061,1.00024,-1.8204429,0.059594,0.047859,0.050046373,0.16219446,-11.366216,-11.774478,2.7011242,3.5546725,-0.006450996,0.026223734,-0.054165754,0.009239867,-0.1810136
123082,-0.012666019,0.94763476,-1.6413381,0,1,-1.820245,0.015251,0.012174,0.021104975,0.068398744,-13.952699,-14.055715,1.1390866,1.499035,-0.03178823,0.008187175,-0.05312775,0.0089436425,-0.17890692
123132,-0.012546458,0.9495686,-1.6356615,0,1,-1.820245,0.015251,0.012174,0.008900143,0.028844317,-13.391606,-13.499849,0.48036233,0.63215554,-0.033792794,0.007883787,-0.051138572,0.009251134,-0.18458366
