ts,x,y,yaw,x_des,y_des,yaw_des,v_ff,w_ff,v_actual,w_actual,omega_l_cmd,omega_r_cmd,omega_l_meas,omega_r_meas,duty_l,duty_r,x_err,y_err,yaw_err
263282,-0.0136872465,-1.0097353,-2.4532835,0.00111,-1.002185,-1.1002328,0.018589,0.008938,-0.0073308577,0,-4.9097967,-3.71449,-0.45817858,-0.45817858,-0.048243474,-0.03533416,-0.016224459,0.0035683839,1.3530507
263332,-0.013662675,-1.0097445,-2.4554338,0.003684,-1.007228,-1.0974772,0.072641,0.035112,-0.003091484,0,-5.608659,-0.919372,-0.19321774,-0.19321774,-0.063069455,-0.011229853,-0.015015256,0.009043344,1.3579569
263382,-0.013659445,-1.0097288,-2.4556289,0.008576,-1.016719,-1.092169,0.158836,0.077881,-0.0013037046,0,-6.711957,3.6113229,-0.08148153,-0.08148153,-0.08159254,0.035783473,-0.01277826,0.019493433,1.3634596
263433,-0.013601464,-1.0096862,-2.4556293,0.016425,-1.031687,-1.083463,0.272347,0.137231,0.007471992,0.33705363,-8.202876,9.689808,-0.41987282,1.3538718,-0.10069487,0.09015179,-0.009299052,0.036043737,1.3721666
263483,-0.013536826,-1.0095869,-2.4339967,0.027771,-1.052766,-1.0704367,0.406428,0.214064,0.011002999,1.4643229,-9.21281,17.796122,-3.1653123,4.540687,-0.09045683,0.15272276,-0.003324153,0.059663355,1.3635597
263532,-0.014152684,-1.0100917,0.59156466,0.043043,-1.080105,-1.0520241,0.552327,0.310504,0.024891058,1.0444953,17.222511,-17.500319,-1.1926374,4.3040195,0.16888484,-0.21406059,0.008432731,-0.09001164,-1.6435888
263582,-0.01550971,-1.0114876,-2.0184565,0.062527,-1.113278,-1.0269148,0.699567,0.430324,0.22545093,2.4574885,19.359867,61.12258,7.624416,20.55695,0.1166417,0.44756126,0.057981446,0.11440791,0.99154186
263633,-0.018539896,-1.0156207,-2.3618999,0.086343,-1.151248,-0.9934199,0.836602,0.579593,0.3059549,5.80438,-13.301886,45.997692,3.8494067,34.394955,-0.18574743,0.17356949,0.020768955,0.17018762,1.3684797
263683,-0.025312386,-1.0211557,-2.278295,0.11442,-1.192397,-0.94926476,0.951825,0.767687,0.24632053,7.444815,-9.165168,59.770836,-4.1941385,34.984203,-0.07285815,0.3294022,0.039324753,0.21749088,1.32903
263732,-0.030689072,-1.0286227,-1.8792312,0.146463,-1.2346,-0.89128804,1.034848,1.008905,0.6546998,9.977432,41.957237,109.38604,14.665616,67.17185,0.28022465,0.55557716,0.14247945,0.23132029,0.9879432
263783,-0.033429127,-1.0446092,-1.2988137,0.181936,-1.275383,-0.8149791,1.07791,1.324995,1.324895,7.967152,116.633865,160.22174,61.84237,103.76951,0.62045544,0.7611798,0.28014666,0.14545283,0.4838345
263833,-0.027633188,-1.0711191,-0.718447,0.220044,-1.312124,-0.71381307,1.077275,1.748843,1.9528021,1.613774,159.93991,168.8322,117.80388,126.296364,0.5500519,0.6708835,0.34509194,-0.01841031,0.0046339035
263883,-0.013147097,-1.096658,-0.0793234,0.259733,-1.342316,-0.57844806,1.034438,2.328709,1.8696469,-2.7199006,151.89871,125.59309,124.00967,109.69619,0.4413232,0.42223874,0.291488,-0.22326252,-0.4991248
263932,0.014486589,-1.1186006,0.60263515,0.299708,-1.36382,-0.39636302,0.957031,3.128195,1.1744282,-3.2424426,82.03921,36.688416,81.93344,64.87009,0.1537421,-0.05146739,0.0959841,-0.3636906,-0.99899817
263982,0.03695958,-1.1301408,1.159327,0.338467,-1.375101,-0.15427089,0.859247,4.20259,0.27077305,-2.1683433,4.6897407,-35.826168,22.628769,11.217862,-0.052989945,-0.2956803,-0.103924476,-0.3743153,-1.3135977
264033,0.049464215,-1.1396635,1.2986958,0.374365,-1.375415,0.15202904,0.761264,5.501726,-0.025386365,-2.4288862,-7.773777,-31.680546,4.804359,-7.9776545,-0.014647469,-0.091111675,-0.13975906,-0.37630665,-1.1466668
264082,0.052647598,-1.1462927,0.9174608,0.405699,-1.364914,0.5019839,0.685912,6.682049,0.31237826,-0.84640867,46.387775,55.11923,21.750751,17.296526,0.3842595,0.5633128,0.04099971,-0.41323072,-0.4154768
264132,0.051267523,-1.1550233,1.1323695,0.430805,-1.344626,0.8538921,0.649928,7.162419,0.60065883,2.9213948,27.235249,44.941326,29.854256,45.228096,0.110161796,0.18810259,-0.010550439,-0.42413032,-0.2784772
264183,0.05306287,-1.1552638,1.0852921,0.448181,-1.31635,1.1776488,0.6536,6.808008,0.5187777,3.7772992,37.028572,67.89904,22.484589,42.362625,0.29324836,0.47089386,0.041912556,-0.42462978,0.09235668
264232,0.059509404,-1.1438046,1.1607397,0.456602,-1.282421,1.4701378,0.682542,6.13909,0.6588145,5.5843544,31.20697,67.59869,26.48207,55.869736,0.20214273,0.34888747,0.03118056,-0.41943395,0.30939817
264283,0.0700167,-1.1225088,1.2724235,0.455226,-1.24542,1.7399952,0.7216,5.595091,0.6219456,5.547229,18.680656,59.45144,24.275457,53.467747,0.09444302,0.29846567,-0.0042423382,-0.4043209,0.46757174
264332,0.077774726,-1.0930485,1.5384002,0.443692,-1.207836,1.9911683,0.76455,5.213987,0.51195,6.510977,-5.7844925,33.85649,14.86487,49.128883,-0.077279285,0.07220855,-0.102875024,-0.36944333,0.45276833
264382,0.07701992,-1.0638115,1.8829337,0.42217,-1.171725,2.217644,0.813675,4.811158,0.24878956,5.571843,-27.967388,6.642971,0.88843584,30.210258,-0.18946391,-0.037268564,-0.20869242,-0.29533267,0.33471012
264432,0.072532676,-1.0466664,2.1734269,0.391389,-1.138461,2.407749,0.873407,4.206012,0.07863767,4.06728,-33.56947,-4.438602,-5.7871766,15.616884,-0.20727374,-0.025350392,-0.25635624,-0.21065874,0.23432206
264482,0.071374886,-1.0440784,2.327921,0.352614,-1.108561,2.551696,0.943469,3.364355,-0.004487099,3.104259,-23.090563,3.0659204,-8.448525,7.887638,-0.09358099,0.11829127,-0.24003164,-0.1601195,0.22377491
264532,0.07561147,-1.0485206,2.4369025,0.307583,-1.081665,2.645149,1.016318,2.379782,0.051183015,3.190347,-4.4836335,17.296999,-5.1956625,11.593539,0.059326172,0.22956556,-0.19818965,-0.12502083,0.20824671
264582,0.07838349,-1.0513294,2.5957608,0.258411,-1.056639,2.687822,1.079951,1.358413,0.16320422,3.0580003,17.967226,28.353397,2.1538994,18.246626,0.22543415,0.28413928,-0.15662508,-0.088919505,0.09206151
264632,0.07337152,-1.0484453,2.6974263,0.207454,-1.031822,2.6807892,1.123069,0.352533,0.3525546,1.5737927,39.089542,37.189487,17.89362,26.175703,0.30473143,0.30614376,-0.113929175,-0.07262637,-0.016636848
264682,0.055889487,-1.0400218,2.7882106,0.15717,-1.00535,2.6251538,1.139441,-0.630398,0.54727924,-0.29685703,55.635063,38.205273,34.986057,33.423847,0.32371587,0.25105834,-0.08302319,-0.06757976,-0.16305685
264732,0.030789886,-1.0309459,2.8136098,0.109957,-0.975506,2.522669,1.130104,-1.589969,0.6639253,-2.005434,67.418,35.796356,46.772125,36.21853,0.3470031,0.1998113,-0.05708796,-0.07798704,-0.29094076
264782,-0.0049224435,-1.0169939,2.6704023,0.068006,-0.941043,2.377927,1.103091,-2.495022,0.77345353,-4.2665625,75.798676,39.073788,59.567234,37.11445,0.32257533,0.22522753,-0.030503642,-0.100780055,-0.29247525
264833,-0.040018834,-0.9953822,2.3895245,0.03317,-0.901405,2.2006009,1.07069,-3.262368,0.8845187,-5.117879,85.68992,51.813175,68.74883,41.815994,0.34827656,0.3159118,0.0107523985,-0.11862845,-0.18892384
264882,-0.0701088,-0.96257997,2.0943096,0.006862,-0.856819,2.005006,1.044701,-3.781378,1.0184493,-4.351324,94.8358,65.10949,75.1025,52.20366,0.39835116,0.36010176,0.053116534,-0.11953463,-0.08930349
264932,-0.09477186,-0.9156213,1.796007,-0.010024,-0.808228,1.805948,1.031671,-3.991328,1.1682514,-3.6796377,100.50959,76.68071,82.697754,63.33366,0.39867425,0.37996095,0.08575609,-0.106589906,0.0099411
264983,-0.107540876,-0.86418426,1.510404,-0.017142,-0.757077,1.6143153,1.031212,-3.934575,1.2801858,-2.9115758,104.045944,87.36732,87.67269,72.350525,0.40432304,0.41592005,0.11236811,-0.08376953,0.1039114
265033,-0.10699939,-0.8027046,1.2269596,-0.0147,-0.705027,1.4364688,1.038534,-3.710558,1.3541483,-1.9453833,101.93204,94.275505,89.75305,79.51547,0.37629986,0.43007272,0.123074636,-0.053969637,0.20950936
265082,-0.09218507,-0.7416281,0.97185606,-0.00342,-0.653617,1.276819,1.048656,-3.389546,1.3861282,-0.8920455,96.40491,97.66668,88.9802,84.28581,0.33686477,0.43112174,0.12273417,-0.023696229,0.3049631
265133,-0.06430773,-0.68770313,0.7831183,0.015518,-0.603977,1.140413,1.058772,-2.979835,1.3761961,0.29513037,90.61657,98.4204,85.23569,86.78881,0.32388532,0.4287185,0.115642026,0.00302165,0.3572948
265182,-0.02062921,-0.6367953,0.7050085,0.040563,-0.556635,1.0335691,1.067865,-2.454869,1.3674029,0.70895743,86.10756,95.670425,83.59724,87.328125,0.2980482,0.40472233,0.09855144,0.021395523,0.3285606
265232,0.031136455,-0.59485435,0.7117884,0.06989,-0.511473,0.9627011,1.075036,-1.796908,1.3678814,1.4776872,84.31495,92.99849,81.60442,89.38075,0.30226687,0.3625448,0.083807774,0.037822545,0.2509127
265282,0.08112399,-0.5526779,0.80521184,0.101501,-0.467811,0.9326532,1.078588,-1.02129,1.3523377,1.6142755,85.65287,90.43775,80.273544,88.76867,0.3360191,0.34752285,0.07530757,0.044117905,0.1274414
265332,0.13081117,-0.50162685,0.89391744,0.133344,-0.42462,0.94554305,1.076676,-0.173391,1.3527381,0.92890006,82.44764,86.6164,82.10196,86.990295,0.28693557,0.326751,0.06161572,0.046259835,0.051625725
265383,0.15772867,-0.46923065,0.7854572,0.163408,-0.380799,1.000201,1.068803,0.68514,1.3389505,1.5723802,74.001465,93.96458,79.54708,87.82173,0.22478023,0.39945963,0.066549964,0.058510818,0.21474385
265432,0.21554726,-0.39415658,1.0122507,0.189838,-0.335442,1.0919921,1.056741,1.485642,1.3038467,2.7358334,68.55853,83.45819,74.291756,88.68908,0.21555977,0.28293273,0.036166817,0.05291812,0.07974148
265482,0.25075614,-0.33462974,1.2439535,0.211024,-0.288048,1.2131588,1.044069,2.159765,1.2335654,2.8499172,68.50865,79.57786,69.599,84.59669,0.25960603,0.27866265,0.031359553,0.052584037,-0.03079462
265532,0.27155828,-0.27551624,1.3965862,0.225693,-0.238617,1.3539932,1.034566,2.653946,1.1968554,2.384332,66.15216,79.02117,68.529686,81.07723,0.24561453,0.30746633,0.02839088,0.051566813,-0.042593002
265583,0.28239286,-0.21903002,1.4982013,0.23298,-0.187622,1.504483,1.030627,2.945649,1.1699402,2.3533518,63.42105,81.00926,66.929,79.313515,0.22997059,0.34544238,0.027741317,0.051560786,0.0062818527
265632,0.286827,-0.1641277,1.62585,0.232485,-0.135868,1.6554,1.032777,3.043202,1.1458272,2.9271736,63.467113,83.12763,63.91207,79.31632,0.2604289,0.37170932,0.031207092,0.052704655,0.029550076
265682,0.28364447,-0.10524158,1.8131142,0.224306,-0.084267,1.7983038,1.040273,2.965572,1.1689804,3.4561121,66.56114,82.921364,63.967377,82.15517,0.29295525,0.3434571,0.034600276,0.052571926,-0.014810562
265732,0.2689298,-0.047017355,2.020611,0.209041,-0.033614,1.9250572,1.051868,2.723463,1.193566,2.9364393,71.36403,80.95635,66.87137,82.32438,0.3167602,0.32124132,0.038109668,0.04810377,-0.095553875
265782,0.24433097,0.0051303227,2.16441,0.187761,0.015609,2.027807,1.065895,2.320224,1.2097316,1.6634471,75.128,79.55275,71.23128,79.98517,0.31769985,0.33172664,0.04032902,0.041030906,-0.13660288
265832,0.2084813,0.058036823,2.2441819,0.161942,0.063344,2.099642,1.079876,1.766474,1.2355603,0.75620383,75.81756,76.41876,75.23275,79.21227,0.28691047,0.30537218,0.03317228,0.033070702,-0.14453983
265882,0.1712447,0.108936146,2.2453036,0.13338,0.109942,2.1353781,1.090498,1.089495,1.2325066,0.1701953,75.02874,74.20408,76.58383,77.479485,0.26659596,0.2991995,0.024432557,0.028944729,-0.10992527
265932,0.13174182,0.1624219,2.2204049,0.104063,0.156062,2.1320279,1.094497,0.329917,1.2349699,-0.088548824,73.15825,69.688644,77.41861,76.95262,0.235679,0.25243756,0.01167771,0.025888156,-0.088377
265982,0.09498045,0.21455626,2.206873,0.076045,0.202484,2.089002,1.09006,-0.465941,1.173383,-0.6332086,72.97638,63.200306,75.00256,71.6703,0.25499454,0.23060189,0.0015371703,0.022403747,-0.117871284
266032,0.06082934,0.26487404,2.155746,0.05131,0.249887,2.0082877,1.077868,-1.248523,1.1283326,-1.7397586,72.60933,56.589985,75.098526,65.94305,0.24967346,0.21249136,-0.0072391178,0.016211856,-0.14745809
266083,0.032427028,0.3128963,2.0356474,0.031645,0.298659,1.8945582,1.061035,-1.964336,1.0801287,-2.683389,71.93617,52.413822,74.56871,60.447376,0.24558651,0.21610941,-0.012375993,0.00708149,-0.14108944
266133,0.012944327,0.36123797,1.8518335,0.018538,0.348764,1.75475,1.04389,-2.561305,1.0384473,-3.028118,71.09481,51.16298,72.87069,56.93522,0.25151238,0.23216096,-0.013536014,-0.0019145387,-0.09708357
266183,0.002917075,0.4089108,1.6868119,0.013102,0.399712,1.5968783,1.030265,-3.003799,1.0256075,-3.2200654,72.20261,50.257362,72.573265,55.62767,0.26650134,0.23166978,-0.010315938,-0.009051649,-0.089933395
266232,0.00076632964,0.45921764,1.5208226,0.016029,0.450623,1.428705,1.022383,-3.284959,1.0060333,-3.4349551,73.29426,49.56217,71.9153,53.83885,0.28495985,0.23753439,-0.00782149,-0.015672943,-0.09211779
266283,0.00603949,0.50680876,1.3482139,0.027572,0.500393,1.2572439,1.020994,-3.418961,0.99470454,-3.7991493,75.41132,50.839073,72.16554,52.17252,0.30746606,0.26496756,-0.0015042298,-0.022417596,-0.09097004
266332,0.014764087,0.53975505,0.8832976,0.047557,0.547895,1.0894368,1.026319,-3.416751,1.0509156,-3.0304947,73.0935,67.72484,73.65621,57.708233,0.269671,0.38826087,0.027101437,-0.020177864,0.20613909
266382,0.047255393,0.60243165,0.96890146,0.075404,0.592203,0.93299985,1.03865,-3.269751,1.086411,-2.052776,77.241196,56.728973,73.30205,62.499313,0.31793663,0.22779444,0.0075068,-0.028993398,-0.035901546
266432,0.07913819,0.6483704,0.93058395,0.110172,0.632784,0.796304,1.057813,-2.959354,1.0818442,-2.9326763,80.046036,54.387074,75.33186,59.898655,0.33179006,0.22479638,0.0060387393,-0.03419892,-0.1342802
266483,0.11641963,0.6926458,0.7496219,0.150598,0.66962,0.68722296,1.081893,-2.481776,1.1183021,-3.9180584,79.456184,60.764153,80.20326,59.58448,0.2781446,0.29180923,0.009327833,-0.04014151,-0.06239891
266533,0.1570759,0.72664183,0.5211565,0.195155,0.703245,0.6119671,1.106498,-1.860729,1.120439,-2.8118026,77.29622,72.469536,77.425995,62.628883,0.2842502,0.38860252,0.021374963,-0.039249733,0.09081054
266582,0.21039292,0.75368124,0.38269702,0.242105,0.734684,0.57485104,1.125396,-1.135408,1.1646544,-0.7480822,72.046265,78.59641,74.759285,70.8225,0.25520906,0.37777758,0.022324033,-0.029465055,0.19215395
266633,0.26411176,0.77329504,0.39979115,0.289553,0.765321,0.57888913,1.132471,-0.339417,1.1807595,1.0535321,70.19698,80.53397,71.02537,76.56958,0.27267846,0.34695774,0.020331293,-0.017247604,0.17909789
266682,0.32084686,0.79687625,0.5317061,0.335534,0.796701,0.62639594,1.124039,0.508726,1.1874193,1.849748,68.913795,78.032646,69.34655,79.08085,0.2767286,0.29837355,0.012570645,-0.0075974986,0.094689846
266732,0.3759536,0.82946527,0.68109554,0.378083,0.830313,0.7187021,1.100715,1.396587,1.180512,1.8855108,64.391815,74.33107,68.82074,78.74324,0.2328365,0.2611647,0.0021880623,-0.0006821418,0.037606478
266782,0.42301127,0.86701614,0.78074497,0.415338,0.867372,0.854347,1.068188,2.291904,1.1335896,1.864134,56.51221,73.72445,65.94434,75.75435,0.17466544,0.28424644,-0.0052005616,0.005653296,0.07360196
266832,0.46804225,0.9121956,0.8872882,0.445633,0.908631,1.0261419,1.03639,3.110491,1.0768093,3.1923678,46.432198,72.3546,58.900658,75.70049,0.13034183,0.26812232,-0.016915679,0.01512419,0.13885355
266882,0.50086194,0.95403016,1.0976164,0.467611,0.954262,1.219969,1.016505,3.713054,1.0085545,4.3957963,44.68895,73.01676,51.468212,74.60109,0.1783773,0.28398034,-0.014946696,0.029703101,0.1223526
266933,0.52033484,0.9947831,1.3678951,0.480304,1.003773,1.4185688,1.016037,3.979581,0.9865155,4.8252435,50.874313,76.382835,48.960796,74.35364,0.26558718,0.32208714,0.00073877536,0.041021213,0.050673485
266982,0.5277494,1.0396111,1.6432087,0.483215,1.056032,1.6088278,1.034469,3.919244,1.0233545,3.9125638,60.232807,80.02431,53.66472,74.254585,0.3191767,0.3645211,0.019599836,0.043229673,-0.034380913
267032,0.524199,1.0864911,1.8381373,0.476353,1.109339,1.7859719,1.062898,3.675608,1.0800894,2.796612,67.498695,84.68787,60.146996,74.86417,0.3374477,0.41667402,0.03467564,0.040110692,-0.05216551
267082,0.50890476,1.1418319,1.9958853,0.460243,1.161556,1.9526522,1.08797,3.419933,1.1791949,2.7501817,70.49675,86.76819,66.46326,80.93609,0.31013575,0.38440347,0.03803692,0.03619671,-0.043232918
267133,0.4848728,1.1968744,2.1277804,0.43588,1.210326,2.1161263,1.096998,3.272406,1.2325059,2.6306632,70.24926,87.85719,70.10968,83.953545,0.27257556,0.37081078,0.03731739,0.03447681,-0.0116539
267182,0.45231235,1.2492727,2.2831051,0.40465,1.253267,2.2861578,1.081742,3.299626,1.2395235,3.1304135,67.862236,86.57801,69.233315,85.707115,0.25689676,0.3447152,0.034174435,0.033462845,0.0030527115
267232,0.408706,1.2992138,2.4818013,0.368229,1.288198,2.473748,1.040438,3.538587,1.2201138,3.5788639,62.524235,81.717926,66.84022,85.67399,0.22257848,0.29326457,0.025229558,0.03351425,-0.008053303
267283,0.35830826,1.3389119,2.6883128,0.328428,1.313378,2.6892807,0.978627,4.001602,1.1594573,3.669295,54.45851,76.690414,62.811245,82.12091,0.17357934,0.27279055,0.015681094,0.036040448,0.00096797943
267333,0.30460143,1.3647059,2.8827968,0.287075,1.327651,2.937177,0.908898,4.637468,1.0744063,4.265244,44.47965,73.16078,55.927467,78.373314,0.13098516,0.27069837,0.0074597914,0.040306233,0.054380413
267382,0.2516132,1.3778999,3.1344883,0.245865,1.330585,-3.075433,0.848667,5.248053,0.98880345,5.4679365,38.016617,70.82638,47.412704,76.18772,0.13988933,0.26333568,0.005411916,0.047354527,0.07326394
267432,0.20744339,1.3780729,-2.863483,0.20626,1.322501,-2.80803,0.814331,5.483375,0.92177397,5.751262,38.892376,71.96447,42.477863,72.74388,0.19302206,0.30856907,0.016394561,0.053111736,0.05545282
267482,0.16589178,1.3635954,-2.5181901,0.169422,1.304445,-2.5716612,0.812444,5.112545,0.932438,5.777599,46.887432,72.334946,43.07507,73.47968,0.27034807,0.3037952,0.031665854,0.050084915,-0.053471092
267532,0.13343044,1.3392998,-2.235121,0.136178,1.278098,-2.379966,0.834896,4.296208,0.959529,4.076761,56.685307,72.73574,49.24358,70.69753,0.3150375,0.33665955,0.046492275,0.03989585,-0.14484501
267582,0.106285565,1.3047056,-2.051545,0.106997,1.245586,-2.231755,0.864024,3.379017,1.0017536,2.6391602,63.394394,72.15985,55.665306,69.55389,0.3277223,0.34541672,0.05208932,0.02797023,-0.18021011
267632,0.08088543,1.2571762,-1.9603809,0.082056,1.209304,-2.1194537,0.881852,2.57648,1.0771458,1.5116473,64.11306,69.386925,63.34409,71.29913,0.2615692,0.29992607,0.04384039,0.019264905,-0.15907289
267682,0.05948872,1.2074263,-1.9188136,0.061268,1.171667,-2.034837,0.875652,1.943975,1.0850762,1.0147725,61.53793,65.75011,65.14714,70.48738,0.21651813,0.2686229,0.033008788,0.01386778,-0.11602354
267733,0.03840577,1.1515105,-1.8781923,0.044375,1.134946,-1.9712379,0.839396,1.462731,1.0547912,1.033829,54.63961,57.695824,63.20418,68.64471,0.15843374,0.19587635,0.013981869,0.0107014645,-0.09304571
267782,0.019402696,1.0967798,-1.8241999,0.031,1.101064,-1.92365,0.77295,1.097803,0.9399649,0.8815449,45.497196,46.67583,56.428238,61.067368,0.12271699,0.1459815,-0.0070547755,0.010152905,-0.09945011
267832,0.00748711,1.0540268,-1.7774464,0.020702,1.071468,-1.8883998,0.680839,0.818213,0.80738336,0.67176294,36.854076,36.600376,48.69388,52.22903,0.100744404,0.116840035,-0.019781534,0.009355107,-0.11095333
267882,-0.0011957095,1.0167967,-1.7468816,0.013037,1.047088,-1.8628132,0.570633,0.600874,0.6488139,0.42221472,26.7609,25.911572,39.43991,41.661816,0.07766542,0.09744024,-0.032316167,0.008706291,-0.11593151
267932,-0.0069227517,0.9909445,-1.7307944,0.007558,1.02824,-1.8448002,0.451439,0.429813,0.49528018,0.41642213,17.458612,16.59649,29.859299,32.05072,0.06625504,0.0832548,-0.039126124,0.008354031,-0.11400605
267982,-0.010867753,0.9712695,-1.7056085,0.003901,1.014922,-1.8328831,0.332751,0.294373,0.3579332,0.38061908,8.417556,7.391579,21.36932,23.372328,0.04616806,0.06016025,-0.045241438,0.008767662,-0.12727451
268032,-0.01282499,0.959029,-1.6867204,0.001663,1.006456,-1.8256247,0.223227,0.187888,0.22795461,0.3372428,0.5468321,-0.35345787,13.359793,15.134533,0.032938465,0.047929212,-0.048784427,0.008905139,-0.13890459
268082,-0.0136709735,0.9525217,-1.6750897,0.000499,1.001951,-1.8218567,0.130292,0.106338,0.12317333,0.10037964,-5.8822136,-6.4890614,7.434209,7.9624567,0.01358676,0.041988745,-0.050635874,0.008947177,-0.14676714
268132,-0.013972562,0.9506768,-1.6709111,0.000061,1.00024,-1.8204429,0.059594,0.047859,0.051943216,0.04233091,-10.435348,-10.727183,3.1350677,3.357834,-0.0030394197,0.030888543,-0.05071761,0.009009572,-0.14953183
268182,-0.013707902,0.9523148,-1.675137,0,1,-1.820245,0.015251,0.012174,0.021904888,0.017851287,-12.761383,-12.832407,1.3220842,1.4160266,-0.022389755,0.014782697,-0.048853565,0.008666878,-0.14510822
268232,-0.013334111,0.95498854,-1.6733526,0,1,-1.820245,0.015251,0.012174,0.009237475,0.007528036,-11.997602,-12.0703335,0.557534,0.59715027,-0.020068005,0.01750061,-0.046140056,0.008655936,-0.14689255
