ts,x,y,yaw,x_des,y_des,yaw_des,v_ff,w_ff,v_actual,w_actual,omega_l_cmd,omega_r_cmd,omega_l_meas,omega_r_meas,duty_l,duty_r,x_err,y_err,yaw_err
568334,-0.008153733,-1.0082998,-1.7413981,0.00111,-1.002185,-1.1002328,0.018589,0.008938,0,0,-1.5830569,-0.82913,0,0,0,0,-0.007598824,0.008091099,0.64116526
568384,-0.008152823,-1.0083086,-1.7399608,0.003684,-1.007228,-1.0974772,0.072641,0.035112,0,0,1.294868,4.254622,0,0,-0.017413625,-0.00912043,-0.003058042,0.011485928,0.6424837
568434,-0.008151222,-1.0082994,-1.7398411,0.008576,-1.016719,-1.092169,0.158836,0.077881,0,0,6.183979,12.735341,0,0,0.01266049,0.04597171,0.0054854155,0.017905317,0.6476722
568484,-0.008174156,-1.0084077,-1.7305094,0.016425,-1.031687,-1.083463,0.272347,0.137231,0.018436724,0.26379728,13.279345,24.61015,0.45817858,1.8464118,0.06295325,0.124262474,0.019070903,0.027988309,0.64704657
568534,-0.008810317,-1.012063,-1.6771886,0.027771,-1.052766,-1.0704367,0.406428,0.214064,0.07741908,1.081808,23.016296,39.299835,1.9921848,7.6851993,0.13072707,0.20444098,0.03658816,0.040696785,0.6067519
568584,-0.009748463,-1.0220587,-1.5597739,0.043043,-1.080105,-1.0520241,0.552327,0.310504,0.20989582,2.2484975,36.90239,56.40468,7.2021294,19.034847,0.19424106,0.26377612,0.058624588,0.052148443,0.50774956
568634,-0.009788906,-1.0418309,-1.4268812,0.062527,-1.113278,-1.0269148,0.699567,0.430324,0.43841663,2.7721653,52.665157,73.48647,20.106777,34.695297,0.22718267,0.30729306,0.08108,0.061321434,0.39996624
568684,-0.0057612006,-1.0708463,-1.2579926,0.086343,-1.151248,-0.9934199,0.836602,0.579593,0.6636355,2.8415055,70.69201,89.21873,34.000504,48.953926,0.27139205,0.36714503,0.104843125,0.06289299,0.2645726
568734,0.0049009053,-1.1077912,-1.0736293,0.11442,-1.192397,-0.94926476,0.951825,0.767687,0.8991741,2.5732844,88.04689,101.22312,49.427425,62.969334,0.32539675,0.41767427,0.12659697,0.055908713,0.12436437
568785,0.02581559,-1.1510481,-0.871667,0.146463,-1.2346,-0.89128804,1.034848,1.008905,1.1252786,1.4724971,101.844955,107.13257,66.45541,74.20442,0.35855764,0.45816886,0.14159366,0.03857395,-0.019620895
568834,0.05777331,-1.196997,-0.6428084,0.181936,-1.275383,-0.8149791,1.07791,1.324995,1.2974417,0.58410937,109.685486,105.3942,79.55316,82.62704,0.39615366,0.46395725,0.14636984,0.011687472,-0.17217065
568884,0.10161547,-1.2396573,-0.39859238,0.220044,-1.312124,-0.71381307,1.077275,1.748843,1.4213403,-0.23918533,108.91757,96.32156,89.46313,88.204414,0.4015835,0.41146916,0.1372706,-0.02082127,-0.3152206
568934,0.15598302,-1.2747754,-0.22965679,0.259733,-1.342316,-0.57844806,1.034438,2.328709,1.4058712,-1.0311854,99.22095,87.77355,90.580246,85.15363,0.40562677,0.36467946,0.11640116,-0.042149357,-0.34879133
568984,0.21796994,-1.2982873,-0.164177,0.299708,-1.36382,-0.39636302,0.957031,3.128195,1.3558096,-1.0467428,83.39875,84.404144,87.49233,81.98385,0.34964836,0.31565177,0.09134964,-0.05129218,-0.23218608
569034,0.2832768,-1.3130997,-0.17583483,0.338467,-1.375101,-0.15427089,0.859247,4.20259,1.3063182,-0.30677488,61.07783,82.96969,82.45208,80.83768,0.24022411,0.29626507,0.06518511,-0.051390782,0.021564007
569084,0.34844798,-1.3259944,-0.097629264,0.374365,-1.375415,0.15202904,0.761264,5.501726,1.1589736,1.9675473,34.85869,74.56772,67.258736,77.61295,0.15759721,0.32092705,0.030610846,-0.046659015,0.24965835
569134,0.4025115,-1.3317051,0.18774478,0.405699,-1.364914,0.5019839,0.685912,6.682049,0.9890372,5.8457894,15.991106,63.824375,46.43309,77.196556,0.08208988,0.23966165,-0.003066732,-0.03322022,0.31423903
569184,0.44729415,-1.3283558,0.5924412,0.430805,-1.344626,0.8538921,0.649928,7.162419,0.759562,8.42942,8.731106,56.944176,25.29271,69.652534,0.08739135,0.19893977,-0.022764128,-0.0042900573,0.26145077
569234,0.47864494,-1.3178093,1.0155089,0.448181,-1.31635,1.1776488,0.6536,6.808008,0.61148655,8.064366,14.625923,57.666195,16.99854,59.43727,0.086676754,0.22689435,-0.0148201175,0.026656052,0.1621399
569285,0.49446324,-1.3003169,1.4265192,0.456602,-1.282421,1.4701378,0.682542,6.13909,0.57625073,7.8549895,28.543543,63.592915,15.347232,56.684113,0.16127813,0.26214287,0.012266421,0.04004088,0.043618683
569334,0.49712315,-1.2781682,1.7721877,0.455226,-1.24542,1.7399952,0.7216,5.595091,0.6384842,5.986369,42.076263,70.83977,24.153625,55.65689,0.22143695,0.33993703,0.04046715,0.034499664,-0.03219223
569384,0.49122104,-1.2478428,2.0614278,0.443692,-1.207836,1.9911683,0.76455,5.213987,0.7658346,4.721779,51.586544,76.19268,35.44048,60.28884,0.2560597,0.3793519,0.057682257,0.023071798,-0.07025956
569434,0.47400963,-1.2127033,2.3548586,0.42217,-1.171725,2.217644,0.813675,4.811158,0.8779319,4.0739837,59.587933,78.07774,44.15107,65.59041,0.2754439,0.39370117,0.06562187,0.0077677723,-0.13721466
569484,0.4439679,-1.1790706,2.6358907,0.391389,-1.138461,2.407749,0.873407,4.206012,0.9644231,3.4941597,66.95198,76.33434,51.082436,69.47045,0.2988382,0.3859039,0.065670006,-0.01005633,-0.22814177
569534,0.40251496,-1.1520593,2.8812883,0.352614,-1.108561,2.551696,0.943469,3.364355,1.066382,2.7491279,73.7275,71.27934,59.41523,73.882515,0.30039552,0.3291427,0.059415255,-0.029189646,-0.32959223
569584,0.35249084,-1.1343488,3.0254996,0.307583,-1.081665,2.645149,1.016318,2.379782,1.0740709,1.4645691,79.649765,66.83429,63.275784,70.98308,0.343507,0.3084947,0.050708037,-0.0471273,-0.3803506
569634,0.29716098,-1.1261524,3.0322697,0.258411,-1.056639,2.687822,1.079951,1.358413,1.1173857,-0.38411263,85.54506,67.45247,70.847305,68.82591,0.3398489,0.28355262,0.04610295,-0.064870626,-0.3444476
569684,0.23800589,-1.116361,2.889722,0.207454,-1.031822,2.6807892,1.123069,0.352533,1.184933,-2.0736513,90.65663,75.16827,79.514595,68.602005,0.3224078,0.2912064,0.050656397,-0.07425766,-0.20893288
569734,0.17765033,-1.0975385,2.7054188,0.15717,-1.00535,2.6251538,1.139441,-0.630398,1.2096331,-2.7255125,93.05136,81.26965,82.773575,68.430565,0.3526458,0.37914318,0.057510152,-0.07490489,-0.08026504
569784,0.11886048,-1.0675067,2.5593748,0.109957,-0.975506,2.522669,1.130104,-1.589969,1.2897068,-2.1991808,93.68038,80.1269,86.39327,74.82008,0.3500789,0.38671535,0.058025688,-0.0719473,-0.03670597
569834,0.062061783,-1.0260028,2.4426737,0.068006,-0.941043,2.377927,1.103091,-2.495022,1.3228406,-1.8096794,92.91052,72.87478,87.43925,77.91581,0.35623708,0.34877315,0.05011175,-0.06886439,-0.06474686
569884,0.008125039,-0.976581,2.3153358,0.03317,-0.901405,2.2006009,1.07069,-3.262368,1.3584687,-2.5673127,90.88059,63.62686,91.65953,78.14905,0.3096479,0.2687595,0.038313158,-0.06935981,-0.11473465
569934,-0.036609493,-0.9204105,2.120543,0.006862,-0.856819,2.005006,1.044701,-3.781378,1.3179793,-3.730531,88.6322,58.80871,92.18967,72.55775,0.28416094,0.22190562,0.031509176,-0.07029101,-0.11553669
569984,-0.0683427,-0.8590643,1.8771955,-0.010024,-0.808228,1.805948,1.031671,-3.991328,1.2361331,-4.5008154,86.97679,59.023823,89.10108,65.41554,0.29482886,0.23800832,0.03087808,-0.07093617,-0.07124758
570034,-0.084176004,-0.80243105,1.6104621,-0.017142,-0.757077,1.6143153,1.031212,-3.934575,1.2091519,-4.644679,87.79557,65.1013,87.793304,63.35068,0.29041913,0.25652587,0.042660143,-0.068779804,0.003853321
570084,-0.085663766,-0.7452782,1.3823814,-0.0147,-0.705027,1.4364688,1.038534,-3.710558,1.1896601,-4.0533376,88.682,70.662056,85.0191,63.688408,0.32948533,0.31689456,0.052830487,-0.062168755,0.05408716
570134,-0.072651856,-0.6862382,1.180386,-0.00342,-0.653617,1.276819,1.048656,-3.389546,1.2062298,-3.3629372,87.71611,74.54599,84.23809,66.540634,0.35229728,0.35037288,0.056513987,-0.051607765,0.09643316
570184,-0.04658786,-0.628182,1.0260338,0.015518,-0.603977,1.140413,1.058772,-2.979835,1.242813,-2.6466627,85.31833,75.91148,84.63984,70.71178,0.3436742,0.35368365,0.052885503,-0.040572673,0.114379406
570234,-0.009735626,-0.57352155,0.9041331,0.040563,-0.556635,1.0335691,1.067865,-2.454869,1.2783552,-2.1561546,81.261055,76.06581,85.57059,74.22382,0.31223232,0.33700714,0.044373963,-0.02908708,0.12943602
570285,0.035116963,-0.52213395,0.8324939,0.06989,-0.511473,0.9627011,1.075036,-1.796908,1.2895246,-1.369597,76.05637,74.78532,84.199036,76.99153,0.28346515,0.31228015,0.031288378,-0.01854339,0.13020706
570334,0.08251586,-0.4744905,0.79878795,0.101501,-0.467811,0.9326532,1.078588,-1.02129,1.2732928,-0.60140365,70.17363,73.58525,81.16324,77.99835,0.25701594,0.28835166,0.018029515,-0.008943604,0.13386536
570384,0.13075496,-0.42755976,0.8206081,0.133344,-0.42462,0.94554305,1.076676,-0.173391,1.233486,0.17932738,64.08717,71.650955,76.62102,77.56473,0.23617607,0.2775902,0.003915754,0.00011022587,0.12493492
570434,0.17743474,-0.38033444,0.88525665,0.163408,-0.380799,1.000201,1.068803,0.68514,1.209129,0.84183717,57.90911,69.61224,73.35548,77.785645,0.19786048,0.2503278,-0.0092398105,0.010563679,0.11494446
570484,0.21414892,-0.33698848,0.98377514,0.189838,-0.335442,1.0919921,1.056741,1.485642,1.1279278,1.6091695,54.37009,70.09981,66.26136,74.729614,0.19697458,0.2554552,-0.012177822,0.0210977,0.10821676
570534,0.24365033,-0.29270574,1.118004,0.211024,-0.288048,1.2131588,1.044069,2.159765,1.0735776,2.2798944,52.790478,71.45498,61.09963,73.09757,0.20510003,0.2729173,-0.010084925,0.031376205,0.09515477
570584,0.26506877,-0.24794191,1.2694066,0.225693,-0.238617,1.3539932,1.034566,2.653946,1.0568817,2.8510761,53.243786,74.048584,58.553204,73.55699,0.20854843,0.28034177,-0.0027840156,0.040368978,0.08458663
570634,0.2784414,-0.20231514,1.4437317,0.23298,-0.187622,1.504483,1.030627,2.945649,1.0211421,3.0835202,56.283665,77.26474,55.707867,71.93489,0.23888476,0.32615763,0.0088136755,0.046956856,0.060751442
570684,0.28522697,-0.15197808,1.6392266,0.232485,-0.135868,1.6554,1.032777,3.043202,1.0377574,3.4606512,60.69995,79.44955,55.753998,73.965675,0.26953325,0.34189525,0.019678708,0.05151698,0.016173363
570734,0.28173545,-0.09786679,1.8266027,0.224306,-0.084267,1.7983038,1.040273,2.965572,1.0703604,3.32908,65.04864,80.50812,58.137882,75.657166,0.2947182,0.35322383,0.02768837,0.05211957,-0.028298853
570784,0.2678562,-0.04203584,1.9826536,0.209041,-0.033614,1.9250572,1.051868,2.723463,1.1241518,2.7272835,68.33192,80.518456,63.083317,77.435646,0.29381135,0.35151094,0.031262044,0.050525647,-0.057596684
570834,0.24429028,0.015041518,2.1089365,0.187761,0.015609,2.027807,1.065895,2.320224,1.1781604,2.2869933,70.49562,78.874695,67.61738,79.65268,0.28577754,0.3333458,0.029460793,0.04824877,-0.08112955
570884,0.21225706,0.06936144,2.2029212,0.161942,0.063344,2.099642,1.079876,1.766474,1.1923184,1.8439099,72.24311,76.013985,69.668106,79.37168,0.29022348,0.3213858,0.024874458,0.044148333,-0.103279114
570934,0.17399538,0.12343879,2.2725368,0.13338,0.109942,2.1353781,1.090498,1.089495,1.2147242,1.0776011,73.14826,70.83396,73.084816,78.75569,0.27523744,0.29739007,0.015911393,0.0397316,-0.1371584
570984,0.13395028,0.17397952,2.2952986,0.104063,0.156062,2.1320279,1.094497,0.329917,1.2097964,0.4290061,73.45119,65.1364,74.48345,76.7411,0.27214605,0.2616434,0.006391026,0.034255534,-0.16327094
571034,0.09376657,0.22390535,2.2609818,0.076045,0.202484,2.089002,1.09006,-0.465941,1.2146116,-0.3919066,72.29747,59.004875,76.94443,74.88202,0.24834555,0.21294688,-0.0052356347,0.027304154,-0.17197992
571084,0.056825146,0.27679226,2.119979,0.05131,0.249887,2.0082877,1.077868,-1.248523,1.1546649,-1.8091037,68.0618,54.542778,76.92676,67.40635,0.23304155,0.21565944,-0.020070018,0.018748436,-0.111691475
571134,0.031018728,0.32451656,1.9806397,0.031645,0.298659,1.8945582,1.061035,-1.964336,1.0688483,-2.1802447,67.21484,51.442757,72.53978,61.066242,0.22997966,0.22732031,-0.023965675,0.009728948,-0.086081505
571184,0.014747118,0.372282,1.8522991,0.018538,0.348764,1.75475,1.04389,-2.561305,1.0338016,-2.3551126,68.18465,48.3807,70.80949,58.415707,0.23552328,0.21514753,-0.023645412,0.002891617,-0.09754896
571234,0.004050837,0.42053142,1.7240092,0.013102,0.399712,1.5968783,1.030265,-3.003799,1.0015599,-2.780917,69.81861,45.57445,69.91477,55.280197,0.25342175,0.20874768,-0.02195688,-0.005767796,-0.12713099
571285,0.0011198889,0.46880963,1.5431042,0.016029,0.450623,1.428705,1.022383,-3.284959,0.97703093,-3.3061128,71.06152,45.907143,69.76364,52.365223,0.27226228,0.20150167,-0.017766848,-0.015406954,-0.11439943
571334,0.0057292515,0.51734763,1.3005677,0.027572,0.500393,1.2572439,1.020994,-3.418961,0.9685468,-4.128996,71.60139,49.992107,71.39859,49.66975,0.26834935,0.2267624,-0.010508418,-0.025576148,-0.043323994
571384,0.02183955,0.5634004,1.066059,0.047557,0.547895,1.0894368,1.026319,-3.416751,0.9534796,-3.9126625,72.5271,55.089016,69.887665,49.29728,0.29293355,0.27355227,-0.0011354918,-0.030008575,0.023377895
571434,0.049808595,0.60599536,0.8740491,0.075404,0.592203,0.93299985,1.03865,-3.269751,1.0011489,-3.444383,73.585815,59.3091,71.63484,53.508778,0.28699768,0.2856556,0.0058474485,-0.028480886,0.0589509
571484,0.086304806,0.6441162,0.7203905,0.110172,0.632784,0.796304,1.057813,-2.959354,1.0190928,-2.8013911,74.52413,63.2064,71.06446,56.32214,0.30691388,0.30502197,0.010461735,-0.024261374,0.07591343
571534,0.13051867,0.6794019,0.616405,0.150598,0.66962,0.68722296,1.081893,-2.481776,1.0799085,-2.1743355,74.91395,66.01876,73.2155,61.77306,0.2981176,0.29392722,0.010729002,-0.019589627,0.07081795
571584,0.1803363,0.7111919,0.52853376,0.195155,0.703245,0.6119671,1.106498,-1.860729,1.1210276,-1.8202322,73.62241,69.152664,74.85371,65.274734,0.28743696,0.2901596,0.008789279,-0.014335122,0.08343338
571634,0.23478188,0.73879474,0.46118256,0.242105,0.734684,0.57485104,1.125396,-1.135408,1.1380357,-1.4776263,70.29371,72.1329,75.01523,67.23922,0.27322468,0.30648217,0.0047287447,-0.0069401385,0.113668434
571684,0.29076895,0.7641731,0.4399641,0.289553,0.765321,0.57888913,1.132471,-0.339417,1.1661253,-0.3552971,65.839165,74.01201,73.8177,71.94795,0.24883384,0.292164,-0.000611255,0.0015564931,0.13892506
571734,0.3478012,0.78900635,0.47991744,0.335534,0.796701,0.62639594,1.124039,0.508726,1.162668,0.60476124,60.698513,74.1793,71.07547,74.258026,0.22665827,0.2894686,-0.0073287413,0.012489259,0.14647841
571785,0.40212628,0.81583446,0.583496,0.378083,0.830313,0.7187021,1.100715,1.396587,1.1211882,1.6035951,55.967285,73.56675,65.8548,74.29372,0.22150257,0.2928996,-0.012088242,0.025329491,0.13520621
571834,0.45143682,0.8483881,0.7509552,0.415338,0.867372,0.854347,1.068188,2.291904,1.1097234,2.5108726,52.46532,72.78729,62.75098,75.96445,0.19678739,0.26781064,-0.01343615,0.03850951,0.10339165
571884,0.49240735,0.8874678,0.9353161,0.445633,0.908631,1.0261419,1.03639,3.110491,1.0531924,3.0815823,49.51507,73.46313,57.71611,73.93294,0.205678,0.2802342,-0.010731682,0.05020511,0.09082556
571934,0.52137625,0.92899007,1.1546476,0.467611,0.954262,1.219969,1.016505,3.713054,1.0431612,3.827563,50.96627,76.60264,55.126293,75.268845,0.19527929,0.27366516,0.0013809465,0.05939247,0.065321445
571984,0.54009676,0.97377694,1.4023962,0.480304,1.003773,1.4185688,1.016037,3.979581,1.0282261,4.146182,56.9762,81.00876,53.354485,75.17377,0.2244075,0.30903733,0.019550148,0.06397443,0.01617241
572034,0.54831195,1.0226779,1.6495523,0.483215,1.056032,1.6088278,1.034469,3.919244,1.0311363,4.100922,65.3932,85.39253,53.655464,75.236565,0.28591764,0.36007044,0.03837215,0.062271044,-0.04072475
572084,0.5446116,1.0772878,1.8806652,0.476353,1.109339,1.7859719,1.062898,3.675608,1.1206448,3.6256552,73.147575,87.99767,60.500298,79.58031,0.3097466,0.36875638,0.05133906,0.05523418,-0.094693184
572134,0.52821076,1.134108,2.0589566,0.460243,1.161556,1.9526522,1.08797,3.419933,1.176357,2.696065,77.23405,89.56146,66.42829,80.61633,0.34015238,0.39594883,0.056119047,0.04715577,-0.106304176
572184,0.49982262,1.1906943,2.2069905,0.43588,1.210326,2.1161263,1.096998,3.272406,1.2536323,2.139446,77.24936,89.56192,72.722595,83.98143,0.32576433,0.38660517,0.05378171,0.039769154,-0.090864174
572234,0.4608091,1.2463225,2.331196,0.40465,1.253267,2.2861578,1.081742,3.299626,1.3173112,2.2460504,72.08389,87.59892,76.42203,88.24187,0.29181537,0.34813178,0.04373722,0.035904422,-0.045038223
572285,0.41441432,1.2967755,2.4588578,0.368229,1.288198,2.473748,1.040438,3.538587,1.3106054,2.5145588,63.188118,83.964134,75.2964,88.52927,0.24883103,0.32700914,0.03042121,0.03579394,0.014890194
572334,0.36283654,1.3390985,2.6315143,0.328428,1.313378,2.6892807,0.978627,4.001602,1.2771624,3.0707586,53.056202,78.89535,71.742714,87.90258,0.18547231,0.29370475,0.017470635,0.03924624,0.057766438
572384,0.30544654,1.3708762,2.8889441,0.287075,1.327651,2.937177,0.908898,4.637468,1.1547302,4.4683766,44.451653,72.95658,60.413216,83.92805,0.18629515,0.27778473,0.006983321,0.04644525,0.048233032
572434,0.2538529,1.386339,-3.1231005,0.245865,1.330585,-3.075433,0.848667,5.248053,1.0454239,4.9021745,39.686916,71.34829,52.44014,78.23783,0.16927765,0.27011618,0.009017487,0.055596713,0.047667503
572484,0.20509945,1.3857609,-2.8140602,0.20626,1.322501,-2.80803,0.814331,5.483375,0.97846454,5.6071367,40.95144,71.66752,46.40025,75.90781,0.17273301,0.27273408,0.019252347,0.06027036,0.0060305595
572534,0.16208519,1.3705286,-2.4973443,0.169422,1.304445,-2.5716612,0.812444,5.112545,0.92739373,5.646198,47.868515,72.432365,43.10555,72.818665,0.21457966,0.30653894,0.033823468,0.057243668,-0.07431698
572584,0.1294241,1.3451151,-2.2078497,0.136178,1.278098,-2.379966,0.834896,4.296208,0.97411,5.2900753,58.045082,72.818016,46.962364,74.801384,0.2483882,0.29336074,0.04985439,0.04529287,-0.17211628
572634,0.10074891,1.3073905,-2.004513,0.106997,1.245586,-2.231755,0.864024,3.379017,0.9991547,3.8517137,64.47138,70.82412,52.312344,72.581985,0.30475402,0.31914568,0.053456213,0.031642653,-0.227242
572684,0.07841424,1.2598411,-1.9132217,0.082056,1.209304,-2.1194537,0.881852,2.57648,1.0128818,2.091514,65.6307,68.35383,57.80181,68.8084,0.32467645,0.33921415,0.046380278,0.020399306,-0.20623209
572734,0.057913084,1.2076138,-1.8958975,0.061268,1.171667,-2.034837,0.875652,1.943975,1.0809755,0.8344274,61.99133,64.96855,65.36538,69.75655,0.2642478,0.3043475,0.032992315,0.014660777,-0.13893938
572785,0.03719116,1.1513017,-1.8793133,0.044375,1.134946,-1.9712379,0.839396,1.462731,1.0811788,0.66729695,54.43771,57.5825,65.81784,69.32949,0.22056565,0.27198544,0.013402171,0.011811011,-0.09192467
572834,0.017472126,1.0958837,-1.825986,0.031,1.101064,-1.92365,0.77295,1.097803,1.0466411,1.0259742,45.056396,46.36157,62.715473,68.11466,0.16539729,0.19858477,-0.008427309,0.011782137,-0.09766388
572884,0.0028829817,1.0463768,-1.757312,0.020702,1.071468,-1.8883998,0.680839,0.818213,0.932085,0.9350768,34.84239,33.80464,55.794888,60.71573,0.12700191,0.14256752,-0.02796029,0.01285716,-0.1310878
572934,-0.005337741,1.0084053,-1.720563,0.013037,1.047088,-1.8628132,0.570633,0.600874,0.7659928,0.8249017,24.637175,22.913866,45.70403,50.045074,0.1114516,0.102926224,-0.040991332,0.0123973,-0.14225006
572984,-0.011187244,0.9808545,-1.7237574,0.007558,1.02824,-1.8448002,0.451439,0.429813,0.5965452,0.21297356,14.543283,13.524029,36.723686,37.84446,0.08341073,0.09646572,-0.04968832,0.011306476,-0.12104273
573034,-0.015009752,0.9623821,-1.7188168,0.003901,1.014922,-1.8328831,0.332751,0.294373,0.4411611,0.32923284,5.6258473,4.898386,26.706272,28.43886,0.06595983,0.078193724,-0.054754388,0.01095533,-0.114066124
573084,-0.017168269,0.95087963,-1.7043161,0.001663,1.006456,-1.8256247,0.223227,0.187888,0.29835415,0.38622606,-2.0287852,-2.6664903,17.630877,19.663391,0.051862285,0.061545566,-0.05758861,0.011265125,-0.12130833
573134,-0.01808794,0.94537735,-1.6798913,0.000499,1.001951,-1.8218567,0.130292,0.106338,0.1680547,0.39146933,-8.047641,-8.60153,9.473365,11.533472,0.042086802,0.049723208,-0.058261026,0.0123167755,-0.14196539
573184,-0.018070841,0.9450992,-1.6573021,0.000061,1.00024,-1.8204429,0.059594,0.047859,0.07783181,0.33044797,-12.048604,-12.382958,3.9949968,5.733979,0.022821538,0.031552672,-0.05650116,0.013299989,-0.16314076
573234,-0.017843198,0.94660354,-1.6601458,0,1,-1.820245,0.015251,0.012174,0.032822326,0.13935271,-14.423043,-14.506248,1.6847234,2.418067,-0.008585244,0.010996252,-0.054775625,0.01300741,-0.16009903
573284,-0.017402539,0.949312,-1.6619195,0,1,-1.820245,0.015251,0.012174,0.013841448,0.058766194,-13.66015,-13.741806,0.7104619,1.019719,-0.03804379,-0.012243107,-0.052061312,0.012717882,-0.15832567
