ts,x,y,yaw,x_des,y_des,yaw_des,v_ff,w_ff,v_actual,w_actual,omega_l_cmd,omega_r_cmd,omega_l_meas,omega_r_meas,duty_l,duty_r,x_err,y_err,yaw_err
471129,-0.006523,-0.984275,-1.609560,0.000000,0.000000,0.000000,0.000000,0.000000,0.000000,0.000000,0.000000,0.000000,0.000000,0.000000,0.000000,0.000000,0.000000,0.000000,0.000000
471139,-0.006523,-0.984275,-1.609560,0.000000,0.000000,0.000000,0.000000,0.000000,0.000000,0.000000,0.000000,0.000000,0.000000,0.000000,0.000000,0.000000,0.000000,0.000000,0.000000
471149,-0.006523,-0.984275,-1.609560,0.000000,0.000000,0.000000,0.000000,0.000000,0.000000,0.000000,0.000000,0.000000,0.000000,0.000000,0.000000,0.000000,0.000000,0.000000,0.000000
471159,-0.006523,-0.984275,-1.609560,0.000000,0.000000,0.000000,0.000000,0.000000,0.000000,0.000000,0.000000,0.000000,0.000000,0.000000,0.000000,0.000000,0.000000,0.000000,0.000000
471169,-0.006523,-0.984275,-1.609560,0.000000,0.000000,0.000000,0.000000,0.000000,0.000000,0.000000,0.000000,0.000000,0.000000,0.000000,0.000000,0.000000,0.000000,0.000000,0.000000
471181,-0.006485,-0.984266,-1.609561,0.001110,-1.002185,-1.100233,0.018589,0.008938,0.000000,0.000000,5.655436,6.279714,0.000000,0.000000,0.057685,0.064053,0.017611,0.008284,0.509328
471189,-0.006485,-0.984266,-1.609561,0.001110,-1.002185,-1.100233,0.018589,0.008938,0.000000,0.000000,5.655436,6.279714,0.000000,0.000000,0.057685,0.064053,0.017611,0.008284,0.509328
471199,-0.006485,-0.984266,-1.609561,0.001110,-1.002185,-1.100233,0.018589,0.008938,0.004356,0.103476,5.655436,6.279714,0.000000,0.544543,0.058817,0.059755,0.017611,0.008284,0.509328
471209,-0.006485,-0.984266,-1.609561,0.001110,-1.002185,-1.100233,0.018589,0.008938,0.003665,0.087065,5.655436,6.279714,0.000000,0.458179,0.059948,0.061783,0.017611,0.008284,0.509328
471219,-0.006485,-0.984266,-1.609561,0.001110,-1.002185,-1.100233,0.018589,0.008938,0.003084,0.073256,5.655436,6.279714,0.000000,0.385511,0.061079,0.063688,0.017611,0.008284,0.509328
471231,-0.006534,-0.984421,-1.609560,0.003684,-1.007228,-1.097477,0.072641,0.035112,0.002183,0.051862,9.026868,11.484831,0.000000,0.272924,0.097729,0.120299,0.022393,0.011094,0.512083
471239,-0.006534,-0.984421,-1.609560,0.003684,-1.007228,-1.097477,0.072641,0.035112,0.002183,0.051862,9.026868,11.484831,0.000000,0.272924,0.097729,0.120299,0.022393,0.011094,0.512083
471249,-0.006534,-0.984421,-1.609560,0.003684,-1.007228,-1.097477,0.072641,0.035112,0.006193,0.147113,9.026868,11.484831,0.000000,0.774182,0.099535,0.117428,0.022393,0.011094,0.512083
471259,-0.006534,-0.984421,-1.609560,0.003684,-1.007228,-1.097477,0.072641,0.035112,0.009568,0.227257,9.026868,11.484831,0.000000,1.195940,0.101340,0.115268,0.022393,0.011094,0.512083
471269,-0.006534,-0.984421,-1.609560,0.003684,-1.007228,-1.097477,0.072641,0.035112,0.012406,0.294690,9.026868,11.484831,0.000000,1.550807,0.103146,0.113707,0.022393,0.011094,0.512083
471281,-0.006634,-0.985187,-1.585567,0.008576,-1.016719,-1.092169,0.158836,0.077881,0.012449,0.295692,14.927933,20.167042,0.000000,1.556078,0.166947,0.206125,0.031304,0.015674,0.493398
471289,-0.006634,-0.985187,-1.585567,0.008576,-1.016719,-1.092169,0.158836,0.077881,0.012449,0.295692,14.927933,20.167042,0.000000,1.556078,0.166947,0.206125,0.031304,0.015674,0.493398
471299,-0.006634,-0.985187,-1.585567,0.008576,-1.016719,-1.092169,0.158836,0.077881,0.023543,0.559223,14.927933,20.167042,0.000000,2.942913,0.169933,0.195702,0.031304,0.015674,0.493398
471309,-0.006634,-0.985187,-1.585567,0.008576,-1.016719,-1.092169,0.158836,0.077881,0.037235,0.677483,14.927933,20.167042,0.544543,4.109797,0.167364,0.187244,0.031304,0.015674,0.493398
471319,-0.006634,-0.985187,-1.585567,0.008576,-1.016719,-1.092169,0.158836,0.077881,0.048755,0.776986,14.927933,20.167042,1.002722,5.091612,0.165567,0.180441,0.031304,0.015674,0.493398
471331,-0.006831,-0.988786,-1.538111,0.016425,-1.031687,-1.083463,0.272347,0.137231,0.066603,0.931152,23.334467,31.797222,1.712602,6.612791,0.249566,0.289418,0.043638,0.021842,0.454648
471339,-0.006831,-0.988786,-1.538111,0.016425,-1.031687,-1.083463,0.272347,0.137231,0.066603,0.931152,23.334467,31.797222,1.712602,6.612791,0.249566,0.289418,0.043638,0.021842,0.454648
471349,-0.006831,-0.988786,-1.538111,0.016425,-1.031687,-1.083463,0.272347,0.137231,0.090891,0.990424,23.334467,31.797222,3.074613,8.286717,0.239998,0.277381,0.043638,0.021842,0.454648
471359,-0.006831,-0.988786,-1.538111,0.016425,-1.031687,-1.083463,0.272347,0.137231,0.115682,1.143771,23.334467,31.797222,4.220609,10.239702,0.232361,0.262162,0.043638,0.021842,0.454648
471369,-0.006831,-0.988786,-1.538111,0.016425,-1.031687,-1.083463,0.272347,0.137231,0.145255,1.272797,23.334467,31.797222,5.729393,12.427486,0.220794,0.244159,0.043638,0.021842,0.454648
471381,-0.006426,-0.998237,-1.461323,0.027771,-1.052766,-1.070437,0.406428,0.214064,0.173648,1.232929,34.148388,45.413586,7.608854,14.097143,0.318823,0.373286,0.057939,0.028035,0.390886
471389,-0.006426,-0.998237,-1.461323,0.027771,-1.052766,-1.070437,0.406428,0.214064,0.173648,1.232929,34.148388,45.413586,7.608854,14.097143,0.318823,0.373286,0.057939,0.028035,0.390886
471399,-0.006426,-0.998237,-1.461323,0.027771,-1.052766,-1.070437,0.406428,0.214064,0.202740,1.347815,34.148388,45.413586,9.124804,16.217680,0.308668,0.357920,0.057939,0.028035,0.390886
471409,-0.006426,-0.998237,-1.461323,0.027771,-1.052766,-1.070437,0.406428,0.214064,0.270781,1.858384,34.148388,45.413586,12.033955,21.813702,0.283999,0.306679,0.057939,0.028035,0.390886
471419,-0.006426,-0.998237,-1.461323,0.027771,-1.052766,-1.070437,0.406428,0.214064,0.310606,2.081025,34.148388,45.413586,13.937170,24.888565,0.269009,0.280036,0.057939,0.028035,0.390886
471431,-0.004765,-1.014720,-1.402743,0.043043,-1.080105,-1.052024,0.552327,0.310504,0.351217,1.718052,45.673992,59.922935,17.430468,26.471718,0.358703,0.419684,0.072460,0.036198,0.350719
471439,-0.004765,-1.014720,-1.402743,0.043043,-1.080105,-1.052024,0.552327,0.310504,0.351217,1.718052,45.673992,59.922935,17.430468,26.471718,0.358703,0.419684,0.072460,0.036198,0.350719
471449,-0.004765,-1.014720,-1.402743,0.043043,-1.080105,-1.052024,0.552327,0.310504,0.426205,2.273378,45.673992,59.922935,20.655968,32.619621,0.331452,0.363666,0.072460,0.036198,0.350719
471459,-0.004765,-1.014720,-1.402743,0.043043,-1.080105,-1.052024,0.552327,0.310504,0.441379,2.223248,45.673992,59.922935,21.736275,33.436119,0.325436,0.360798,0.072460,0.036198,0.350719
471469,-0.004765,-1.014720,-1.402743,0.043043,-1.080105,-1.052024,0.552327,0.310504,0.467216,1.663689,45.673992,59.922935,24.823418,33.578579,0.298735,0.364643,0.072460,0.036198,0.350719
471481,0.000980,-1.040388,-1.288801,0.062527,-1.113278,-1.026915,0.699567,0.430324,0.522119,2.184762,59.459633,74.019691,26.883776,38.381084,0.426153,0.468869,0.087138,0.038832,0.261886
471489,0.000980,-1.040388,-1.288801,0.062527,-1.113278,-1.026915,0.699567,0.430324,0.522119,2.184762,59.459633,74.019691,26.883776,38.381084,0.426153,0.468869,0.087138,0.038832,0.261886
471499,0.000980,-1.040388,-1.288801,0.062527,-1.113278,-1.026915,0.699567,0.430324,0.596139,2.252163,59.459633,74.019691,31.332697,43.184704,0.387289,0.427000,0.087138,0.038832,0.261886
471509,0.000980,-1.040388,-1.288801,0.062527,-1.113278,-1.026915,0.699567,0.430324,0.614856,2.101922,59.459633,74.019691,32.897846,43.959209,0.376950,0.425267,0.087138,0.038832,0.261886
471519,0.000980,-1.040388,-1.288801,0.062527,-1.113278,-1.026915,0.699567,0.430324,0.713376,3.113746,59.459633,74.019691,36.392937,52.779026,0.346613,0.341317,0.087138,0.038832,0.261886
471531,0.007847,-1.065517,-1.211048,0.086343,-1.151248,-0.993420,0.836602,0.579593,0.752706,1.895573,73.594330,89.195038,42.056419,52.031872,0.293459,0.353186,0.107877,0.043291,0.217628
471539,0.007847,-1.065517,-1.211048,0.086343,-1.151248,-0.993420,0.836602,0.579593,0.733523,1.905363,73.594330,89.195038,40.831699,50.858673,0.453605,0.524338,0.107877,0.043291,0.217628
471549,0.007847,-1.065517,-1.211048,0.086343,-1.151248,-0.993420,0.836602,0.579593,0.813222,2.120553,73.594330,89.195038,45.246651,56.406059,0.415125,0.475422,0.107877,0.043291,0.217628
471559,0.007847,-1.065517,-1.211048,0.086343,-1.151248,-0.993420,0.836602,0.579593,0.845429,2.094661,73.594330,89.195038,47.327759,58.350914,0.399568,0.462143,0.107877,0.043291,0.217628
471569,0.007847,-1.065517,-1.211048,0.086343,-1.151248,-0.993420,0.836602,0.579593,0.868173,2.797210,73.594330,89.195038,46.900631,61.620945,0.409178,0.434957,0.107877,0.043291,0.217628
471581,0.026419,-1.112263,-1.060521,0.114420,-1.192397,-0.949265,0.951825,0.767687,0.903410,1.425083,84.953781,96.798836,52.713371,60.212872,0.475741,0.538120,0.112907,0.037651,0.111256
471589,0.026419,-1.112263,-1.060521,0.114420,-1.192397,-0.949265,0.951825,0.767687,0.903410,1.425083,84.953781,96.798836,52.713371,60.212872,0.475741,0.538120,0.112907,0.037651,0.111256
471599,0.026419,-1.112263,-1.060521,0.114420,-1.192397,-0.949265,0.951825,0.767687,0.943096,1.612969,84.953781,96.798836,54.699345,63.187595,0.461932,0.515095,0.112907,0.037651,0.111256
471609,0.026419,-1.112263,-1.060521,0.114420,-1.192397,-0.949265,0.951825,0.767687,1.024407,1.253676,84.953781,96.798836,60.726688,67.324158,0.406504,0.479624,0.112907,0.037651,0.111256
471619,0.026419,-1.112263,-1.060521,0.114420,-1.192397,-0.949265,0.951825,0.767687,1.084109,1.158320,84.953781,96.798836,64.709007,70.804665,0.370730,0.450018,0.112907,0.037651,0.111256
471631,0.052463,-1.157327,-0.901560,0.146463,-1.234600,-0.891288,1.034848,1.008905,1.092457,2.158831,94.709480,101.532646,62.598160,73.959007,0.499741,0.475178,0.118921,0.025785,0.010272
471639,0.052463,-1.157327,-0.901560,0.146463,-1.234600,-0.891288,1.034848,1.008905,1.092457,2.158831,94.709480,101.532646,62.598160,73.959007,0.499741,0.475178,0.118921,0.025785,0.010272
471649,0.052463,-1.157327,-0.901560,0.146463,-1.234600,-0.891288,1.034848,1.008905,1.163149,1.195583,94.709480,101.532646,69.550926,75.842682,0.435245,0.461479,0.118921,0.025785,0.010272
471659,0.052463,-1.157327,-0.901560,0.146463,-1.234600,-0.891288,1.034848,1.008905,1.157284,2.765058,94.709480,101.532646,65.054657,79.605774,0.486139,0.428234,0.118921,0.025785,0.010272
471669,0.052463,-1.157327,-0.901560,0.146463,-1.234600,-0.891288,1.034848,1.008905,1.195912,2.429995,94.709480,101.532646,68.350563,81.138412,0.458451,0.416986,0.118921,0.025785,0.010272
471681,0.088195,-1.203815,-0.755363,0.181936,-1.275383,-0.814979,1.077910,1.324995,1.197957,1.214346,98.577347,101.908379,71.677078,78.067574,0.473091,0.460041,0.117309,0.012161,-0.059616
471689,0.088195,-1.203815,-0.755363,0.181936,-1.275383,-0.814979,1.077910,1.324995,1.197957,1.214346,98.577347,101.908379,71.677078,78.067574,0.473091,0.460041,0.117309,0.012161,-0.059616
471699,0.088195,-1.203815,-0.755363,0.181936,-1.275383,-0.814979,1.077910,1.324995,1.299836,1.332179,98.577347,101.908379,77.734467,84.745056,0.416686,0.396699,0.117309,0.012161,-0.059616
471709,0.088195,-1.203815,-0.755363,0.181936,-1.275383,-0.814979,1.077910,1.324995,1.333281,1.224371,98.577347,101.908379,80.108437,86.551689,0.396640,0.381704,0.117309,0.012161,-0.059616
471719,0.088195,-1.203815,-0.755363,0.181936,-1.275383,-0.814979,1.077910,1.324995,1.287364,1.030185,98.577347,101.908379,77.749550,83.170898,0.424394,0.419259,0.117309,0.012161,-0.059616
471731,0.133297,-1.246767,-0.651598,0.220044,-1.312124,-0.713813,1.077275,1.748843,1.239116,1.197471,95.248413,100.243820,74.293884,80.595573,0.433979,0.435851,0.108610,0.000642,-0.062215
471739,0.133297,-1.246767,-0.651598,0.220044,-1.312124,-0.713813,1.077275,1.748843,1.239116,1.197471,95.248413,100.243820,74.293884,80.595573,0.433979,0.435851,0.108610,0.000642,-0.062215
471749,0.133297,-1.246767,-0.651598,0.220044,-1.312124,-0.713813,1.077275,1.748843,1.303973,1.835361,95.248413,100.243820,76.668991,86.327576,0.413944,0.381314,0.108610,0.000642,-0.062215
471759,0.133297,-1.246767,-0.651598,0.220044,-1.312124,-0.713813,1.077275,1.748843,1.358543,0.923416,95.248413,100.243820,82.479202,87.338676,0.358396,0.373784,0.108610,0.000642,-0.062215
471769,0.133297,-1.246767,-0.651598,0.220044,-1.312124,-0.713813,1.077275,1.748843,1.382677,1.087390,95.248413,100.243820,83.556114,89.278503,0.349965,0.356579,0.108610,0.000642,-0.062215
471781,0.186391,-1.284714,-0.565672,0.259733,-1.342316,-0.578448,1.034438,2.328709,1.261226,0.856886,85.186569,96.302444,76.571945,81.081306,0.323831,0.405028,0.092791,-0.009319,-0.012776
471789,0.186391,-1.284714,-0.565672,0.259733,-1.342316,-0.578448,1.034438,2.328709,1.261226,0.856886,85.186569,96.302444,76.571945,81.081306,0.323831,0.405028,0.092791,-0.009319,-0.012776
471799,0.186391,-1.284714,-0.565672,0.259733,-1.342316,-0.578448,1.034438,2.328709,1.292082,1.031412,85.186569,96.302444,78.041206,83.469009,0.310567,0.383718,0.092791,-0.009319,-0.012776
471809,0.186391,-1.284714,-0.565672,0.259733,-1.342316,-0.578448,1.034438,2.328709,1.300619,1.178258,85.186569,96.302444,78.188354,84.388939,0.310495,0.376901,0.092791,-0.009319,-0.012776
471819,0.186391,-1.284714,-0.565672,0.259733,-1.342316,-0.578448,1.034438,2.328709,1.381859,1.405290,85.186569,96.302444,82.668510,90.063850,0.266198,0.321400,0.092791,-0.009319,-0.012776
471831,0.247954,-1.321157,-0.473623,0.299708,-1.363820,-0.396363,0.957031,3.128195,1.302138,1.380972,67.716072,88.408897,77.749924,85.017288,0.139946,0.294990,0.065516,-0.014361,0.077260
471839,0.247954,-1.321157,-0.473623,0.299708,-1.363820,-0.396363,0.957031,3.128195,1.302138,1.380972,67.716072,88.408897,77.749924,85.017288,0.139946,0.294990,0.065516,-0.014361,0.077260
471849,0.247954,-1.321157,-0.473623,0.299708,-1.363820,-0.396363,0.957031,3.128195,1.287298,1.368901,67.716072,88.408897,76.854187,84.058029,0.147076,0.305453,0.065516,-0.014361,0.077260
471859,0.247954,-1.321157,-0.473623,0.299708,-1.363820,-0.396363,0.957031,3.128195,1.279168,1.669174,67.716072,88.408897,75.555969,84.339996,0.158490,0.303447,0.065516,-0.014361,0.077260
471869,0.247954,-1.321157,-0.473623,0.299708,-1.363820,-0.396363,0.957031,3.128195,1.272327,1.921823,67.716072,88.408897,74.463646,84.577240,0.168064,0.301841,0.065516,-0.014361,0.077260
471881,0.311141,-1.351811,-0.342233,0.338467,-1.375101,-0.154271,0.859247,4.202590,1.232616,2.590871,46.240536,78.149376,70.221268,83.855728,-0.010012,0.206046,0.033557,-0.012769,0.187962
471889,0.311141,-1.351811,-0.342233,0.338467,-1.375101,-0.154271,0.859247,4.202590,1.232616,2.590871,46.240536,78.149376,70.221268,83.855728,-0.010012,0.206046,0.033557,-0.012769,0.187962
471899,0.311141,-1.351811,-0.342233,0.338467,-1.375101,-0.154271,0.859247,4.202590,1.198308,2.697339,46.240536,78.149376,67.796860,81.991608,0.009921,0.223919,0.033557,-0.012769,0.187962
471909,0.311141,-1.351811,-0.342233,0.338467,-1.375101,-0.154271,0.859247,4.202590,1.152015,2.786920,46.240536,78.149376,64.667877,79.334045,0.037525,0.250257,0.033557,-0.012769,0.187962
471919,0.311141,-1.351811,-0.342233,0.338467,-1.375101,-0.154271,0.859247,4.202590,1.078214,3.897056,46.240536,78.149376,57.134258,77.642517,0.110683,0.267274,0.033557,-0.012769,0.187962
471931,0.369147,-1.371687,-0.111129,0.374365,-1.375415,0.152029,0.761264,5.501726,1.009026,5.132492,26.824165,68.207336,49.559273,76.569008,-0.013516,0.177193,0.005599,-0.003126,0.263158
471939,0.369147,-1.371687,-0.111129,0.374365,-1.375415,0.152029,0.761264,5.501726,1.009026,5.132492,26.824165,68.207336,49.559273,76.569008,-0.013516,0.177193,0.005599,-0.003126,0.263158
471949,0.369147,-1.371687,-0.111129,0.374365,-1.375415,0.152029,0.761264,5.501726,0.997110,5.560191,26.824165,68.207336,47.689140,76.949646,0.001012,0.171639,0.005599,-0.003126,0.263158
471959,0.369147,-1.371687,-0.111129,0.374365,-1.375415,0.152029,0.761264,5.501726,0.956590,6.023533,26.824165,68.207336,43.937439,75.636284,0.035107,0.183286,0.005599,-0.003126,0.263158
471969,0.369147,-1.371687,-0.111129,0.374365,-1.375415,0.152029,0.761264,5.501726,0.913783,6.413390,26.824165,68.207336,40.236214,73.986679,0.069437,0.198627,0.005599,-0.003126,0.263158
471981,0.417656,-1.380344,0.184697,0.405699,-1.364914,0.501984,0.685912,6.682049,0.838748,6.843286,13.693910,62.748177,34.415344,70.428139,-0.009970,0.177315,-0.008920,0.017363,0.317286
471989,0.417656,-1.380344,0.184697,0.405699,-1.364914,0.501984,0.685912,6.682049,0.838748,6.843286,13.693910,62.748177,34.415344,70.428139,-0.009970,0.177315,-0.008920,0.017363,0.317286
471999,0.417656,-1.380344,0.184697,0.405699,-1.364914,0.501984,0.685912,6.682049,0.836413,7.413559,13.693910,62.748177,32.768867,71.782722,0.002680,0.161962,-0.008920,0.017363,0.317286
472009,0.417656,-1.380344,0.184697,0.405699,-1.364914,0.501984,0.685912,6.682049,0.769103,7.169053,13.693910,62.748177,29.205351,66.932495,0.035213,0.209628,-0.008920,0.017363,0.317286
472019,0.417656,-1.380344,0.184697,0.405699,-1.364914,0.501984,0.685912,6.682049,0.751675,7.894612,13.693910,62.748177,26.207008,67.752403,0.062694,0.200428,-0.008920,0.017363,0.317286
472031,0.455124,-1.378834,0.529378,0.430805,-1.344626,0.853892,0.649928,7.162419,0.663685,7.602914,11.637082,63.273716,21.475151,61.485485,0.085369,0.267680,-0.003715,0.041807,0.324514
472039,0.455124,-1.378834,0.529378,0.430805,-1.344626,0.853892,0.649928,7.162419,0.663685,7.602914,11.637082,63.273716,21.475151,61.485485,0.085369,0.267680,-0.003715,0.041807,0.324514
472049,0.455124,-1.378834,0.529378,0.430805,-1.344626,0.853892,0.649928,7.162419,0.641195,7.742280,11.637082,63.273716,19.702820,60.446571,0.101479,0.278635,-0.003715,0.041807,0.324514
472059,0.455124,-1.378834,0.529378,0.430805,-1.344626,0.853892,0.649928,7.162419,0.661479,8.583877,11.637082,63.273716,18.756123,63.928776,0.109523,0.243682,-0.003715,0.041807,0.324514
472069,0.455124,-1.378834,0.529378,0.430805,-1.344626,0.853892,0.649928,7.162419,0.621914,7.946807,11.637082,63.273716,17.959572,59.779640,0.116224,0.285872,-0.003715,0.041807,0.324514
472081,0.481082,-1.367698,0.954270,0.448181,-1.316350,1.177649,0.653600,6.808008,0.640899,8.652489,23.198822,69.336090,17.289354,62.823074,0.121795,0.255527,0.022871,0.056534,0.223378
472089,0.481082,-1.367698,0.954270,0.448181,-1.316350,1.177649,0.653600,6.808008,0.604598,8.004536,23.198822,69.336090,16.725433,58.849300,0.244347,0.357986,0.022871,0.056534,0.223378
472099,0.481082,-1.367698,0.954270,0.448181,-1.316350,1.177649,0.653600,6.808008,0.600192,8.287156,23.198822,69.336090,15.706408,59.317570,0.256035,0.355307,0.022871,0.056534,0.223378
472109,0.481082,-1.367698,0.954270,0.448181,-1.316350,1.177649,0.653600,6.808008,0.579059,8.111051,23.198822,69.336090,14.848999,57.533401,0.266279,0.375510,0.022871,0.056534,0.223378
472119,0.481082,-1.367698,0.954270,0.448181,-1.316350,1.177649,0.653600,6.808008,0.596129,8.169827,23.198822,69.336090,15.761205,58.754917,0.258645,0.365411,0.022871,0.056534,0.223378
472131,0.495286,-1.348815,1.399204,0.456602,-1.282421,1.470138,0.682542,6.139090,0.623561,8.115805,40.879089,77.306709,17.617821,60.327244,0.241195,0.351489,0.058814,0.049453,0.070934
472139,0.495286,-1.348815,1.399204,0.456602,-1.282421,1.470138,0.682542,6.139090,0.672780,8.484256,40.879089,77.306709,19.724522,64.372917,0.401161,0.393325,0.058814,0.049453,0.070934
472149,0.495286,-1.348815,1.399204,0.456602,-1.282421,1.470138,0.682542,6.139090,0.674985,8.276889,40.879089,77.306709,20.408012,63.965141,0.398421,0.400071,0.058814,0.049453,0.070934
472159,0.495286,-1.348815,1.399204,0.456602,-1.282421,1.470138,0.682542,6.139090,0.720405,8.309363,40.879089,77.306709,23.161274,66.889297,0.374432,0.372913,0.058814,0.049453,0.070934
472169,0.495286,-1.348815,1.399204,0.456602,-1.282421,1.470138,0.682542,6.139090,0.719413,6.577593,40.879089,77.306709,27.656040,62.270622,0.332129,0.422107,0.058814,0.049453,0.070934
472181,0.503073,-1.319894,1.789593,0.455226,-1.245420,1.739995,0.721600,5.595091,0.775833,5.783465,54.471371,82.352249,33.271843,63.707329,0.417695,0.464184,0.083084,0.030542,-0.049597
472189,0.503073,-1.319894,1.789593,0.455226,-1.245420,1.739995,0.721600,5.595091,0.775833,5.783465,54.471371,82.352249,33.271843,63.707329,0.417695,0.464184,0.083084,0.030542,-0.049597
472199,0.503073,-1.319894,1.789593,0.455226,-1.245420,1.739995,0.721600,5.595091,0.809615,5.694016,54.471371,82.352249,35.618530,65.583290,0.397999,0.448779,0.083084,0.030542,-0.049597
472209,0.503073,-1.319894,1.789593,0.455226,-1.245420,1.739995,0.721600,5.595091,0.899027,5.618754,54.471371,82.352249,41.404835,70.973526,0.342749,0.397152,0.083084,0.030542,-0.049597
472219,0.503073,-1.319894,1.789593,0.455226,-1.245420,1.739995,0.721600,5.595091,0.913270,4.106761,54.471371,82.352249,46.273430,67.885262,0.295702,0.430928,0.083084,0.030542,-0.049597
472231,0.498639,-1.284235,2.196118,0.443692,-1.207836,1.991168,0.764550,5.213987,0.881690,4.490190,64.447433,82.055824,43.290802,66.920425,0.327765,0.443663,0.094106,-0.000171,-0.204949
472239,0.498639,-1.284235,2.196118,0.443692,-1.207836,1.991168,0.764550,5.213987,0.942246,5.226712,64.447433,82.055824,45.137566,72.643135,0.412920,0.385354,0.094106,-0.000171,-0.204949
472249,0.498639,-1.284235,2.196118,0.443692,-1.207836,1.991168,0.764550,5.213987,0.932208,4.604707,64.447433,82.055824,46.146889,70.379158,0.406487,0.410329,0.094106,-0.000171,-0.204949
472259,0.498639,-1.284235,2.196118,0.443692,-1.207836,1.991168,0.764550,5.213987,0.949901,4.288304,64.447433,82.055824,48.085220,70.652420,0.390376,0.409877,0.094106,-0.000171,-0.204949
472269,0.498639,-1.284235,2.196118,0.443692,-1.207836,1.991168,0.764550,5.213987,0.964788,4.229035,64.447433,82.055824,49.171589,71.426888,0.382567,0.404258,0.094106,-0.000171,-0.204949
472281,0.481235,-1.248790,2.617847,0.422170,-1.171725,2.217644,0.813675,4.811158,1.041241,4.087973,69.889626,74.233429,54.321102,75.834061,0.391045,0.282875,0.089690,-0.037194,-0.400203
472289,0.481235,-1.248790,2.617847,0.422170,-1.171725,2.217644,0.813675,4.811158,1.041241,4.087973,69.889626,74.233429,54.321102,75.834061,0.391045,0.282875,0.089690,-0.037194,-0.400203
472299,0.481235,-1.248790,2.617847,0.422170,-1.171725,2.217644,0.813675,4.811158,1.041641,3.439620,69.889626,74.233429,56.052090,74.153091,0.376502,0.299701,0.089690,-0.037194,-0.400203
472309,0.481235,-1.248790,2.617847,0.422170,-1.171725,2.217644,0.813675,4.811158,1.068116,2.480191,69.889626,74.233429,60.231258,73.283264,0.336642,0.308589,0.089690,-0.037194,-0.400203
472319,0.481235,-1.248790,2.617847,0.422170,-1.171725,2.217644,0.813675,4.811158,1.059898,2.397261,69.889626,74.233429,59.935806,72.551392,0.341587,0.316245,0.089690,-0.037194,-0.400203
472332,0.452355,-1.220221,2.956620,0.391389,-1.138461,2.407749,0.873407,4.206012,1.028626,2.318007,71.927719,63.378727,58.189877,70.388390,0.384651,0.229148,0.074963,-0.069153,-0.548871
472339,0.452355,-1.220221,2.956620,0.391389,-1.138461,2.407749,0.873407,4.206012,1.028626,2.318007,71.927719,63.378727,58.189877,70.388390,0.384651,0.229148,0.074963,-0.069153,-0.548871
472349,0.452355,-1.220221,2.956620,0.391389,-1.138461,2.407749,0.873407,4.206012,1.078947,1.639942,71.927719,63.378727,63.119080,71.749275,0.337121,0.213865,0.074963,-0.069153,-0.548871
472359,0.452355,-1.220221,2.956620,0.391389,-1.138461,2.407749,0.873407,4.206012,0.981884,1.276371,71.927719,63.378727,58.009274,64.726173,0.391003,0.283826,0.074963,-0.069153,-0.548871
472369,0.452355,-1.220221,2.956620,0.391389,-1.138461,2.407749,0.873407,4.206012,0.974272,0.866986,71.927719,63.378727,58.610771,63.173286,0.387651,0.299396,0.074963,-0.069153,-0.548871
472381,0.415605,-1.202485,-3.124892,0.352614,-1.108561,2.551696,0.943469,3.364355,0.966356,0.357599,75.263893,56.174763,59.456341,61.338207,0.418172,0.244324,0.061414,-0.094963,-0.606597
472389,0.415605,-1.202485,-3.124892,0.352614,-1.108561,2.551696,0.943469,3.364355,0.966356,0.357599,75.263893,56.174763,59.456341,61.338207,0.418172,0.244324,0.061414,-0.094963,-0.606597
472399,0.415605,-1.202485,-3.124892,0.352614,-1.108561,2.551696,0.943469,3.364355,0.974277,-0.009544,75.263893,56.174763,60.917419,60.867195,0.406431,0.248095,0.061414,-0.094963,-0.606597
472409,0.415605,-1.202485,-3.124892,0.352614,-1.108561,2.551696,0.943469,3.364355,0.972229,-0.318459,75.263893,56.174763,61.602230,59.926342,0.402315,0.256753,0.061414,-0.094963,-0.606597
472419,0.415605,-1.202485,-3.124892,0.352614,-1.108561,2.551696,0.943469,3.364355,1.001000,-0.267951,75.263893,56.174763,63.267517,61.857426,0.388061,0.236306,0.061414,-0.094963,-0.606597
472431,0.383421,-1.197998,-3.046788,0.307583,-1.081665,2.645149,1.016318,2.379782,0.951150,-0.535882,84.472008,57.274780,60.856884,58.036804,0.415049,0.274140,0.064485,-0.122989,-0.591248
472439,0.383421,-1.197998,-3.046788,0.307583,-1.081665,2.645149,1.016318,2.379782,0.944057,-0.968272,84.472008,57.274780,61.551296,56.455765,0.504770,0.301114,0.064485,-0.122989,-0.591248
472449,0.383421,-1.197998,-3.046788,0.307583,-1.081665,2.645149,1.016318,2.379782,0.942445,-0.814703,84.472008,57.274780,61.046486,56.759109,0.514503,0.298184,0.064485,-0.122989,-0.591248
472459,0.383421,-1.197998,-3.046788,0.307583,-1.081665,2.645149,1.016318,2.379782,0.954158,-1.202872,84.472008,57.274780,62.799911,56.469799,0.501303,0.301238,0.064485,-0.122989,-0.591248
472469,0.383421,-1.197998,-3.046788,0.307583,-1.081665,2.645149,1.016318,2.379782,0.968369,-1.632953,84.472008,57.274780,64.819786,56.226372,0.485035,0.303882,0.064485,-0.122989,-0.591248
472481,0.328888,-1.202620,3.138042,0.258411,-1.056639,2.687822,1.079951,1.358413,0.992672,-2.179412,94.487381,66.989029,67.776558,56.307400,0.564336,0.402492,0.070995,-0.145730,-0.450220
472489,0.328888,-1.202620,3.138042,0.258411,-1.056639,2.687822,1.079951,1.358413,0.992672,-2.179412,94.487381,66.989029,67.776558,56.307400,0.564336,0.402492,0.070995,-0.145730,-0.450220
472499,0.328888,-1.202620,3.138042,0.258411,-1.056639,2.687822,1.079951,1.358413,1.022557,-2.558091,94.487381,66.989029,70.640770,57.178818,0.540463,0.395740,0.070995,-0.145730,-0.450220
472509,0.328888,-1.202620,3.138042,0.258411,-1.056639,2.687822,1.079951,1.358413,1.043346,-2.980186,94.487381,66.989029,73.050713,57.367485,0.520651,0.395778,0.070995,-0.145730,-0.450220
472519,0.328888,-1.202620,3.138042,0.258411,-1.056639,2.687822,1.079951,1.358413,1.091332,-3.438813,94.487381,66.989029,77.256615,59.159859,0.482038,0.379420,0.070995,-0.145730,-0.450220
472529,0.328888,-1.202620,3.138042,0.258411,-1.056639,2.687822,1.079951,1.358413,1.118638,-3.514274,94.487381,66.989029,79.161827,60.667961,0.466051,0.365603,0.070995,-0.145730,-0.450220
472539,0.284628,-1.204421,2.967558,0.207454,-1.031822,2.680789,1.123069,0.352533,1.154683,-3.474291,108.988258,85.228745,81.309418,63.025963,0.595120,0.528861,0.105896,-0.156629,-0.286768
472549,0.284628,-1.204421,2.967558,0.207454,-1.031822,2.680789,1.123069,0.352533,1.119666,-2.716316,108.988258,85.228745,77.126427,62.831814,0.643322,0.535282,0.105896,-0.156629,-0.286768
472559,0.284628,-1.204421,2.967558,0.207454,-1.031822,2.680789,1.123069,0.352533,1.186042,-2.699413,108.988258,85.228745,81.230461,67.024803,0.607833,0.496992,0.105896,-0.156629,-0.286768
472569,0.284628,-1.204421,2.967558,0.207454,-1.031822,2.680789,1.123069,0.352533,1.250604,-2.685190,108.988258,85.228745,85.228142,71.097328,0.572609,0.459094,0.105896,-0.156629,-0.286768
472581,0.213437,-1.195569,2.657356,0.157170,-1.005350,2.625154,1.139441,-0.630398,1.358654,-2.853695,115.463791,104.715118,92.424675,77.407104,0.573977,0.598462,0.138351,-0.142156,-0.032202
472589,0.213437,-1.195569,2.657356,0.157170,-1.005350,2.625154,1.139441,-0.630398,1.358654,-2.853695,115.463791,104.715118,92.424675,77.407104,0.573977,0.598462,0.138351,-0.142156,-0.032202
472599,0.213437,-1.195569,2.657356,0.157170,-1.005350,2.625154,1.139441,-0.630398,1.443759,-3.746289,115.463791,104.715118,100.092377,80.377533,0.500374,0.573625,0.138351,-0.142156,-0.032202
472609,0.213437,-1.195569,2.657356,0.157170,-1.005350,2.625154,1.139441,-0.630398,1.489229,-1.599985,115.463791,104.715118,97.286751,88.866829,0.532066,0.491902,0.138351,-0.142156,-0.032202
472619,0.213437,-1.195569,2.657356,0.157170,-1.005350,2.625154,1.139441,-0.630398,1.427291,-2.174036,115.463791,104.715118,94.926094,83.485229,0.559780,0.549964,0.138351,-0.142156,-0.032202
472632,0.148351,-1.172958,2.350166,0.109957,-0.975506,2.522669,1.130104,-1.589969,1.501588,-1.598369,116.723854,116.629189,98.054924,89.643509,0.547588,0.616437,0.167443,-0.111463,0.172503
472639,0.148351,-1.172958,2.350166,0.109957,-0.975506,2.522669,1.130104,-1.589969,1.501588,-1.598369,116.723854,116.629189,98.054924,89.643509,0.547588,0.616437,0.167443,-0.111463,0.172503
472649,0.148351,-1.172958,2.350166,0.109957,-0.975506,2.522669,1.130104,-1.589969,1.550954,-1.344867,116.723854,116.629189,100.473328,93.395966,0.526654,0.583559,0.167443,-0.111463,0.172503
472659,0.148351,-1.172958,2.350166,0.109957,-0.975506,2.522669,1.130104,-1.589969,1.579423,-1.028094,116.723854,116.629189,101.419083,96.008736,0.520258,0.561555,0.167443,-0.111463,0.172503
472669,0.148351,-1.172958,2.350166,0.109957,-0.975506,2.522669,1.130104,-1.589969,1.677434,-0.865038,116.723854,116.629189,107.115730,102.563469,0.465213,0.498821,0.167443,-0.111463,0.172503
472681,0.090370,-1.142529,2.110883,0.068006,-0.941043,2.377927,1.103091,-2.495022,1.581573,-0.421866,117.180260,119.491684,99.958313,97.738243,0.548263,0.584155,0.184307,-0.084426,0.267044
472689,0.090370,-1.142529,2.110883,0.068006,-0.941043,2.377927,1.103091,-2.495022,1.581573,-0.421866,117.180260,119.491684,99.958313,97.738243,0.548263,0.584155,0.184307,-0.084426,0.267044
472699,0.090370,-1.142529,2.110883,0.068006,-0.941043,2.377927,1.103091,-2.495022,1.661817,-0.975814,117.180260,119.491684,106.431183,101.295959,0.485685,0.552217,0.184307,-0.084426,0.267044
472709,0.090370,-1.142529,2.110883,0.068006,-0.941043,2.377927,1.103091,-2.495022,1.642208,0.006759,117.180260,119.491684,102.620224,102.655792,0.526706,0.541986,0.184307,-0.084426,0.267044
472719,0.090370,-1.142529,2.110883,0.068006,-0.941043,2.377927,1.103091,-2.495022,1.760756,0.109163,117.180260,119.491684,109.760002,110.334473,0.456792,0.467031,0.184307,-0.084426,0.267044
472731,0.032419,-1.093099,1.873655,0.033170,-0.901405,2.200601,1.070690,-3.262368,1.612503,0.441954,113.475853,116.065002,99.618507,101.944290,0.525633,0.521227,0.182745,-0.057890,0.326946
472739,0.032419,-1.093099,1.873655,0.033170,-0.901405,2.200601,1.070690,-3.262368,1.612503,0.441954,113.475853,116.065002,99.618507,101.944290,0.525633,0.521227,0.182745,-0.057890,0.326946
472749,0.032419,-1.093099,1.873655,0.033170,-0.901405,2.200601,1.070690,-3.262368,1.631209,0.475336,113.475853,116.065002,100.699837,103.201294,0.517375,0.511230,0.182745,-0.057890,0.326946
472759,0.032419,-1.093099,1.873655,0.033170,-0.901405,2.200601,1.070690,-3.262368,1.677443,1.020805,113.475853,116.065002,102.154213,107.526199,0.505096,0.469689,0.182745,-0.057890,0.326946
472769,0.032419,-1.093099,1.873655,0.033170,-0.901405,2.200601,1.070690,-3.262368,1.685850,0.962381,113.475853,116.065002,102.833382,107.897911,0.500432,0.467605,0.182745,-0.057890,0.326946
472781,-0.009070,-1.040821,1.614283,0.006862,-0.856819,2.005006,1.044701,-3.781378,1.649361,-0.121538,109.660713,114.098511,103.404831,102.765236,0.496732,0.521592,0.183135,-0.023916,0.390723
472789,-0.009070,-1.040821,1.614283,0.006862,-0.856819,2.005006,1.044701,-3.781378,1.653509,-0.205739,109.660713,114.098511,103.885651,102.802948,0.454927,0.503809,0.183135,-0.023916,0.390723
472799,-0.009070,-1.040821,1.614283,0.006862,-0.856819,2.005006,1.044701,-3.781378,1.670068,0.033843,109.660713,114.098511,104.290215,104.468315,0.451956,0.489081,0.183135,-0.023916,0.390723
472809,-0.009070,-1.040821,1.614283,0.006862,-0.856819,2.005006,1.044701,-3.781378,1.570736,-0.592380,109.660713,114.098511,99.729721,96.612320,0.499547,0.571138,0.183135,-0.023916,0.390723
472819,-0.009070,-1.040821,1.614283,0.006862,-0.856819,2.005006,1.044701,-3.781378,1.630918,0.639808,109.660713,114.098511,100.248871,103.615860,0.496238,0.503199,0.183135,-0.023916,0.390723
472831,-0.041136,-0.979551,1.392811,-0.010024,-0.808228,1.805948,1.031671,-3.991328,1.598784,0.124431,105.455544,110.598495,99.596596,100.251411,0.504774,0.539613,0.174124,-0.000288,0.413137
472839,-0.041136,-0.979551,1.392811,-0.010024,-0.808228,1.805948,1.031671,-3.991328,1.571747,0.932506,105.455544,110.598495,95.780510,100.687820,0.502818,0.502231,0.174124,-0.000288,0.413137
472849,-0.041136,-0.979551,1.392811,-0.010024,-0.808228,1.805948,1.031671,-3.991328,1.609986,1.198514,105.455544,110.598495,97.470551,103.777733,0.487514,0.472696,0.174124,-0.000288,0.413137
472859,-0.041136,-0.979551,1.392811,-0.010024,-0.808228,1.805948,1.031671,-3.991328,1.633448,1.008430,105.455544,110.598495,99.437088,104.743950,0.469053,0.464205,0.174124,-0.000288,0.413137
472869,-0.041136,-0.979551,1.392811,-0.010024,-0.808228,1.805948,1.031671,-3.991328,1.592201,1.055446,105.455544,110.598495,96.735390,102.289673,0.497814,0.490409,0.174124,-0.000288,0.413137
472881,-0.061952,-0.912539,1.244095,-0.017142,-0.757077,1.614315,1.031212,-3.934575,1.510388,0.867094,103.989899,107.088974,92.117683,96.680763,0.533363,0.515342,0.161619,0.007451,0.370221
472889,-0.061952,-0.912539,1.244095,-0.017142,-0.757077,1.614315,1.031212,-3.934575,1.510388,0.867094,103.989899,107.088974,92.117683,96.680763,0.533363,0.515342,0.161619,0.007451,0.370221
472899,-0.061952,-0.912539,1.244095,-0.017142,-0.757077,1.614315,1.031212,-3.934575,1.484301,0.833049,103.989899,107.088974,90.576843,94.960762,0.551454,0.534967,0.161619,0.007451,0.370221
472909,-0.061952,-0.912539,1.244095,-0.017142,-0.757077,1.614315,1.031212,-3.934575,1.558191,-0.023406,103.989899,107.088974,97.448532,97.325356,0.484045,0.513274,0.161619,0.007451,0.370221
472919,-0.061952,-0.912539,1.244095,-0.017142,-0.757077,1.614315,1.031212,-3.934575,1.576799,0.083782,103.989899,107.088974,98.329475,98.770378,0.476368,0.500488,0.161619,0.007451,0.370221
472931,-0.065859,-0.844872,1.000869,-0.014700,-0.705027,1.436469,1.038534,-3.710558,1.579386,1.726112,95.121208,104.329544,94.169815,103.253479,0.519928,0.456424,0.145345,0.032384,0.435600
472939,-0.065859,-0.844872,1.000869,-0.014700,-0.705027,1.436469,1.038534,-3.710558,1.494437,0.831495,95.121208,104.329544,91.214417,95.590157,0.461577,0.507211,0.145345,0.032384,0.435600
472949,-0.065859,-0.844872,1.000869,-0.014700,-0.705027,1.436469,1.038534,-3.710558,1.462167,0.803095,95.121208,104.329544,89.272293,93.498581,0.482168,0.530293,0.145345,0.032384,0.435600
472959,-0.065859,-0.844872,1.000869,-0.014700,-0.705027,1.436469,1.038534,-3.710558,1.491648,0.882676,95.121208,104.329544,90.905449,95.550529,0.466679,0.511529,0.145345,0.032384,0.435600
472969,-0.065859,-0.844872,1.000869,-0.014700,-0.705027,1.436469,1.038534,-3.710558,1.560017,1.984396,95.121208,104.329544,92.279587,102.722473,0.453506,0.440131,0.145345,0.032384,0.435600
472981,-0.054636,-0.781248,0.720484,-0.003420,-0.653617,1.276819,1.048656,-3.389546,1.534771,1.152290,80.569489,99.759636,92.891243,98.955170,0.447836,0.478879,0.122693,0.062123,0.556334
472989,-0.054636,-0.781248,0.720484,-0.003420,-0.653617,1.276819,1.048656,-3.389546,1.530955,1.073014,80.569489,99.759636,92.861343,98.508080,0.300159,0.437901,0.122693,0.062123,0.556334
472999,-0.054636,-0.781248,0.720484,-0.003420,-0.653617,1.276819,1.048656,-3.389546,1.453687,0.075025,80.569489,99.759636,90.658012,91.052834,0.320175,0.514195,0.122693,0.062123,0.556334
473009,-0.054636,-0.781248,0.720484,-0.003420,-0.653617,1.276819,1.048656,-3.389546,1.436593,1.201363,80.569489,99.759636,86.625961,92.948135,0.359284,0.496604,0.122693,0.062123,0.556334
473019,-0.054636,-0.781248,0.720484,-0.003420,-0.653617,1.276819,1.048656,-3.389546,1.478842,2.459494,80.569489,99.759636,85.956108,98.899193,0.364905,0.437266,0.122693,0.062123,0.556334
473031,-0.031913,-0.722335,0.521668,0.015518,-0.603977,1.140413,1.058772,-2.979835,1.440333,1.965941,69.189484,94.928993,84.847954,95.193718,0.375131,0.475233,0.100103,0.078979,0.618745
473039,-0.031913,-0.722335,0.521668,0.015518,-0.603977,1.140413,1.058772,-2.979835,1.438426,2.274999,69.189484,94.928993,83.915550,95.887733,0.267710,0.419795,0.100103,0.078979,0.618745
473049,-0.031913,-0.722335,0.521668,0.015518,-0.603977,1.140413,1.058772,-2.979835,1.388902,2.017660,69.189484,94.928993,81.497398,92.115334,0.289430,0.458082,0.100103,0.078979,0.618745
473059,-0.031913,-0.722335,0.521668,0.015518,-0.603977,1.140413,1.058772,-2.979835,1.342876,1.904611,69.189484,94.928993,78.918221,88.941238,0.313276,0.491020,0.100103,0.078979,0.618745
473069,-0.031913,-0.722335,0.521668,0.015518,-0.603977,1.140413,1.058772,-2.979835,1.382564,3.258158,69.189484,94.928993,77.837189,94.983246,0.322357,0.430589,0.100103,0.078979,0.618745
473081,0.001122,-0.672043,0.430597,0.040563,-0.556635,1.033569,1.067865,-2.454869,1.337487,2.824007,64.448448,92.753014,76.162285,91.023621,0.287805,0.449487,0.084014,0.088410,0.602973
473089,0.001122,-0.672043,0.430597,0.040563,-0.556635,1.033569,1.067865,-2.454869,1.337487,2.824007,64.448448,92.753014,76.162285,91.023621,0.287805,0.449487,0.084014,0.088410,0.602973
473099,0.001122,-0.672043,0.430597,0.040563,-0.556635,1.033569,1.067865,-2.454869,1.334466,3.203928,64.448448,92.753014,74.973801,91.834473,0.297585,0.441562,0.084014,0.088410,0.602973
473109,0.001122,-0.672043,0.430597,0.040563,-0.556635,1.033569,1.067865,-2.454869,1.371131,4.247927,64.448448,92.753014,74.518356,96.873070,0.300125,0.390352,0.084014,0.088410,0.602973
473119,0.001122,-0.672043,0.430597,0.040563,-0.556635,1.033569,1.067865,-2.454869,1.367131,4.505491,64.448448,92.753014,73.590599,97.300743,0.307574,0.385166,0.084014,0.088410,0.602973
473132,0.035771,-0.639123,0.420279,0.069890,-0.511473,0.962701,1.075036,-1.796908,1.287624,2.857831,66.418587,95.490631,72.956810,87.996147,0.330960,0.507957,0.083233,0.102621,0.542423
473139,0.035771,-0.639123,0.420279,0.069890,-0.511473,0.962701,1.075036,-1.796908,1.287624,2.857831,66.418587,95.490631,72.956810,87.996147,0.330960,0.507957,0.083233,0.102621,0.542423
473149,0.035771,-0.639123,0.420279,0.069890,-0.511473,0.962701,1.075036,-1.796908,1.266373,3.439341,66.418587,95.490631,70.098541,88.198074,0.358807,0.507396,0.083233,0.102621,0.542423
473159,0.035771,-0.639123,0.420279,0.069890,-0.511473,0.962701,1.075036,-1.796908,1.339976,3.825146,66.418587,95.490631,73.683571,93.813400,0.321504,0.451578,0.083233,0.102621,0.542423
473169,0.035771,-0.639123,0.420279,0.069890,-0.511473,0.962701,1.075036,-1.796908,1.275571,3.839335,66.418587,95.490631,69.620949,89.825447,0.361490,0.492591,0.083233,0.102621,0.542423
473181,0.096766,-0.602268,0.560669,0.101501,-0.467811,0.932653,1.078588,-1.021290,1.282985,4.275221,72.450714,95.625076,68.937378,91.435730,0.427541,0.478623,0.075508,0.111354,0.371984
473189,0.096766,-0.602268,0.560669,0.101501,-0.467811,0.932653,1.078588,-1.021290,1.282985,4.275221,72.450714,95.625076,68.937378,91.435730,0.427541,0.478623,0.075508,0.111354,0.371984
473199,0.096766,-0.602268,0.560669,0.101501,-0.467811,0.932653,1.078588,-1.021290,1.292964,4.321504,72.450714,95.625076,69.439308,92.181221,0.423124,0.471857,0.075508,0.111354,0.371984
473209,0.096766,-0.602268,0.560669,0.101501,-0.467811,0.932653,1.078588,-1.021290,1.288292,3.636114,72.450714,95.625076,70.950714,90.085762,0.408310,0.493919,0.075508,0.111354,0.371984
473219,0.096766,-0.602268,0.560669,0.101501,-0.467811,0.932653,1.078588,-1.021290,1.371487,3.680282,72.450714,95.625076,76.034218,95.401703,0.356758,0.440804,0.075508,0.111354,0.371984
473231,0.151438,-0.565994,0.757086,0.133344,-0.424620,0.945543,1.076676,-0.173391,1.310359,3.732306,81.839645,97.580849,72.076782,91.718040,0.491473,0.498284,0.083945,0.115184,0.188457
473239,0.151438,-0.565994,0.757086,0.133344,-0.424620,0.945543,1.076676,-0.173391,1.310359,3.732306,81.839645,97.580849,72.076782,91.718040,0.491473,0.498284,0.083945,0.115184,0.188457
473249,0.151438,-0.565994,0.757086,0.133344,-0.424620,0.945543,1.076676,-0.173391,1.381342,4.795980,81.839645,97.580849,73.714432,98.953278,0.476722,0.425657,0.083945,0.115184,0.188457
473259,0.151438,-0.565994,0.757086,0.133344,-0.424620,0.945543,1.076676,-0.173391,1.323446,3.517956,81.839645,97.580849,73.458725,91.971970,0.480955,0.496592,0.083945,0.115184,0.188457
473269,0.151438,-0.565994,0.757086,0.133344,-0.424620,0.945543,1.076676,-0.173391,1.361859,3.270436,81.839645,97.580849,76.510826,93.721497,0.451500,0.479868,0.083945,0.115184,0.188457
473282,0.194015,-0.526037,0.963556,0.163408,-0.380799,1.000201,1.068803,0.685140,1.395658,3.061070,90.527351,100.250702,79.174164,95.283043,0.514022,0.491660,0.101809,0.108008,0.036645
473289,0.194015,-0.526037,0.963556,0.163408,-0.380799,1.000201,1.068803,0.685140,1.395658,3.061070,90.527351,100.250702,79.174164,95.283043,0.514022,0.491660,0.101809,0.108008,0.036645
473299,0.194015,-0.526037,0.963556,0.163408,-0.380799,1.000201,1.068803,0.685140,1.426974,2.989489,90.527351,100.250702,81.319794,97.051979,0.494407,0.474610,0.101809,0.108008,0.036645
473309,0.194015,-0.526037,0.963556,0.163408,-0.380799,1.000201,1.068803,0.685140,1.453324,2.722309,90.527351,100.250702,83.669670,97.995819,0.472280,0.465623,0.101809,0.108008,0.036645
473319,0.194015,-0.526037,0.963556,0.163408,-0.380799,1.000201,1.068803,0.685140,1.401437,2.394027,90.527351,100.250702,81.290512,93.889076,0.497919,0.507963,0.101809,0.108008,0.036645
473331,0.243231,-0.459858,1.192188,0.189838,-0.335442,1.091992,1.056741,1.485642,1.436193,2.117808,90.511932,94.844757,84.189583,95.334549,0.470196,0.494491,0.095869,0.095599,-0.100195
473339,0.243231,-0.459858,1.192188,0.189838,-0.335442,1.091992,1.056741,1.485642,1.461081,1.988876,90.511932,94.844757,86.084312,96.550774,0.451980,0.427928,0.095869,0.095599,-0.100195
473349,0.243231,-0.459858,1.192188,0.189838,-0.335442,1.091992,1.056741,1.485642,1.499447,1.880393,90.511932,94.844757,88.767624,98.663193,0.425495,0.406041,0.095869,0.095599,-0.100195
473359,0.243231,-0.459858,1.192188,0.189838,-0.335442,1.091992,1.056741,1.485642,1.470739,0.961307,90.511932,94.844757,89.391731,94.450607,0.419478,0.448245,0.095869,0.095599,-0.100195
473369,0.243231,-0.459858,1.192188,0.189838,-0.335442,1.091992,1.056741,1.485642,1.533711,1.843605,90.511932,94.844757,91.005943,100.707916,0.403238,0.384499,0.095869,0.095599,-0.100195
473379,0.243231,-0.459858,1.192188,0.189838,-0.335442,1.091992,1.056741,1.485642,1.438580,2.585971,90.511932,94.844757,83.106903,96.715576,0.483709,0.424049,0.095869,0.095599,-0.100195
473389,0.270103,-0.405736,1.328357,0.211024,-0.288048,1.213159,1.044069,2.159765,1.415169,1.658456,89.659889,96.269165,84.084259,92.811882,0.466530,0.478021,0.100063,0.085605,-0.115198
473399,0.270103,-0.405736,1.328357,0.211024,-0.288048,1.213159,1.044069,2.159765,1.452104,1.395425,89.659889,96.269165,87.084778,94.428200,0.437040,0.462226,0.100063,0.085605,-0.115198
473409,0.270103,-0.405736,1.328357,0.211024,-0.288048,1.213159,1.044069,2.159765,1.404767,1.381062,89.659889,96.269165,84.163986,91.431824,0.467347,0.493157,0.100063,0.085605,-0.115198
473419,0.270103,-0.405736,1.328357,0.211024,-0.288048,1.213159,1.044069,2.159765,1.517409,1.472454,89.659889,96.269165,90.963669,98.712456,0.399089,0.419862,0.100063,0.085605,-0.115198
473432,0.290789,-0.335296,1.455170,0.225693,-0.238617,1.353993,1.034566,2.653946,1.451700,1.407100,84.305008,94.149071,87.028847,94.433708,0.383919,0.440658,0.088524,0.075815,-0.101177
473439,0.290789,-0.335296,1.455170,0.225693,-0.238617,1.353993,1.034566,2.653946,1.451700,1.407100,84.305008,94.149071,87.028847,94.433708,0.383919,0.440658,0.088524,0.075815,-0.101177
473449,0.290789,-0.335296,1.455170,0.225693,-0.238617,1.353993,1.034566,2.653946,1.508979,1.390885,84.305008,94.149071,90.651443,97.970978,0.346424,0.404521,0.088524,0.075815,-0.101177
473459,0.290789,-0.335296,1.455170,0.225693,-0.238617,1.353993,1.034566,2.653946,1.522323,1.584196,84.305008,94.149071,90.976776,99.313606,0.341836,0.390062,0.088524,0.075815,-0.101177
473469,0.290789,-0.335296,1.455170,0.225693,-0.238617,1.353993,1.034566,2.653946,1.511769,1.643369,84.305008,94.149071,90.161430,98.809662,0.348818,0.394169,0.088524,0.075815,-0.101177
473482,0.301671,-0.244663,1.594043,0.232980,-0.187622,1.504483,1.030627,2.945649,1.445424,1.822116,74.707695,86.579605,85.544548,95.133430,0.295704,0.352461,0.058623,0.067347,-0.089561
473489,0.301671,-0.244663,1.594043,0.232980,-0.187622,1.504483,1.030627,2.945649,1.445424,1.822116,74.707695,86.579605,85.544548,95.133430,0.295704,0.352461,0.058623,0.067347,-0.089561
473499,0.301671,-0.244663,1.594043,0.232980,-0.187622,1.504483,1.030627,2.945649,1.538549,2.153984,74.707695,86.579605,90.491638,101.826981,0.243076,0.282476,0.058623,0.067347,-0.089561
473509,0.301671,-0.244663,1.594043,0.232980,-0.187622,1.504483,1.030627,2.945649,1.473145,2.122790,74.707695,86.579605,86.485977,97.657158,0.280777,0.321959,0.058623,0.067347,-0.089561
473519,0.301671,-0.244663,1.594043,0.232980,-0.187622,1.504483,1.030627,2.945649,1.461678,2.096543,74.707695,86.579605,85.838326,96.871384,0.285027,0.327758,0.058623,0.067347,-0.089561
473531,0.298695,-0.165966,1.721511,0.232485,-0.135868,1.655400,1.032777,3.043202,1.447673,2.177936,68.725861,82.419357,84.748848,96.210236,0.293914,0.332444,0.039698,0.060940,-0.066111
473539,0.298695,-0.165966,1.721511,0.232485,-0.135868,1.655400,1.032777,3.043202,1.366187,2.039467,68.725861,82.419357,80.020363,90.753059,0.279122,0.343746,0.039698,0.060940,-0.066111
473549,0.298695,-0.165966,1.721511,0.232485,-0.135868,1.655400,1.032777,3.043202,1.384753,1.922960,68.725861,82.419357,81.487244,91.606819,0.261901,0.333371,0.039698,0.060940,-0.066111
473559,0.298695,-0.165966,1.721511,0.232485,-0.135868,1.655400,1.032777,3.043202,1.382948,2.031882,68.725861,82.419357,81.087852,91.780632,0.263422,0.329761,0.039698,0.060940,-0.066111
473569,0.298695,-0.165966,1.721511,0.232485,-0.135868,1.655400,1.032777,3.043202,1.364004,3.158291,68.725861,82.419357,76.940002,93.560509,0.303258,0.309734,0.039698,0.060940,-0.066111
473581,0.286502,-0.093435,1.844368,0.224306,-0.084267,1.798304,1.040273,2.965572,1.269651,1.208719,64.923355,79.390266,76.172714,82.533600,0.309441,0.419980,0.025631,0.057406,-0.046064
473589,0.286502,-0.093435,1.844368,0.224306,-0.084267,1.798304,1.040273,2.965572,1.242538,2.258730,64.923355,79.390266,71.715317,83.601883,0.314632,0.378164,0.025631,0.057406,-0.046064
473599,0.286502,-0.093435,1.844368,0.224306,-0.084267,1.798304,1.040273,2.965572,1.328633,3.038733,64.923355,79.390266,75.043922,91.035255,0.279322,0.301501,0.025631,0.057406,-0.046064
473609,0.286502,-0.093435,1.844368,0.224306,-0.084267,1.798304,1.040273,2.965572,1.340086,3.074170,64.923355,79.390266,75.666443,91.844261,0.270948,0.290920,0.025631,0.057406,-0.046064
473619,0.286502,-0.093435,1.844368,0.224306,-0.084267,1.798304,1.040273,2.965572,1.327940,2.793559,64.923355,79.390266,75.645683,90.346786,0.269011,0.303704,0.025631,0.057406,-0.046064
473632,0.270421,-0.038324,1.947806,0.209041,-0.033614,1.925057,1.051868,2.723463,1.233893,2.358793,65.982033,80.641136,70.911720,83.324867,0.323375,0.383520,0.026975,0.055335,-0.022748
473639,0.270421,-0.038324,1.947806,0.209041,-0.033614,1.925057,1.051868,2.723463,1.233893,2.358793,65.982033,80.641136,70.911720,83.324867,0.323375,0.383520,0.026975,0.055335,-0.022748
473649,0.270421,-0.038324,1.947806,0.209041,-0.033614,1.925057,1.051868,2.723463,1.317003,2.398593,65.982033,80.641136,76.001404,88.624001,0.270474,0.328932,0.026975,0.055335,-0.022748
473659,0.270421,-0.038324,1.947806,0.209041,-0.033614,1.925057,1.051868,2.723463,1.321587,2.535557,65.982033,80.641136,75.927521,89.270889,0.269224,0.320737,0.026975,0.055335,-0.022748
473669,0.270421,-0.038324,1.947806,0.209041,-0.033614,1.925057,1.051868,2.723463,1.325444,2.650797,65.982033,80.641136,75.865356,89.815178,0.267869,0.313460,0.026975,0.055335,-0.022748
473681,0.238519,0.030434,2.125871,0.187761,0.015609,2.027807,1.065895,2.320224,1.248228,2.650209,66.610802,73.945526,71.040886,84.987610,0.319767,0.291733,0.014150,0.050951,-0.098064
473689,0.238519,0.030434,2.125871,0.187761,0.015609,2.027807,1.065895,2.320224,1.248228,2.650209,66.610802,73.945526,71.040886,84.987610,0.319767,0.291733,0.014150,0.050951,-0.098064
473699,0.238519,0.030434,2.125871,0.187761,0.015609,2.027807,1.065895,2.320224,1.298571,2.333361,66.610802,73.945526,75.021004,87.300316,0.278283,0.265935,0.014150,0.050951,-0.098064
473709,0.238519,0.030434,2.125871,0.187761,0.015609,2.027807,1.065895,2.320224,1.258158,1.549386,66.610802,73.945526,74.558067,82.711708,0.281323,0.310068,0.014150,0.050951,-0.098064
473719,0.238519,0.030434,2.125871,0.187761,0.015609,2.027807,1.065895,2.320224,1.289501,2.234938,66.610802,73.945526,74.713097,86.474457,0.278153,0.269935,0.014150,0.050951,-0.098064
473731,0.204023,0.083314,2.238600,0.161942,0.063344,2.099642,1.079876,1.766474,1.209712,1.848434,69.061417,70.460129,70.743324,80.470711,0.341245,0.290849,0.010379,0.045408,-0.138958
473739,0.204023,0.083314,2.238600,0.161942,0.063344,2.099642,1.079876,1.766474,1.209712,1.848434,69.061417,70.460129,70.743324,80.470711,0.341245,0.290849,0.010379,0.045408,-0.138958
473749,0.204023,0.083314,2.238600,0.161942,0.063344,2.099642,1.079876,1.766474,1.240025,1.244845,69.061417,70.460129,74.226089,80.777084,0.305384,0.285721,0.010379,0.045408,-0.138958
473759,0.204023,0.083314,2.238600,0.161942,0.063344,2.099642,1.079876,1.766474,1.213255,1.771745,69.061417,70.460129,71.166512,80.490318,0.335559,0.286583,0.010379,0.045408,-0.138958
473769,0.204023,0.083314,2.238600,0.161942,0.063344,2.099642,1.079876,1.766474,1.243006,1.594222,69.061417,70.460129,73.493073,81.882668,0.311407,0.270375,0.010379,0.045408,-0.138958
473782,0.161641,0.132014,2.314210,0.133380,0.109942,2.135378,1.090498,1.089495,1.172651,1.145047,70.521385,65.235855,70.277771,76.303581,0.357257,0.269735,0.002878,0.035743,-0.178832
473789,0.161641,0.132014,2.314210,0.133380,0.109942,2.135378,1.090498,1.089495,1.172651,1.145047,70.521385,65.235855,70.277771,76.303581,0.357257,0.269735,0.002878,0.035743,-0.178832
473799,0.161641,0.132014,2.314210,0.133380,0.109942,2.135378,1.090498,1.089495,1.178347,0.963442,70.521385,65.235855,71.111656,76.181770,0.348801,0.268764,0.002878,0.035743,-0.178832
473809,0.161641,0.132014,2.314210,0.133380,0.109942,2.135378,1.090498,1.089495,1.248486,0.707164,70.521385,65.235855,76.169632,79.891083,0.297091,0.228740,0.002878,0.035743,-0.178832
473819,0.161641,0.132014,2.314210,0.133380,0.109942,2.135378,1.090498,1.089495,1.263937,0.491532,70.521385,65.235855,77.702698,80.289383,0.280324,0.221746,0.002878,0.035743,-0.178832
473831,0.119746,0.175307,2.295897,0.104063,0.156062,2.132028,1.094497,0.329917,1.138437,0.070376,70.710396,62.017715,70.967102,71.337456,0.348696,0.275123,-0.004002,0.024501,-0.163869
473839,0.119746,0.175307,2.295897,0.104063,0.156062,2.132028,1.094497,0.329917,1.138437,0.070376,70.710396,62.017715,70.967102,71.337456,0.348696,0.275123,-0.004002,0.024501,-0.163869
473849,0.119746,0.175307,2.295897,0.104063,0.156062,2.132028,1.094497,0.329917,1.175698,0.266167,70.710396,62.017715,72.780746,74.181450,0.330145,0.244250,-0.004002,0.024501,-0.163869
473859,0.119746,0.175307,2.295897,0.104063,0.156062,2.132028,1.094497,0.329917,1.154773,-0.603857,70.710396,62.017715,73.762207,70.584412,0.319720,0.278507,-0.004002,0.024501,-0.163869
473869,0.119746,0.175307,2.295897,0.104063,0.156062,2.132028,1.094497,0.329917,1.158949,-1.025465,70.710396,62.017715,75.132545,69.736038,0.305133,0.285447,-0.004002,0.024501,-0.163869
473881,0.086551,0.211789,2.216263,0.076045,0.202484,2.089002,1.090060,-0.465941,1.164037,-1.297605,72.618431,61.911289,76.166603,69.337959,0.312048,0.285260,-0.001113,0.013990,-0.127261
473889,0.086551,0.211789,2.216263,0.076045,0.202484,2.089002,1.090060,-0.465941,1.164037,-1.297605,72.618431,61.911289,76.166603,69.337959,0.312048,0.285260,-0.001113,0.013990,-0.127261
473899,0.086551,0.211789,2.216263,0.076045,0.202484,2.089002,1.090060,-0.465941,1.179812,-0.470946,72.618431,61.911289,74.977432,72.499077,0.323468,0.251531,-0.001113,0.013990,-0.127261
473909,0.086551,0.211789,2.216263,0.076045,0.202484,2.089002,1.090060,-0.465941,1.184373,-2.051872,72.618431,61.911289,79.422295,68.624321,0.277658,0.288936,-0.001113,0.013990,-0.127261
473919,0.086551,0.211789,2.216263,0.076045,0.202484,2.089002,1.090060,-0.465941,1.209992,-1.416016,72.618431,61.911289,79.350403,71.898621,0.277031,0.254196,-0.001113,0.013990,-0.127261
473931,0.043397,0.268339,2.079388,0.051310,0.249887,2.008288,1.077868,-1.248523,1.125213,-1.383555,67.247734,55.912426,73.966316,66.685356,0.274704,0.242399,-0.019970,0.002073,-0.071100
473939,0.043397,0.268339,2.079388,0.051310,0.249887,2.008288,1.077868,-1.248523,1.125213,-1.383555,67.247734,55.912426,73.966316,66.685356,0.274704,0.242399,-0.019970,0.002073,-0.071100
473949,0.043397,0.268339,2.079388,0.051310,0.249887,2.008288,1.077868,-1.248523,1.177641,-0.439791,67.247734,55.912426,74.759743,72.445343,0.265268,0.181492,-0.019970,0.002073,-0.071100
473959,0.043397,0.268339,2.079388,0.051310,0.249887,2.008288,1.077868,-1.248523,1.152052,-1.508279,67.247734,55.912426,75.971878,68.034561,0.251402,0.223176,-0.019970,0.002073,-0.071100
473969,0.043397,0.268339,2.079388,0.051310,0.249887,2.008288,1.077868,-1.248523,1.121808,-2.407303,67.247734,55.912426,76.447220,63.778790,0.244808,0.264160,-0.019970,0.002073,-0.071100
473981,0.014643,0.319172,1.965611,0.031645,0.298659,1.894558,1.061035,-1.964336,1.081110,-1.650017,66.660362,51.304779,71.910995,63.227783,0.281545,0.219045,-0.025475,-0.007804,-0.071053
473989,0.014643,0.319172,1.965611,0.031645,0.298659,1.894558,1.061035,-1.964336,1.081110,-1.650017,66.660362,51.304779,71.910995,63.227783,0.281545,0.219045,-0.025475,-0.007804,-0.071053
473999,0.014643,0.319172,1.965611,0.031645,0.298659,1.894558,1.061035,-1.964336,1.136176,-1.802229,66.660362,51.304779,75.753113,66.268883,0.241305,0.185641,-0.025475,-0.007804,-0.071053
474009,0.014643,0.319172,1.965611,0.031645,0.298659,1.894558,1.061035,-1.964336,1.108451,-2.861585,66.660362,51.304779,76.807693,61.748604,0.228730,0.228755,-0.025475,-0.007804,-0.071053
474019,0.014643,0.319172,1.965611,0.031645,0.298659,1.894558,1.061035,-1.964336,1.076409,-1.062547,66.660362,51.304779,70.071411,64.479759,0.295410,0.198809,-0.025475,-0.007804,-0.071053
474031,-0.007243,0.371446,1.843279,0.018538,0.348764,1.754750,1.043890,-2.561305,1.036170,-2.036787,66.854431,46.929951,70.119934,59.401344,0.295466,0.201563,-0.028784,-0.018726,-0.088530
474039,-0.007243,0.371446,1.843279,0.018538,0.348764,1.754750,1.043890,-2.561305,1.036170,-2.036787,66.854431,46.929951,70.119934,59.401344,0.295466,0.201563,-0.028784,-0.018726,-0.088530
474049,-0.007243,0.371446,1.843279,0.018538,0.348764,1.754750,1.043890,-2.561305,1.059156,-1.817227,66.854431,46.929951,70.978851,61.415691,0.286052,0.178522,-0.028784,-0.018726,-0.088530
474059,-0.007243,0.371446,1.843279,0.018538,0.348764,1.754750,1.043890,-2.561305,1.061072,-3.288109,66.854431,46.929951,74.968803,57.665131,0.244530,0.213881,-0.028784,-0.018726,-0.088530
474069,-0.007243,0.371446,1.843279,0.018538,0.348764,1.754750,1.043890,-2.561305,1.075752,-2.766615,66.854431,46.929951,74.514153,59.954842,0.247544,0.188379,-0.028784,-0.018726,-0.088530
474081,-0.021089,0.424403,1.660045,0.013102,0.399712,1.596878,1.030265,-3.003799,0.985232,-2.720798,66.964745,46.014080,68.736107,54.417908,0.304400,0.230136,-0.027640,-0.031854,-0.063166
474089,-0.021089,0.424403,1.660045,0.013102,0.399712,1.596878,1.030265,-3.003799,0.985232,-2.720798,66.964745,46.014080,68.736107,54.417908,0.304400,0.230136,-0.027640,-0.031854,-0.063166
474099,-0.021089,0.424403,1.660045,0.013102,0.399712,1.596878,1.030265,-3.003799,0.994515,-2.910135,66.964745,46.014080,69.814499,54.499912,0.293046,0.227619,-0.027640,-0.031854,-0.063166
474109,-0.021089,0.424403,1.660045,0.013102,0.399712,1.596878,1.030265,-3.003799,1.054602,-3.276396,66.964745,46.014080,74.533661,57.291626,0.244341,0.197446,-0.027640,-0.031854,-0.063166
474119,-0.021089,0.424403,1.660045,0.013102,0.399712,1.596878,1.030265,-3.003799,1.044171,-3.377616,66.964745,46.014080,74.148018,56.373314,0.246761,0.204557,-0.027640,-0.031854,-0.063166
474131,-0.027097,0.471006,1.491615,0.016029,0.450623,1.428705,1.022383,-3.284959,1.026681,-3.462783,70.410156,47.624168,73.278999,55.056103,0.254188,0.215921,-0.016908,-0.044604,-0.062910
474139,-0.027097,0.471006,1.491615,0.016029,0.450623,1.428705,1.022383,-3.284959,0.964045,-3.224013,70.410156,47.624168,68.736000,51.769630,0.334407,0.264058,-0.016908,-0.044604,-0.062910
474149,-0.027097,0.471006,1.491615,0.016029,0.450623,1.428705,1.022383,-3.284959,0.915700,-2.919636,70.410156,47.624168,64.913521,49.548935,0.373731,0.285880,-0.016908,-0.044604,-0.062910
474159,-0.027097,0.471006,1.491615,0.016029,0.450623,1.428705,1.022383,-3.284959,0.957792,-2.560057,70.410156,47.624168,66.598175,53.125877,0.357647,0.249010,-0.016908,-0.044604,-0.062910
474169,-0.027097,0.471006,1.491615,0.016029,0.450623,1.428705,1.022383,-3.284959,0.954002,-3.395745,70.410156,47.624168,68.560188,50.690083,0.338397,0.272755,-0.016908,-0.044604,-0.062910
474181,-0.024557,0.516523,1.299076,0.027572,0.500393,1.257244,1.020994,-3.418961,0.971504,-3.547275,74.544739,52.097630,70.052773,51.385239,0.365864,0.309932,-0.001547,-0.054546,-0.041832
474189,-0.024557,0.516523,1.299076,0.027572,0.500393,1.257244,1.020994,-3.418961,0.971504,-3.547275,74.544739,52.097630,70.052773,51.385239,0.365864,0.309932,-0.001547,-0.054546,-0.041832
474199,-0.024557,0.516523,1.299076,0.027572,0.500393,1.257244,1.020994,-3.418961,0.982965,-3.605533,74.544739,52.097630,70.922340,51.948223,0.357893,0.304332,-0.001547,-0.054546,-0.041832
474209,-0.024557,0.516523,1.299076,0.027572,0.500393,1.257244,1.020994,-3.418961,0.983895,-3.654552,74.544739,52.097630,71.109459,51.877377,0.356709,0.305085,-0.001547,-0.054546,-0.041832
474219,-0.024557,0.516523,1.299076,0.027572,0.500393,1.257244,1.020994,-3.418961,0.984677,-3.281892,74.544739,52.097630,70.177811,52.906853,0.366898,0.294628,-0.001547,-0.054546,-0.041832
474231,-0.015160,0.555561,1.123106,0.047557,0.547895,1.089437,1.026319,-3.416751,0.997999,-3.363197,80.851662,58.749622,71.224335,53.525509,0.421478,0.355127,0.020238,-0.059854,-0.033669
474239,-0.015160,0.555561,1.123106,0.047557,0.547895,1.089437,1.026319,-3.416751,0.997999,-3.363197,80.851662,58.749622,71.224335,53.525509,0.421478,0.355127,0.020238,-0.059854,-0.033669
474249,-0.015160,0.555561,1.123106,0.047557,0.547895,1.089437,1.026319,-3.416751,1.013970,-3.450650,80.851662,58.749622,72.452637,54.293591,0.410875,0.348337,0.020238,-0.059854,-0.033669
474259,-0.015160,0.555561,1.123106,0.047557,0.547895,1.089437,1.026319,-3.416751,1.031764,-3.627710,80.851662,58.749622,74.030678,54.939854,0.396458,0.342637,0.020238,-0.059854,-0.033669
474269,-0.015160,0.555561,1.123106,0.047557,0.547895,1.089437,1.026319,-3.416751,1.055449,-3.569735,80.851662,58.749622,75.358437,56.572708,0.384279,0.326743,0.020238,-0.059854,-0.033669
474281,0.010667,0.612370,0.890149,0.075404,0.592203,0.933000,1.038650,-3.269751,1.065106,-3.218716,80.137367,63.673923,75.038345,58.099854,0.382668,0.362099,0.025065,-0.063002,0.042851
474289,0.010667,0.612370,0.890149,0.075404,0.592203,0.933000,1.038650,-3.269751,1.065106,-3.218716,80.137367,63.673923,75.038345,58.099854,0.382668,0.362099,0.025065,-0.063002,0.042851
474299,0.010667,0.612370,0.890149,0.075404,0.592203,0.933000,1.038650,-3.269751,1.105284,-2.915179,80.137367,63.673923,76.750832,61.409702,0.366221,0.329454,0.025065,-0.063002,0.042851
474309,0.010667,0.612370,0.890149,0.075404,0.592203,0.933000,1.038650,-3.269751,1.121665,-4.108449,80.137367,63.673923,80.914436,59.293720,0.324429,0.351490,0.025065,-0.063002,0.042851
474319,0.010667,0.612370,0.890149,0.075404,0.592203,0.933000,1.038650,-3.269751,1.165943,-3.353373,80.137367,63.673923,81.694977,64.047852,0.316312,0.303873,0.025065,-0.063002,0.042851
474331,0.045647,0.658120,0.686918,0.110172,0.632784,0.796304,1.057813,-2.959354,1.076123,-2.668051,80.382332,70.080215,74.277985,60.237366,0.393819,0.407462,0.033824,-0.060509,0.109386
474339,0.045647,0.658120,0.686918,0.110172,0.632784,0.796304,1.057813,-2.959354,1.076123,-2.668051,80.382332,70.080215,74.277985,60.237366,0.393819,0.407462,0.033824,-0.060509,0.109386
474349,0.045647,0.658120,0.686918,0.110172,0.632784,0.796304,1.057813,-2.959354,1.149405,-2.865754,80.382332,70.080215,79.378326,64.297295,0.343016,0.368019,0.033824,-0.060509,0.109386
474359,0.045647,0.658120,0.686918,0.110172,0.632784,0.796304,1.057813,-2.959354,1.167501,-2.825151,80.382332,70.080215,80.402496,65.535141,0.332770,0.356550,0.033824,-0.060509,0.109386
474369,0.045647,0.658120,0.686918,0.110172,0.632784,0.796304,1.057813,-2.959354,1.182727,-2.377082,80.382332,70.080215,80.175140,67.665749,0.335085,0.335726,0.033824,-0.060509,0.109386
474381,0.088745,0.696553,0.566852,0.150598,0.669620,0.687223,1.081893,-2.481776,1.129555,-2.254488,81.120239,74.353226,76.529282,64.665039,0.380574,0.411506,0.037716,-0.055934,0.120371
474389,0.088745,0.696553,0.566852,0.150598,0.669620,0.687223,1.081893,-2.481776,1.129555,-2.254488,81.120239,74.353226,76.529282,64.665039,0.380574,0.411506,0.037716,-0.055934,0.120371
474399,0.088745,0.696553,0.566852,0.150598,0.669620,0.687223,1.081893,-2.481776,1.194363,-1.276070,81.120239,74.353226,78.005310,71.289993,0.366437,0.345869,0.037716,-0.055934,0.120371
474409,0.088745,0.696553,0.566852,0.150598,0.669620,0.687223,1.081893,-2.481776,1.200972,-2.004970,81.120239,74.353226,80.336327,69.785172,0.343284,0.361831,0.037716,-0.055934,0.120371
474419,0.088745,0.696553,0.566852,0.150598,0.669620,0.687223,1.081893,-2.481776,1.193464,-2.721743,81.120239,74.353226,81.753098,67.429924,0.328989,0.386768,0.037716,-0.055934,0.120371
474431,0.131213,0.724814,0.491276,0.195155,0.703245,0.611967,1.106498,-1.860729,1.217642,-1.772694,83.196716,80.099197,80.766998,71.438194,0.338921,0.347268,0.046204,-0.049183,0.120691
474439,0.131213,0.724814,0.491276,0.195155,0.703245,0.611967,1.106498,-1.860729,1.163927,-1.491545,83.196716,80.099197,76.670036,68.820778,0.401961,0.433158,0.046204,-0.049183,0.120691
474449,0.131213,0.724814,0.491276,0.195155,0.703245,0.611967,1.106498,-1.860729,1.188432,-0.634129,83.196716,80.099197,75.945564,72.608459,0.410656,0.396779,0.046204,-0.049183,0.120691
474459,0.131213,0.724814,0.491276,0.195155,0.703245,0.611967,1.106498,-1.860729,1.252615,-1.361365,83.196716,80.099197,81.870514,74.706329,0.351671,0.376879,0.046204,-0.049183,0.120691
474469,0.131213,0.724814,0.491276,0.195155,0.703245,0.611967,1.106498,-1.860729,1.228204,-1.145453,83.196716,80.099197,79.776703,73.748756,0.373294,0.387725,0.046204,-0.049183,0.120691
474481,0.196990,0.758946,0.435557,0.242105,0.734684,0.574851,1.125396,-1.135408,1.184164,-1.001468,77.063576,79.497940,76.645370,71.375145,0.343851,0.408068,0.030666,-0.041031,0.139294
474489,0.196990,0.758946,0.435557,0.242105,0.734684,0.574851,1.125396,-1.135408,1.184164,-1.001468,77.063576,79.497940,76.645370,71.375145,0.343851,0.408068,0.030666,-0.041031,0.139294
474499,0.196990,0.758946,0.435557,0.242105,0.734684,0.574851,1.125396,-1.135408,1.279518,-0.739159,77.063576,79.497940,81.914787,78.024963,0.290187,0.341865,0.030666,-0.041031,0.139294
474509,0.196990,0.758946,0.435557,0.242105,0.734684,0.574851,1.125396,-1.135408,1.259553,-0.001071,77.063576,79.497940,78.724869,78.719231,0.321753,0.335078,0.030666,-0.041031,0.139294
474519,0.196990,0.758946,0.435557,0.242105,0.734684,0.574851,1.125396,-1.135408,1.312456,-0.621758,77.063576,79.497940,83.664474,80.392471,0.271037,0.318166,0.030666,-0.041031,0.139294
474531,0.259782,0.786965,0.390380,0.289553,0.765321,0.578889,1.132471,-0.339417,1.206465,-0.134756,69.704987,80.199615,75.758659,75.049507,0.274127,0.380163,0.019295,-0.031344,0.188509
474539,0.259782,0.786965,0.390380,0.289553,0.765321,0.578889,1.132471,-0.339417,1.206465,-0.134756,69.704987,80.199615,75.758659,75.049507,0.274127,0.380163,0.019295,-0.031344,0.188509
474549,0.259782,0.786965,0.390380,0.289553,0.765321,0.578889,1.132471,-0.339417,1.232937,0.093569,69.704987,80.199615,76.812363,77.304771,0.262169,0.358189,0.019295,-0.031344,0.188509
474559,0.259782,0.786965,0.390380,0.289553,0.765321,0.578889,1.132471,-0.339417,1.311843,0.389158,69.704987,80.199615,80.966209,83.014153,0.218378,0.300532,0.019295,-0.031344,0.188509
474569,0.259782,0.786965,0.390380,0.289553,0.765321,0.578889,1.132471,-0.339417,1.308533,0.637867,69.704987,80.199615,80.104904,83.461678,0.224911,0.295405,0.019295,-0.031344,0.188509
474581,0.309343,0.810064,0.439429,0.335534,0.796701,0.626396,1.124039,0.508726,1.261913,0.832663,66.572021,81.618843,76.678635,81.060524,0.223997,0.333210,0.018017,-0.023236,0.186967
474589,0.309343,0.810064,0.439429,0.335534,0.796701,0.626396,1.124039,0.508726,1.261913,0.832663,66.572021,81.618843,76.678635,81.060524,0.223997,0.333210,0.018017,-0.023236,0.186967
474599,0.309343,0.810064,0.439429,0.335534,0.796701,0.626396,1.124039,0.508726,1.192464,0.907555,66.572021,81.618843,72.140999,76.917007,0.268259,0.375586,0.018017,-0.023236,0.186967
474609,0.309343,0.810064,0.439429,0.335534,0.796701,0.626396,1.124039,0.508726,1.229869,2.005330,66.572021,81.618843,71.590294,82.143341,0.272763,0.323217,0.018017,-0.023236,0.186967
474619,0.309343,0.810064,0.439429,0.335534,0.796701,0.626396,1.124039,0.508726,1.209065,1.480332,66.572021,81.618843,71.671471,79.461716,0.270931,0.350465,0.018017,-0.023236,0.186967
474632,0.378060,0.846728,0.584939,0.378083,0.830313,0.718702,1.100715,1.396587,1.219917,1.897235,57.564621,73.708237,71.252701,81.236900,0.181274,0.252222,-0.009044,-0.013699,0.133763
474639,0.378060,0.846728,0.584939,0.378083,0.830313,0.718702,1.100715,1.396587,1.219917,1.897235,57.564621,73.708237,71.252701,81.236900,0.181274,0.252222,-0.009044,-0.013699,0.133763
474649,0.378060,0.846728,0.584939,0.378083,0.830313,0.718702,1.100715,1.396587,1.261680,2.838046,57.564621,73.708237,71.387421,86.322639,0.177162,0.198842,-0.009044,-0.013699,0.133763
474659,0.378060,0.846728,0.584939,0.378083,0.830313,0.718702,1.100715,1.396587,1.240188,1.870551,57.564621,73.708237,72.589859,82.433632,0.162133,0.235987,-0.009044,-0.013699,0.133763
474669,0.378060,0.846728,0.584939,0.378083,0.830313,0.718702,1.100715,1.396587,1.230817,2.091262,57.564621,73.708237,71.423416,82.428680,0.171025,0.234292,-0.009044,-0.013699,0.133763
474681,0.430039,0.884281,0.736671,0.415338,0.867372,0.854347,1.068188,2.291904,1.132204,2.242681,50.096619,69.988091,64.861671,76.663780,0.157305,0.252641,-0.022250,-0.002648,0.117676
474689,0.430039,0.884281,0.736671,0.415338,0.867372,0.854347,1.068188,2.291904,1.132204,2.242681,50.096619,69.988091,64.861671,76.663780,0.157305,0.252641,-0.022250,-0.002648,0.117676
474699,0.430039,0.884281,0.736671,0.415338,0.867372,0.854347,1.068188,2.291904,1.148672,3.025229,50.096619,69.988091,63.831837,79.752106,0.164857,0.219805,-0.022250,-0.002648,0.117676
474709,0.430039,0.884281,0.736671,0.415338,0.867372,0.854347,1.068188,2.291904,1.153815,2.648903,50.096619,69.988091,65.143509,79.083359,0.148731,0.224674,-0.022250,-0.002648,0.117676
474719,0.430039,0.884281,0.736671,0.415338,0.867372,0.854347,1.068188,2.291904,1.158143,2.746167,50.096619,69.988091,65.158058,79.609764,0.145573,0.217485,-0.022250,-0.002648,0.117676
474731,0.469630,0.921825,0.893246,0.445633,0.908631,1.026142,1.036390,3.110491,1.023430,2.619259,44.390091,69.772408,57.072468,70.856316,0.164575,0.301613,-0.025323,0.010425,0.132896
474739,0.469630,0.921825,0.893246,0.445633,0.908631,1.026142,1.036390,3.110491,1.023430,2.619259,44.390091,69.772408,57.072468,70.856316,0.164575,0.301613,-0.025323,0.010425,0.132896
474749,0.469630,0.921825,0.893246,0.445633,0.908631,1.026142,1.036390,3.110491,1.035368,2.410796,44.390091,69.772408,58.367088,71.053902,0.148833,0.299381,-0.025323,0.010425,0.132896
474759,0.469630,0.921825,0.893246,0.445633,0.908631,1.026142,1.036390,3.110491,1.023631,2.752777,44.390091,69.772408,56.733665,71.220154,0.162699,0.297429,-0.025323,0.010425,0.132896
474769,0.469630,0.921825,0.893246,0.445633,0.908631,1.026142,1.036390,3.110491,1.022467,4.282233,44.390091,69.772408,52.636589,75.171837,0.202020,0.256832,-0.025323,0.010425,0.132896
474781,0.499004,0.962440,1.088073,0.467611,0.954262,1.219969,1.016505,3.713054,0.962171,3.586833,42.467545,71.220299,50.697823,69.573532,0.198269,0.326206,-0.021816,0.024010,0.131896
474789,0.499004,0.962440,1.088073,0.467611,0.954262,1.219969,1.016505,3.713054,0.962171,3.586833,42.467545,71.220299,50.697823,69.573532,0.198269,0.326206,-0.021816,0.024010,0.131896
474799,0.499004,0.962440,1.088073,0.467611,0.954262,1.219969,1.016505,3.713054,0.962043,3.742295,42.467545,71.220299,50.280746,69.974571,0.200878,0.322444,-0.021816,0.024010,0.131896
474809,0.499004,0.962440,1.088073,0.467611,0.954262,1.219969,1.016505,3.713054,1.014211,4.493956,42.467545,71.220299,51.563450,75.212891,0.186231,0.269263,-0.021816,0.024010,0.131896
474819,0.499004,0.962440,1.088073,0.467611,0.954262,1.219969,1.016505,3.713054,1.005829,4.505547,42.467545,71.220299,51.009083,74.719521,0.190067,0.273496,-0.021816,0.024010,0.131896
474831,0.517473,1.003414,1.344679,0.480304,1.003773,1.418569,1.016037,3.979581,0.924523,4.316553,47.661926,74.505791,46.424736,69.140594,0.286595,0.362706,-0.007983,0.036303,0.073890
474839,0.517473,1.003414,1.344679,0.480304,1.003773,1.418569,1.016037,3.979581,0.924523,4.316553,47.661926,74.505791,46.424736,69.140594,0.286595,0.362706,-0.007983,0.036303,0.073890
474849,0.517473,1.003414,1.344679,0.480304,1.003773,1.418569,1.016037,3.979581,1.008780,4.563232,47.661926,74.505791,51.041718,75.055725,0.239750,0.303444,-0.007983,0.036303,0.073890
474859,0.517473,1.003414,1.344679,0.480304,1.003773,1.418569,1.016037,3.979581,0.970765,4.460360,47.661926,74.505791,48.936470,72.409111,0.260547,0.330330,-0.007983,0.036303,0.073890
474869,0.517473,1.003414,1.344679,0.480304,1.003773,1.418569,1.016037,3.979581,0.973630,4.373803,47.661926,74.505791,49.343288,72.360428,0.256143,0.331246,-0.007983,0.036303,0.073890
474881,0.525418,1.045787,1.572861,0.483215,1.056032,1.608828,1.034469,3.919244,0.930629,4.321753,55.342335,79.694244,46.792698,69.535919,0.359867,0.414498,0.010332,0.042182,0.035967
474889,0.525418,1.045787,1.572861,0.483215,1.056032,1.608828,1.034469,3.919244,0.930629,4.321753,55.342335,79.694244,46.792698,69.535919,0.359867,0.414498,0.010332,0.042182,0.035967
474899,0.525418,1.045787,1.572861,0.483215,1.056032,1.608828,1.034469,3.919244,0.996492,4.567608,55.342335,79.694244,50.262234,74.299271,0.326187,0.367943,0.010332,0.042182,0.035967
474909,0.525418,1.045787,1.572861,0.483215,1.056032,1.608828,1.034469,3.919244,0.995277,5.291850,55.342335,79.694244,48.280613,76.128975,0.347416,0.350359,0.010332,0.042182,0.035967
474919,0.525418,1.045787,1.572861,0.483215,1.056032,1.608828,1.034469,3.919244,1.016036,4.142134,55.342335,79.694244,52.603252,74.401230,0.304737,0.368695,0.010332,0.042182,0.035967
474931,0.524274,1.085532,1.789601,0.476353,1.109339,1.785972,1.062898,3.675608,0.998476,3.499054,65.644379,86.140182,53.197853,71.611626,0.404666,0.465850,0.033641,0.041610,-0.003629
474939,0.524274,1.085532,1.789601,0.476353,1.109339,1.785972,1.062898,3.675608,0.998476,3.499054,65.644379,86.140182,53.197853,71.611626,0.404666,0.465850,0.033641,0.041610,-0.003629
474949,0.524274,1.085532,1.789601,0.476353,1.109339,1.785972,1.062898,3.675608,1.057935,4.185817,65.644379,86.140182,55.106987,77.134850,0.387682,0.412419,0.033641,0.041610,-0.003629
474959,0.524274,1.085532,1.789601,0.476353,1.109339,1.785972,1.062898,3.675608,1.086182,4.039327,65.644379,86.140182,57.257874,78.514832,0.367851,0.400144,0.033641,0.041610,-0.003629
474969,0.524274,1.085532,1.789601,0.476353,1.109339,1.785972,1.062898,3.675608,1.127374,3.709117,65.644379,86.140182,60.701260,80.220490,0.334405,0.384272,0.033641,0.041610,-0.003629
474981,0.509721,1.146211,2.018795,0.460243,1.161556,1.952652,1.087970,3.419933,1.046113,3.181094,70.387070,85.147026,57.011787,73.752296,0.422791,0.443069,0.035263,0.037948,-0.066143
474989,0.509721,1.146211,2.018795,0.460243,1.161556,1.952652,1.087970,3.419933,1.046113,3.181094,70.387070,85.147026,57.011787,73.752296,0.422791,0.443069,0.035263,0.037948,-0.066143
474999,0.509721,1.146211,2.018795,0.460243,1.161556,1.952652,1.087970,3.419933,1.141580,3.297429,70.387070,85.147026,62.672379,80.025101,0.367729,0.381366,0.035263,0.037948,-0.066143
475009,0.509721,1.146211,2.018795,0.460243,1.161556,1.952652,1.087970,3.419933,1.160917,3.188361,70.387070,85.147026,64.167938,80.946686,0.354017,0.372990,0.035263,0.037948,-0.066143
475019,0.509721,1.146211,2.018795,0.460243,1.161556,1.952652,1.087970,3.419933,1.151049,2.268781,70.387070,85.147026,65.970848,77.910309,0.336871,0.404801,0.035263,0.037948,-0.066143
475031,0.483653,1.198861,2.212018,0.435880,1.210326,2.116126,1.096998,3.272406,1.140539,2.961398,73.030342,84.707115,63.491486,79.075844,0.390803,0.390306,0.037765,0.031426,-0.095892
475039,0.483653,1.198861,2.212018,0.435880,1.210326,2.116126,1.096998,3.272406,1.140539,2.961398,73.030342,84.707115,63.491486,79.075844,0.390803,0.390306,0.037765,0.031426,-0.095892
475049,0.483653,1.198861,2.212018,0.435880,1.210326,2.116126,1.096998,3.272406,1.133903,2.905623,73.030342,84.707115,63.223507,78.514351,0.395444,0.397160,0.037765,0.031426,-0.095892
475059,0.483653,1.198861,2.212018,0.435880,1.210326,2.116126,1.096998,3.272406,1.224159,2.858696,73.030342,84.707115,68.988007,84.031891,0.338607,0.342119,0.037765,0.031426,-0.095892
475069,0.483653,1.198861,2.212018,0.435880,1.210326,2.116126,1.096998,3.272406,1.204261,3.440068,73.030342,84.707115,66.214645,84.318001,0.367704,0.339336,0.037765,0.031426,-0.095892
475081,0.446701,1.249260,2.334541,0.404650,1.253267,2.286158,1.081742,3.299626,1.235439,2.584044,69.021904,84.024994,70.415657,84.014191,0.326217,0.342513,0.031978,0.027600,-0.048384
475089,0.446701,1.249260,2.334541,0.404650,1.253267,2.286158,1.081742,3.299626,1.178901,2.174214,69.021904,84.024994,67.960419,79.402222,0.310897,0.382736,0.031978,0.027600,-0.048384
475099,0.446701,1.249260,2.334541,0.404650,1.253267,2.286158,1.081742,3.299626,1.248952,2.139812,69.021904,84.024994,72.429100,83.689857,0.265529,0.339927,0.031978,0.027600,-0.048384
475109,0.446701,1.249260,2.334541,0.404650,1.253267,2.286158,1.081742,3.299626,1.207696,2.007390,69.021904,84.024994,70.199066,80.762955,0.287594,0.369848,0.031978,0.027600,-0.048384
475119,0.446701,1.249260,2.334541,0.404650,1.253267,2.286158,1.081742,3.299626,1.229616,2.206399,69.021904,84.024994,71.045433,82.656609,0.278725,0.351185,0.031978,0.027600,-0.048384
475131,0.401688,1.292580,2.461857,0.368229,1.288198,2.473748,1.040438,3.538587,1.221922,2.166893,61.463940,81.669937,70.668480,82.071754,0.282166,0.357424,0.023268,0.024440,0.011891
475139,0.401688,1.292580,2.461857,0.368229,1.288198,2.473748,1.040438,3.538587,1.167528,2.237128,61.463940,81.669937,67.084053,78.856941,0.241306,0.366585,0.023268,0.024440,0.011891
475149,0.401688,1.292580,2.461857,0.368229,1.288198,2.473748,1.040438,3.538587,1.191463,2.296225,61.463940,81.669937,68.424461,80.508347,0.226510,0.350303,0.023268,0.024440,0.011891
475159,0.401688,1.292580,2.461857,0.368229,1.288198,2.473748,1.040438,3.538587,1.202888,2.552901,61.463940,81.669937,68.463196,81.897835,0.224723,0.336362,0.023268,0.024440,0.011891
475169,0.401688,1.292580,2.461857,0.368229,1.288198,2.473748,1.040438,3.538587,1.238640,3.596676,61.463940,81.669937,67.951248,86.878754,0.228545,0.285511,0.023268,0.024440,0.011891
475181,0.351962,1.330145,2.588670,0.328428,1.313378,2.689281,0.978627,4.001602,1.177238,2.508861,49.966595,78.055099,66.975952,80.178833,0.237195,0.352809,0.011221,0.026628,0.100610
475189,0.351962,1.330145,2.588670,0.328428,1.313378,2.689281,0.978627,4.001602,1.173495,2.524861,49.966595,78.055099,66.699875,79.986954,0.121636,0.318193,0.011221,0.026628,0.100610
475199,0.351962,1.330145,2.588670,0.328428,1.313378,2.689281,0.978627,4.001602,1.183414,2.848750,49.966595,78.055099,66.467590,81.459137,0.120659,0.302790,0.011221,0.026628,0.100610
475209,0.351962,1.330145,2.588670,0.328428,1.313378,2.689281,0.978627,4.001602,1.200472,3.949080,49.966595,78.055099,64.638512,85.420547,0.136015,0.261703,0.011221,0.026628,0.100610
475219,0.351962,1.330145,2.588670,0.328428,1.313378,2.689281,0.978627,4.001602,1.179975,4.254041,49.966595,78.055099,62.554981,84.941872,0.154333,0.265112,0.011221,0.026628,0.100610
475234,0.351962,1.330145,2.588670,0.328428,1.313378,2.689281,0.978627,4.001602,1.179975,4.254041,49.966595,78.055099,62.554981,84.941872,0.154333,0.265112,0.011221,0.026628,0.100610
475242,0.310035,1.353080,2.784005,0.287075,1.327651,2.937177,0.908898,4.637468,0.910478,3.551373,42.648693,76.724907,47.560310,66.249413,0.227913,0.442121,0.012607,0.031857,0.153172
475249,0.310035,1.353080,2.784005,0.287075,1.327651,2.937177,0.908898,4.637468,0.910478,3.551373,42.648693,76.724907,47.560310,66.249413,0.227913,0.442121,0.012607,0.031857,0.153172
475259,0.310035,1.353080,2.784005,0.287075,1.327651,2.937177,0.908898,4.637468,0.962111,4.126362,42.648693,76.724907,49.274475,70.989456,0.209446,0.395868,0.012607,0.031857,0.153172
475269,0.310035,1.353080,2.784005,0.287075,1.327651,2.937177,0.908898,4.637468,0.996843,4.610157,42.648693,76.724907,50.172230,74.433182,0.198964,0.361889,0.012607,0.031857,0.153172
475281,0.242264,1.374159,-3.116658,0.245865,1.330585,-3.075433,0.848667,5.248053,1.026590,5.343318,36.791412,67.787758,50.102264,78.221474,0.136991,0.232536,-0.002514,0.043650,0.041225
475289,0.242264,1.374159,-3.116658,0.245865,1.330585,-3.075433,0.848667,5.248053,1.026590,5.343318,36.791412,67.787758,50.102264,78.221474,0.136991,0.232536,-0.002514,0.043650,0.041225
475299,0.242264,1.374159,-3.116658,0.245865,1.330585,-3.075433,0.848667,5.248053,0.981394,4.806296,36.791412,67.787758,48.690556,73.983688,0.148728,0.273674,-0.002514,0.043650,0.041225
475309,0.242264,1.374159,-3.116658,0.245865,1.330585,-3.075433,0.848667,5.248053,0.978217,5.182255,36.791412,67.787758,47.502747,74.774361,0.158464,0.264370,-0.002514,0.043650,0.041225
475319,0.242264,1.374159,-3.116658,0.245865,1.330585,-3.075433,0.848667,5.248053,0.975544,5.498586,36.791412,67.787758,46.503323,75.439629,0.166516,0.256187,-0.002514,0.043650,0.041225
475331,0.192792,1.376299,-2.765349,0.206260,1.322501,-2.808030,0.814331,5.483375,0.960225,5.661271,38.847843,66.923645,45.117863,74.910301,0.178705,0.260056,0.007241,0.054983,-0.042681
475339,0.192792,1.376299,-2.765349,0.206260,1.322501,-2.808030,0.814331,5.483375,0.947337,5.591202,38.847843,66.923645,44.496681,73.920380,0.204351,0.259915,0.007241,0.054983,-0.042681
475349,0.192792,1.376299,-2.765349,0.206260,1.322501,-2.808030,0.814331,5.483375,0.966986,5.635721,38.847843,66.923645,45.607651,75.265633,0.191890,0.244794,0.007241,0.054983,-0.042681
475359,0.192792,1.376299,-2.765349,0.206260,1.322501,-2.808030,0.814331,5.483375,0.974807,5.880132,38.847843,66.923645,45.453335,76.397530,0.192112,0.231580,0.007241,0.054983,-0.042681
475369,0.192792,1.376299,-2.765349,0.206260,1.322501,-2.808030,0.814331,5.483375,0.929111,5.464923,38.847843,66.923645,43.689861,72.449020,0.208778,0.269960,0.007241,0.054983,-0.042681
475381,0.147789,1.362571,-2.454588,0.169422,1.304445,-2.571661,0.812444,5.112545,0.862879,5.169877,44.886139,67.302895,40.326710,67.533188,0.302924,0.321880,0.020140,0.058660,-0.117073
475389,0.147789,1.362571,-2.454588,0.169422,1.304445,-2.571661,0.812444,5.112545,0.862879,5.169877,44.886139,67.302895,40.326710,67.533188,0.302924,0.321880,0.020140,0.058660,-0.117073
475399,0.147789,1.362571,-2.454588,0.169422,1.304445,-2.571661,0.812444,5.112545,0.917706,5.384696,44.886139,67.302895,43.188122,71.525085,0.274650,0.281116,0.020140,0.058660,-0.117073
475409,0.147789,1.362571,-2.454588,0.169422,1.304445,-2.571661,0.812444,5.112545,0.898492,4.427207,44.886139,67.302895,44.506626,67.804802,0.261540,0.318219,0.020140,0.058660,-0.117073
475419,0.147789,1.362571,-2.454588,0.169422,1.304445,-2.571661,0.812444,5.112545,0.960739,5.070240,44.886139,67.302895,46.705105,73.387245,0.239192,0.261178,0.020140,0.058660,-0.117073
475432,0.120497,1.342677,-2.255181,0.136178,1.278098,-2.379966,0.834896,4.296208,0.868325,4.248183,54.338223,71.781517,43.092270,65.448334,0.372119,0.386206,0.040123,0.052977,-0.124785
475439,0.120497,1.342677,-2.255181,0.136178,1.278098,-2.379966,0.834896,4.296208,0.868325,4.248183,54.338223,71.781517,43.092270,65.448334,0.372119,0.386206,0.040123,0.052977,-0.124785
475449,0.120497,1.342677,-2.255181,0.136178,1.278098,-2.379966,0.834896,4.296208,0.935357,4.298755,54.338223,71.781517,47.148693,69.770889,0.332992,0.343382,0.040123,0.052977,-0.124785
475459,0.120497,1.342677,-2.255181,0.136178,1.278098,-2.379966,0.834896,4.296208,0.935125,4.030876,54.338223,71.781517,47.839050,69.051537,0.327389,0.351122,0.040123,0.052977,-0.124785
475469,0.120497,1.342677,-2.255181,0.136178,1.278098,-2.379966,0.834896,4.296208,0.956711,3.908959,54.338223,71.781517,49.509007,70.079903,0.311655,0.341179,0.040123,0.052977,-0.124785
475481,0.088607,1.301625,-2.026959,0.106997,1.245586,-2.231755,0.864024,3.379017,0.910841,3.426049,60.839260,68.648811,47.912739,65.942322,0.396116,0.352263,0.042208,0.041195,-0.204796
475489,0.088607,1.301625,-2.026959,0.106997,1.245586,-2.231755,0.864024,3.379017,0.910841,3.426049,60.839260,68.648811,47.912739,65.942322,0.396116,0.352263,0.042208,0.041195,-0.204796
475499,0.088607,1.301625,-2.026959,0.106997,1.245586,-2.231755,0.864024,3.379017,0.975486,3.089630,60.839260,68.648811,52.838264,69.097443,0.348461,0.320622,0.042208,0.041195,-0.204796
475509,0.088607,1.301625,-2.026959,0.106997,1.245586,-2.231755,0.864024,3.379017,0.995027,2.806568,60.839260,68.648811,54.804428,69.573990,0.330006,0.315671,0.042208,0.041195,-0.204796
475519,0.088607,1.301625,-2.026959,0.106997,1.245586,-2.231755,0.864024,3.379017,0.972263,1.844065,60.839260,68.648811,55.914215,65.618607,0.319893,0.355831,0.042208,0.041195,-0.204796
475531,0.066858,1.254706,-1.912550,0.082056,1.209304,-2.119454,0.881852,2.576480,0.988308,1.778667,63.068184,66.009094,57.089127,66.449364,0.332428,0.320785,0.037683,0.029535,-0.206903
475539,0.066858,1.254706,-1.912550,0.082056,1.209304,-2.119454,0.881852,2.576480,0.988308,1.778667,63.068184,66.009094,57.089127,66.449364,0.332428,0.320785,0.037683,0.029535,-0.206903
475549,0.066858,1.254706,-1.912550,0.082056,1.209304,-2.119454,0.881852,2.576480,1.031954,2.945236,63.068184,66.009094,56.747475,72.246780,0.337108,0.261563,0.037683,0.029535,-0.206903
475559,0.066858,1.254706,-1.912550,0.082056,1.209304,-2.119454,0.881852,2.576480,1.046896,1.546836,63.068184,66.009094,61.360897,69.501122,0.291315,0.288322,0.037683,0.029535,-0.206903
475569,0.066858,1.254706,-1.912550,0.082056,1.209304,-2.119454,0.881852,2.576480,1.059469,1.404984,63.068184,66.009094,62.519913,69.913643,0.279835,0.283415,0.037683,0.029535,-0.206903
475581,0.054089,1.214824,-1.842072,0.061268,1.171667,-2.034837,0.875652,1.943975,1.046170,1.201617,64.793671,64.941269,62.223831,68.547340,0.300588,0.285047,0.039655,0.018481,-0.192765
475589,0.054089,1.214824,-1.842072,0.061268,1.171667,-2.034837,0.875652,1.943975,1.046170,1.201617,64.793671,64.941269,62.223831,68.547340,0.300588,0.285047,0.039655,0.018481,-0.192765
475599,0.054089,1.214824,-1.842072,0.061268,1.171667,-2.034837,0.875652,1.943975,1.037075,0.390184,64.793671,64.941269,63.790531,65.843872,0.285122,0.311901,0.039655,0.018481,-0.192765
475609,0.054089,1.214824,-1.842072,0.061268,1.171667,-2.034837,0.875652,1.943975,1.112194,0.845681,64.793671,64.941269,67.286926,71.737320,0.249659,0.251607,0.039655,0.018481,-0.192765
475619,0.054089,1.214824,-1.842072,0.061268,1.171667,-2.034837,0.875652,1.943975,1.079559,0.608080,64.793671,64.941269,65.872444,69.072464,0.263588,0.277429,0.039655,0.018481,-0.192765
475632,0.037056,1.151780,-1.845475,0.044375,1.134946,-1.971238,0.839396,1.462731,1.013644,0.332025,55.368320,56.724781,62.479107,64.226387,0.202413,0.241629,0.014217,0.011611,-0.125763
475639,0.037056,1.151780,-1.845475,0.044375,1.134946,-1.971238,0.839396,1.462731,1.013644,0.332025,55.368320,56.724781,62.479107,64.226387,0.202413,0.241629,0.014217,0.011611,-0.125763
475649,0.037056,1.151780,-1.845475,0.044375,1.134946,-1.971238,0.839396,1.462731,1.079410,0.279366,55.368320,56.724781,66.728035,68.198196,0.157651,0.199616,0.014217,0.011611,-0.125763
475659,0.037056,1.151780,-1.845475,0.044375,1.134946,-1.971238,0.839396,1.462731,1.069400,0.338533,55.368320,56.724781,65.946739,67.728271,0.163349,0.202115,0.014217,0.011611,-0.125763
475669,0.037056,1.151780,-1.845475,0.044375,1.134946,-1.971238,0.839396,1.462731,1.030483,0.905699,55.368320,56.724781,62.022095,66.788338,0.201264,0.209502,0.014217,0.011611,-0.125763
475681,0.022149,1.096920,-1.865679,0.031000,1.101064,-1.923650,0.772950,1.097803,0.975177,0.292935,44.826229,47.952614,60.177761,61.719330,0.109022,0.167427,-0.006538,0.007265,-0.057971
475689,0.022149,1.096920,-1.865679,0.031000,1.101064,-1.923650,0.772950,1.097803,0.975177,0.292935,44.826229,47.952614,60.177761,61.719330,0.109022,0.167427,-0.006538,0.007265,-0.057971
475699,0.022149,1.096920,-1.865679,0.031000,1.101064,-1.923650,0.772950,1.097803,1.003480,0.453427,44.826229,47.952614,61.524426,63.910587,0.092215,0.142322,-0.006538,0.007265,-0.057971
475709,0.022149,1.096920,-1.865679,0.031000,1.101064,-1.923650,0.772950,1.097803,0.983731,0.588466,44.826229,47.952614,59.934792,63.031593,0.105090,0.148097,-0.006538,0.007265,-0.057971
475719,0.022149,1.096920,-1.865679,0.031000,1.101064,-1.923650,0.772950,1.097803,0.954045,0.598611,44.826229,47.952614,58.052731,61.202923,0.121265,0.163733,-0.006538,0.007265,-0.057971
475731,0.011674,1.047772,-1.797099,0.020702,1.071468,-1.888400,0.680839,0.818213,0.842706,0.891936,35.080601,35.541248,50.322227,55.016041,0.095846,0.095142,-0.025117,0.003481,-0.091301
475739,0.011674,1.047772,-1.797099,0.020702,1.071468,-1.888400,0.680839,0.818213,0.842706,0.891936,35.080601,35.541248,50.322227,55.016041,0.095846,0.095142,-0.025117,0.003481,-0.091301
475749,0.011674,1.047772,-1.797099,0.020702,1.071468,-1.888400,0.680839,0.818213,0.870238,0.853951,35.080601,35.541248,52.142895,56.636810,0.074227,0.074715,-0.025117,0.003481,-0.091301
475759,0.011674,1.047772,-1.797099,0.020702,1.071468,-1.888400,0.680839,0.818213,0.841127,0.821991,35.080601,35.541248,50.407543,54.733269,0.088515,0.089912,-0.025117,0.003481,-0.091301
475769,0.011674,1.047772,-1.797099,0.020702,1.071468,-1.888400,0.680839,0.818213,0.812276,0.691623,35.080601,35.541248,48.947418,52.587082,0.100343,0.107965,-0.025117,0.003481,-0.091301
475781,0.005191,1.015232,-1.770352,0.013037,1.047088,-1.862813,0.570633,0.600874,0.721729,0.576701,26.363106,26.222862,43.590641,46.625530,0.060980,0.067377,-0.032780,0.001375,-0.092461
475789,0.005191,1.015232,-1.770352,0.013037,1.047088,-1.862813,0.570633,0.600874,0.721729,0.576701,26.363106,26.222862,43.590641,46.625530,0.060980,0.067377,-0.032780,0.001375,-0.092461
475799,0.005191,1.015232,-1.770352,0.013037,1.047088,-1.862813,0.570633,0.600874,0.729241,0.692188,26.363106,26.222862,43.756222,47.398861,0.055846,0.055409,-0.032780,0.001375,-0.092461
475809,0.005191,1.015232,-1.770352,0.013037,1.047088,-1.862813,0.570633,0.600874,0.709423,0.582407,26.363106,26.222862,42.806454,45.871368,0.062055,0.066754,-0.032780,0.001375,-0.092461
475819,0.005191,1.015232,-1.770352,0.013037,1.047088,-1.862813,0.570633,0.600874,0.662253,0.593513,26.363106,26.222862,39.829147,42.952507,0.089135,0.092597,-0.032780,0.001375,-0.092461
475831,-0.000444,0.985182,-1.747944,0.007558,1.028240,-1.844800,0.451439,0.429813,0.626921,0.499381,16.011110,15.520219,37.868584,40.496578,0.106439,0.114301,-0.043794,0.000289,-0.096856
475839,-0.000444,0.985182,-1.747944,0.007558,1.028240,-1.844800,0.451439,0.429813,0.584124,0.109751,16.011110,15.520219,36.218967,36.796532,0.015374,0.040020,-0.043794,0.000289,-0.096856
475849,-0.000444,0.985182,-1.747944,0.007558,1.028240,-1.844800,0.451439,0.429813,0.569896,0.506249,16.011110,15.520219,34.286438,36.950573,0.031044,0.034193,-0.043794,0.000289,-0.096856
475859,-0.000444,0.985182,-1.747944,0.007558,1.028240,-1.844800,0.451439,0.429813,0.531787,0.632910,16.011110,15.520219,31.571320,34.902008,0.055083,0.050803,-0.043794,0.000289,-0.096856
475869,-0.000444,0.985182,-1.747944,0.007558,1.028240,-1.844800,0.451439,0.429813,0.491009,0.325578,16.011110,15.520219,29.831364,31.544718,0.069719,0.081171,-0.043794,0.000289,-0.096856
475881,-0.004183,0.963501,-1.735325,0.003901,1.014922,-1.832883,0.332751,0.294373,0.478480,0.377418,6.309972,5.807648,28.911907,30.898067,0.076333,0.084562,-0.052051,-0.000448,-0.097558
475889,-0.004183,0.963501,-1.735325,0.003901,1.014922,-1.832883,0.332751,0.294373,0.446156,0.317559,6.309972,5.807648,27.049191,28.720346,-0.006199,0.004631,-0.052051,-0.000448,-0.097558
475899,-0.004183,0.963501,-1.735325,0.003901,1.014922,-1.832883,0.332751,0.294373,0.418959,0.267194,6.309972,5.807648,25.481901,26.888012,0.005640,0.018738,-0.052051,-0.000448,-0.097558
475909,-0.004183,0.963501,-1.735325,0.003901,1.014922,-1.832883,0.332751,0.294373,0.378650,0.431770,6.309972,5.807648,22.529554,24.801743,0.031919,0.035802,-0.052051,-0.000448,-0.097558
475919,-0.004183,0.963501,-1.735325,0.003901,1.014922,-1.832883,0.332751,0.294373,0.344734,0.156339,6.309972,5.807648,21.134537,21.957270,0.042904,0.061016,-0.052051,-0.000448,-0.097558
475931,-0.006006,0.948409,-1.713313,0.001663,1.006456,-1.825625,0.223227,0.187888,0.300208,0.268399,-2.304902,-2.900649,18.056805,19.469254,-0.019052,-0.008738,-0.058548,-0.000653,-0.112311
475939,-0.006006,0.948409,-1.713313,0.001663,1.006456,-1.825625,0.223227,0.187888,0.300208,0.268399,-2.304902,-2.900649,18.056805,19.469254,-0.019052,-0.008738,-0.058548,-0.000653,-0.112311
475949,-0.006006,0.948409,-1.713313,0.001663,1.006456,-1.825625,0.223227,0.187888,0.265664,0.122354,-2.304902,-2.900649,16.282080,16.925970,-0.005022,0.012729,-0.058548,-0.000653,-0.112311
475959,-0.006006,0.948409,-1.713313,0.001663,1.006456,-1.825625,0.223227,0.187888,0.236599,0.413377,-2.304902,-2.900649,13.699739,15.875138,0.017601,0.019482,-0.058548,-0.000653,-0.112311
475969,-0.006006,0.948409,-1.713313,0.001663,1.006456,-1.825625,0.223227,0.187888,0.207787,0.347816,-2.304902,-2.900649,12.071502,13.901882,0.031008,0.035854,-0.058548,-0.000653,-0.112311
475981,-0.006523,0.943679,-1.706038,0.000499,1.001951,-1.821857,0.130292,0.106338,0.155816,0.246238,-8.219419,-8.614338,9.090608,10.386433,-0.004283,0.007152,-0.058686,-0.000899,-0.115819
475989,-0.006523,0.943679,-1.706038,0.000499,1.001951,-1.821857,0.130292,0.106338,0.155816,0.246238,-8.219419,-8.614338,9.090608,10.386433,-0.004283,0.007152,-0.058686,-0.000899,-0.115819
475999,-0.006523,0.943679,-1.706038,0.000499,1.001951,-1.821857,0.130292,0.106338,0.135460,0.103708,-8.219419,-8.614338,8.193379,8.739143,0.001407,0.020155,-0.058686,-0.000899,-0.115819
476009,-0.006523,0.943679,-1.706038,0.000499,1.001951,-1.821857,0.130292,0.106338,0.113976,0.087260,-8.219419,-8.614338,6.893909,7.353114,0.011379,0.030821,-0.058686,-0.000899,-0.115819
476019,-0.006523,0.943679,-1.706038,0.000499,1.001951,-1.821857,0.130292,0.106338,0.095900,0.073421,-8.219419,-8.614338,5.800534,6.186909,0.019509,0.039523,-0.058686,-0.000899,-0.115819
476031,-0.006312,0.945513,-1.710099,0.000061,1.000240,-1.820443,0.059594,0.047859,0.067892,0.051978,-11.707390,-11.872379,4.106510,4.380045,-0.004214,0.018997,-0.055082,-0.001288,-0.110344
476039,-0.006312,0.945513,-1.710099,0.000061,1.000240,-1.820443,0.059594,0.047859,0.067892,0.051978,-11.707390,-11.872379,4.106510,4.380045,-0.004214,0.018997,-0.055082,-0.001288,-0.110344
476049,-0.006312,0.945513,-1.710099,0.000061,1.000240,-1.820443,0.059594,0.047859,0.057125,0.043735,-11.707390,-11.872379,3.455217,3.685369,-0.000733,0.022832,-0.055082,-0.001288,-0.110344
476059,-0.006312,0.945513,-1.710099,0.000061,1.000240,-1.820443,0.059594,0.047859,0.048065,0.036798,-11.707390,-11.872379,2.907219,3.100869,0.001824,0.025682,-0.055082,-0.001288,-0.110344
476069,-0.006312,0.945513,-1.710099,0.000061,1.000240,-1.820443,0.059594,0.047859,0.040442,0.030962,-11.707390,-11.872379,2.446134,2.609071,0.003604,0.027704,-0.055082,-0.001288,-0.110344
476081,-0.005974,0.948484,-1.707415,0.000000,1.000000,-1.820245,0.015251,0.012174,0.028631,0.021920,-13.613235,-13.658134,1.731749,1.847102,-0.014133,0.011552,-0.051850,-0.001098,-0.112830
476089,-0.005974,0.948484,-1.707415,0.000000,1.000000,-1.820245,0.015251,0.012174,0.028631,0.021920,-13.613235,-13.658134,1.731749,1.847102,-0.014133,0.011552,-0.051850,-0.001098,-0.112830
476099,-0.005974,0.948484,-1.707415,0.000000,1.000000,-1.820245,0.015251,0.012174,0.024090,0.018443,-13.613235,-13.658134,1.457094,1.554151,-0.014400,0.011439,-0.051850,-0.001098,-0.112830
476109,-0.005974,0.948484,-1.707415,0.000000,1.000000,-1.820245,0.015251,0.012174,0.020269,0.015518,-13.613235,-13.658134,1.225998,1.307662,-0.015057,0.010910,-0.051850,-0.001098,-0.112830
476119,-0.005974,0.948484,-1.707415,0.000000,1.000000,-1.820245,0.015251,0.012174,0.017055,0.013057,-13.613235,-13.658134,1.031555,1.100267,-0.016042,0.010033,-0.051850,-0.001098,-0.112830
476132,-0.006011,0.949700,-1.710560,0.000000,1.000000,-1.820245,0.015251,0.012174,0.012074,0.009244,-13.276010,-13.317878,0.730293,0.778938,-0.015354,0.010912,-0.050647,-0.001055,-0.109685
476139,-0.006011,0.949700,-1.710560,0.000000,1.000000,-1.820245,0.015251,0.012174,0.012074,0.009244,-13.276010,-13.317878,0.730293,0.778938,-0.015354,0.010912,-0.050647,-0.001055,-0.109685
476149,-0.006011,0.949700,-1.710560,0.000000,1.000000,-1.820245,0.015251,0.012174,0.010159,0.007778,-13.276010,-13.317878,0.614469,0.655398,-0.016974,0.009353,-0.050647,-0.001055,-0.109685
476159,-0.006011,0.949700,-1.710560,0.000000,1.000000,-1.820245,0.015251,0.012174,0.008548,0.006544,-13.276010,-13.317878,0.517014,0.551452,-0.018758,0.007619,-0.050647,-0.001055,-0.109685
476169,-0.006011,0.949700,-1.710560,0.000000,1.000000,-1.820245,0.015251,0.012174,0.007192,0.005506,-13.276010,-13.317878,0.435015,0.463992,-0.020680,0.005737,-0.050647,-0.001055,-0.109685
